Date,County,State,Vehicle Primary Use,Battery Electric Vehicles (BEVs),Plug-In Hybrid Electric Vehicles (PHEVs),Electric Vehicle (EV) Total,Non-Electric Vehicle Total,Total Vehicles,Percent Electric Vehicles
April 30 2020,Mason,WA,Truck,0,0,0,20531,20531,0.00
April 30 2020,Middlesex,MA,Passenger,1,1,2,101,103,1.94
April 30 2020,Monroe,IL,Passenger,1,0,1,4,5,20.00
April 30 2020,Moore,NC,Passenger,0,1,1,164,165,0.61
April 30 2020,Osceola,FL,Passenger,1,0,1,41,42,2.38
April 30 2020,Pend Oreille,WA,Passenger,8,6,14,9256,9270,0.15
April 30 2020,Pima,AZ,Passenger,3,1,4,355,359,1.11
April 30 2020,Putnam,TN,Passenger,0,1,1,3,4,25.00
February 29 2020,Valencia,NM,Passenger,1,0,1,5,6,16.67
February 29 2020,Ventura,CA,Passenger,0,3,3,300,303,0.99
February 29 2020,Yakima,WA,Passenger,122,116,238,165963,166201,0.14
March 31 2020,Ada,ID,Passenger,0,1,1,286,287,0.35
March 31 2020,Albemarle,VA,Passenger,1,0,1,22,23,4.35
March 31 2020,Benton,WA,Passenger,344,319,663,135172,135835,0.49
March 31 2020,Calvert,MD,Passenger,0,2,2,90,92,2.17
May 31 2020,Osceola,FL,Passenger,1,0,1,39,40,2.50
May 31 2020,Owyhee,ID,Passenger,1,0,1,3,4,25.00
May 31 2020,Palm Beach,FL,Passenger,0,1,1,76,77,1.30
May 31 2020,Penobscot,ME,Passenger,0,1,1,15,16,6.25
May 31 2020,Queens,NY,Passenger,1,0,1,51,52,1.92
April 30 2020,Tuolumne,CA,Passenger,0,1,1,10,11,9.09
April 30 2020,Valencia,NM,Passenger,1,0,1,5,6,16.67
April 30 2020,Washtenaw,MI,Passenger,1,0,1,36,37,2.70
April 30 2020,Yakima,WA,Passenger,129,115,244,165267,165511,0.15
May 31 2020,,,Passenger,5,1,6,401,407,1.47
May 31 2020,Albemarle,VA,Passenger,1,0,1,21,22,4.55
May 31 2020,Asotin,WA,Truck,0,0,0,6585,6585,0.00
April 30 2020,Travis,TX,Passenger,2,1,3,184,187,1.60
April 30 2020,Ventura,CA,Passenger,0,3,3,293,296,1.01
April 30 2020,Whitman,WA,Passenger,44,48,92,22313,22405,0.41
April 30 2020,Wilson,TX,Passenger,0,1,1,7,8,12.50
May 31 2020,Benton,WA,Truck,0,0,0,42473,42473,0.00
May 31 2020,Broward,FL,Passenger,2,1,3,113,116,2.59
May 31 2020,Whitman,WA,Passenger,45,48,93,22175,22268,0.42
May 31 2020,Yakima,WA,Truck,0,0,0,59574,59574,0.00
June 30 2020,,,Passenger,5,1,6,400,406,1.48
June 30 2020,Brevard,FL,Passenger,0,1,1,82,83,1.20
June 30 2020,Camden,NJ,Passenger,0,1,1,21,22,4.55
March 31 2020,Cascade,MT,Passenger,0,1,1,56,57,1.75
March 31 2020,Cowlitz,WA,Truck,0,0,0,28852,28852,0.00
March 31 2020,Dakota,MN,Passenger,0,1,1,32,33,3.03
March 31 2020,DeKalb,IN,Passenger,1,0,1,1,2,50.00
March 31 2020,Fulton,GA,Passenger,1,2,3,106,109,2.75
May 31 2020,Richland,SC,Passenger,0,1,1,160,161,0.62
May 31 2020,Rockingham,NH,Passenger,1,0,1,27,28,3.57
May 31 2020,Rogers,OK,Passenger,1,0,1,6,7,14.29
May 31 2020,St. Louis,MO,Passenger,1,0,1,99,100,1.00
May 31 2020,Stevens,WA,Truck,0,0,0,18598,18598,0.00
April 30 2020,Island,WA,Passenger,405,270,675,62860,63535,1.06
April 30 2020,Jefferson,WA,Truck,0,0,0,9532,9532,0.00
April 30 2020,Klickitat,WA,Passenger,53,41,94,15425,15519,0.61
May 31 2020,Sarasota,FL,Passenger,2,0,2,24,26,7.69
May 31 2020,Shelby,OH,Passenger,0,1,1,1,2,50.00
May 31 2020,Snohomish,WA,Truck,0,0,0,123363,123363,0.00
May 31 2020,Spokane,WA,Truck,1,0,1,97694,97695,0.00
May 31 2020,Stevens,WA,Passenger,34,33,67,30735,30802,0.22
May 31 2020,Wahkiakum,WA,Passenger,6,6,12,2965,2977,0.40
May 31 2020,Washtenaw,MI,Passenger,1,0,1,34,35,2.86
April 30 2020,Sarasota,FL,Passenger,2,0,2,24,26,7.69
April 30 2020,Snohomish,WA,Truck,0,0,0,123315,123315,0.00
April 30 2020,Spartanburg,SC,Passenger,0,1,1,49,50,2.00
April 30 2020,Twin Falls,ID,Passenger,0,1,1,28,29,3.45
April 30 2020,Vigo,IN,Passenger,1,0,1,5,6,16.67
April 30 2020,Wahkiakum,WA,Truck,0,0,0,1760,1760,0.00
April 30 2020,Washoe,NV,Passenger,1,0,1,106,107,0.93
April 30 2020,Whatcom,WA,Passenger,1058,491,1549,150147,151696,1.02
May 31 2020,Adams,WA,Passenger,8,7,15,12719,12734,0.12
May 31 2020,Arapahoe,CO,Passenger,1,0,1,133,134,0.75
May 31 2020,Benton,WA,Passenger,354,321,675,134172,134847,0.50
May 31 2020,Collin,TX,Passenger,1,1,2,121,123,1.63
May 31 2020,Columbia,WA,Truck,0,0,0,1523,1523,0.00
May 31 2020,Cowlitz,WA,Truck,0,0,0,28759,28759,0.00
May 31 2020,Deschutes,OR,Passenger,3,0,3,133,136,2.21
May 31 2020,Whitman,WA,Truck,0,0,0,8514,8514,0.00
May 31 2020,Williamson,TX,Passenger,0,2,2,135,137,1.46
June 30 2020,Alexandria,VA,Passenger,1,0,1,141,142,0.70
June 30 2020,Anne Arundel,MD,Passenger,0,1,1,417,418,0.24
June 30 2020,Benton,WA,Truck,0,0,0,42702,42702,0.00
May 31 2020,Cascade,MT,Passenger,0,1,1,56,57,1.75
May 31 2020,Chelan,WA,Truck,0,0,0,22436,22436,0.00
May 31 2020,Cowlitz,WA,Passenger,136,115,251,72364,72615,0.35
May 31 2020,Dakota,MN,Passenger,0,1,1,32,33,3.03
May 31 2020,Flathead,MT,Passenger,1,0,1,63,64,1.56
May 31 2020,Fulton,GA,Passenger,1,2,3,103,106,2.83
May 31 2020,Goochland,VA,Passenger,2,1,3,253,256,1.17
June 30 2020,Clark,NV,Passenger,2,3,5,678,683,0.73
June 30 2020,Collin,TX,Passenger,1,1,2,120,122,1.64
June 30 2020,Columbia,WA,Truck,0,0,0,1532,1532,0.00
June 30 2020,Denver,CO,Passenger,1,0,1,118,119,0.84
June 30 2020,Deschutes,OR,Passenger,3,0,3,132,135,2.22
June 30 2020,Douglas,WA,Truck,0,0,0,12305,12305,0.00
June 30 2020,Duval,FL,Passenger,0,2,2,363,365,0.55
June 30 2020,Gwinnett,GA,Passenger,1,0,1,73,74,1.35
March 31 2020,Houston,GA,Passenger,1,0,1,57,58,1.72
March 31 2020,Island,WA,Truck,1,0,1,21261,21262,0.00
March 31 2020,Jefferson,NY,Passenger,0,1,1,214,215,0.47
March 31 2020,King,WA,Passenger,23888,7720,31608,1397159,1428767,2.21
March 31 2020,Kootenai,ID,Passenger,1,1,2,226,228,0.88
March 31 2020,Lincoln,WA,Truck,0,0,0,4659,4659,0.00
March 31 2020,Mason,WA,Truck,0,0,0,20576,20576,0.00
May 31 2020,Boone,MO,Passenger,0,1,1,10,11,9.09
May 31 2020,Boulder,CO,Passenger,0,1,1,45,46,2.17
May 31 2020,Bucks,PA,Passenger,1,0,1,20,21,4.76
May 31 2020,Camden,NJ,Passenger,0,1,1,22,23,4.35
May 31 2020,Cape May,NJ,Passenger,0,1,1,13,14,7.14
May 31 2020,Clackamas,OR,Passenger,2,0,2,202,204,0.98
May 31 2020,Clark,NV,Passenger,3,3,6,677,683,0.88
May 31 2020,DeKalb,IN,Passenger,1,0,1,1,2,50.00
April 30 2020,Pacific,WA,Truck,0,0,0,7666,7666,0.00
April 30 2020,Pierce,WA,Passenger,2350,1683,4033,548882,552915,0.73
April 30 2020,Portsmouth,VA,Passenger,0,1,1,80,81,1.23
April 30 2020,Prince George's,MD,Passenger,1,1,2,162,164,1.22
April 30 2020,Randolph,NC,Passenger,1,0,1,7,8,12.50
April 30 2020,Sedgwick,KS,Passenger,1,1,2,93,95,2.11
April 30 2020,Skagit,WA,Passenger,397,215,612,91484,92096,0.66
June 30 2020,Alameda,CA,Passenger,2,0,2,267,269,0.74
June 30 2020,Albemarle,VA,Passenger,1,0,1,22,23,4.35
June 30 2020,Bexar,TX,Passenger,3,5,8,598,606,1.32
June 30 2020,Charles,MD,Passenger,1,1,2,75,77,2.60
June 30 2020,Chelan,WA,Passenger,231,78,309,54186,54495,0.57
June 30 2020,Clallam,WA,Truck,1,0,1,21757,21758,0.00
June 30 2020,Clay,FL,Passenger,0,1,1,82,83,1.20
May 31 2020,Franklin,WA,Truck,0,0,0,19869,19869,0.00
May 31 2020,Garfield,WA,Passenger,0,1,1,1347,1348,0.07
May 31 2020,Jones,GA,Passenger,1,0,1,1,2,50.00
May 31 2020,Kern,CA,Passenger,0,1,1,227,228,0.44
June 30 2020,Jefferson,WA,Passenger,236,139,375,24798,25173,1.49
June 30 2020,Lake,FL,Passenger,1,0,1,23,24,4.17
June 30 2020,Chelan,WA,Truck,0,0,0,22522,22522,0.00
June 30 2020,Cowlitz,WA,Passenger,138,115,253,72322,72575,0.35
June 30 2020,El Paso,TX,Passenger,3,0,3,423,426,0.70
June 30 2020,Flathead,MT,Passenger,1,0,1,60,61,1.64
June 30 2020,Fort Bend,TX,Passenger,1,0,1,47,48,2.08
June 30 2020,Garfield,WA,Truck,0,0,0,974,974,0.00
June 30 2020,Goochland,VA,Passenger,2,1,3,251,254,1.18
June 30 2020,Garfield,WA,Passenger,0,1,1,1352,1353,0.07
April 30 2020,St. Mary's,MD,Passenger,1,0,1,220,221,0.45
April 30 2020,Thurston,WA,Passenger,1141,729,1870,197508,199378,0.94
April 30 2020,Washington,OR,Passenger,1,0,1,445,446,0.22
March 31 2020,Montgomery,AL,Passenger,0,1,1,40,41,2.44
March 31 2020,Norfolk,VA,Passenger,2,2,4,355,359,1.11
March 31 2020,Pierce,WA,Truck,0,0,0,141599,141599,0.00
March 31 2020,Putnam,TN,Passenger,0,1,1,3,4,25.00
March 31 2020,Richmond,GA,Passenger,0,1,1,93,94,1.06
May 31 2020,Hamilton,IN,Passenger,1,0,1,40,41,2.44
May 31 2020,Harris,TX,Passenger,1,0,1,228,229,0.44
May 31 2020,Hawaii,HI,Passenger,1,0,1,56,57,1.75
May 31 2020,Island,WA,Passenger,409,270,679,62800,63479,1.07
May 31 2020,Island,WA,Truck,1,0,1,21133,21134,0.00
May 31 2020,Jefferson,NY,Passenger,0,1,1,212,213,0.47
May 31 2020,Kent,MI,Passenger,0,1,1,23,24,4.17
May 31 2020,Kootenai,ID,Passenger,1,0,1,221,222,0.45
May 31 2020,Lewis,WA,Passenger,99,108,207,58242,58449,0.35
May 31 2020,Duval,FL,Passenger,0,2,2,360,362,0.55
May 31 2020,Ferry,WA,Truck,0,0,0,3538,3538,0.00
May 31 2020,Franklin,WA,Passenger,58,75,133,60576,60709,0.22
May 31 2020,Harnett,NC,Passenger,1,0,1,204,205,0.49
May 31 2020,Honolulu,HI,Passenger,4,2,6,453,459,1.31
May 31 2020,Howard,MD,Passenger,0,1,1,73,74,1.35
May 31 2020,Kitsap,WA,Passenger,1314,678,1992,179655,181647,1.10
May 31 2020,Klickitat,WA,Truck,0,0,0,8122,8122,0.00
May 31 2020,Manassas,VA,Passenger,0,1,1,4,5,20.00
May 31 2020,Montgomery,TX,Passenger,1,0,1,53,54,1.85
May 31 2020,New London,CT,Passenger,1,2,3,249,252,1.19
May 31 2020,Orange,CA,Passenger,7,2,9,499,508,1.77
June 30 2020,Okaloosa,FL,Passenger,0,1,1,139,140,0.71
June 30 2020,Pacific,WA,Passenger,33,33,66,15757,15823,0.42
June 30 2020,Pacific,WA,Truck,0,0,0,7700,7700,0.00
June 30 2020,Palm Beach,FL,Passenger,0,1,1,75,76,1.32
June 30 2020,Pinal,AZ,Passenger,1,0,1,183,184,0.54
June 30 2020,Powhatan,VA,Passenger,1,0,1,0,1,100.00
June 30 2020,Prince William,VA,Passenger,2,3,5,220,225,2.22
June 30 2020,Richmond,GA,Passenger,0,1,1,88,89,1.12
June 30 2020,Rockingham,NH,Passenger,1,0,1,24,25,4.00
June 30 2020,Rogers,OK,Passenger,1,0,1,6,7,14.29
May 31 2020,Bexar,TX,Passenger,2,5,7,605,612,1.14
May 31 2020,Chesapeake,VA,Passenger,0,2,2,425,427,0.47
June 30 2020,King,WA,Truck,5,1,6,182177,182183,0.00
June 30 2020,Lake,IL,Passenger,1,0,1,162,163,0.61
June 30 2020,Lincoln,WA,Passenger,5,12,17,7625,7642,0.22
June 30 2020,Loudoun,VA,Passenger,1,0,1,86,87,1.15
June 30 2020,Manassas,VA,Passenger,0,1,1,3,4,25.00
June 30 2020,Greene,MO,Passenger,0,1,1,32,33,3.03
June 30 2020,Hamilton,IN,Passenger,1,0,1,41,42,2.38
June 30 2020,Harnett,NC,Passenger,1,0,1,204,205,0.49
June 30 2020,Harris,TX,Passenger,1,0,1,225,226,0.44
June 30 2020,Hawaii,HI,Passenger,1,0,1,56,57,1.75
June 30 2020,Honolulu,HI,Passenger,4,2,6,445,451,1.33
June 30 2020,Island,WA,Passenger,420,268,688,62802,63490,1.08
June 30 2020,Jefferson,WA,Truck,0,0,0,9534,9534,0.00
May 31 2020,Jefferson,WA,Truck,0,0,0,9511,9511,0.00
May 31 2020,Klamath,OR,Passenger,1,0,1,30,31,3.23
May 31 2020,Lincoln,WA,Truck,0,0,0,4618,4618,0.00
June 30 2020,Stevens,WA,Truck,0,0,0,18645,18645,0.00
June 30 2020,Suffolk,MA,Passenger,0,2,2,35,37,5.41
June 30 2020,Utah,UT,Passenger,0,1,1,130,131,0.76
July 31 2020,Ada,ID,Passenger,0,1,1,261,262,0.38
March 31 2020,Santa Cruz,CA,Passenger,1,0,1,38,39,2.56
March 31 2020,Shasta,CA,Passenger,1,0,1,38,39,2.56
March 31 2020,Shelby,TN,Passenger,0,1,1,89,90,1.11
March 31 2020,Skagit,WA,Truck,1,0,1,32555,32556,0.00
March 31 2020,Spartanburg,SC,Passenger,0,1,1,47,48,2.08
March 31 2020,Suffolk,MA,Passenger,0,2,2,37,39,5.13
March 31 2020,Tarrant,TX,Passenger,1,0,1,180,181,0.55
March 31 2020,Virginia Beach,VA,Passenger,1,0,1,691,692,0.14
March 31 2020,Whatcom,WA,Truck,3,0,3,43025,43028,0.01
March 31 2020,Yakima,WA,Truck,0,0,0,59598,59598,0.00
June 30 2020,Okanogan,WA,Truck,0,0,0,16442,16442,0.00
June 30 2020,Salt Lake,UT,Passenger,0,1,1,193,194,0.52
May 31 2020,Pacific,WA,Truck,0,0,0,7626,7626,0.00
May 31 2020,Powhatan,VA,Passenger,1,0,1,0,1,100.00
May 31 2020,Richmond,GA,Passenger,0,1,1,90,91,1.10
May 31 2020,Riverside,CA,Passenger,3,1,4,626,630,0.63
May 31 2020,Saginaw,MI,Passenger,1,0,1,10,11,9.09
May 31 2020,San Juan,WA,Truck,0,0,0,5861,5861,0.00
May 31 2020,Shasta,CA,Passenger,1,0,1,36,37,2.70
May 31 2020,Stafford,VA,Passenger,1,1,2,91,93,2.15
May 31 2020,Suffolk,MA,Passenger,0,2,2,35,37,5.41
May 31 2020,Montgomery,AL,Passenger,0,1,1,41,42,2.38
May 31 2020,San Juan,WA,Passenger,298,91,389,14062,14451,2.69
May 31 2020,Sedgwick,KS,Passenger,1,1,2,92,94,2.13
May 31 2020,DeKalb,GA,Passenger,1,0,1,79,80,1.25
May 31 2020,Douglas,WA,Passenger,69,40,109,27966,28075,0.39
May 31 2020,Frederick,MD,Passenger,1,1,2,75,77,2.60
May 31 2020,Grant,WA,Passenger,59,70,129,65209,65338,0.20
May 31 2020,Grays Harbor,WA,Truck,0,0,0,20771,20771,0.00
May 31 2020,Houston,GA,Passenger,1,0,1,55,56,1.79
May 31 2020,Ulster,NY,Passenger,1,0,1,7,8,12.50
May 31 2020,Valencia,NM,Passenger,1,0,1,5,6,16.67
June 30 2020,Ada,ID,Passenger,0,1,1,270,271,0.37
June 30 2020,Arlington,VA,Passenger,0,2,2,150,152,1.32
June 30 2020,Bartow,GA,Passenger,0,1,1,4,5,20.00
June 30 2020,Calvert,MD,Passenger,0,2,2,90,92,2.17
July 31 2020,Bartow,GA,Passenger,0,1,1,4,5,20.00
July 31 2020,Bexar,TX,Passenger,4,5,9,596,605,1.49
July 31 2020,Chesapeake,VA,Passenger,0,2,2,420,422,0.47
July 31 2020,DeKalb,GA,Passenger,1,0,1,76,77,1.30
May 31 2020,Mason,WA,Passenger,157,138,295,47185,47480,0.62
May 31 2020,Mason,WA,Truck,0,0,0,20507,20507,0.00
May 31 2020,Newport,RI,Passenger,1,0,1,84,85,1.18
May 31 2020,Norfolk,VA,Passenger,2,2,4,351,355,1.13
May 31 2020,Nueces,TX,Passenger,1,0,1,81,82,1.22
May 31 2020,Pierce,WA,Passenger,2353,1676,4029,547609,551638,0.73
May 31 2020,Pierce,WA,Truck,0,0,0,141315,141315,0.00
May 31 2020,Pinellas,FL,Passenger,1,1,2,109,111,1.80
May 31 2020,Portsmouth,VA,Passenger,0,1,1,77,78,1.28
May 31 2020,Putnam,TN,Passenger,0,1,1,3,4,25.00
April 30 2020,Asotin,WA,Passenger,16,12,28,12445,12473,0.22
April 30 2020,Boone,MO,Passenger,0,1,1,12,13,7.69
April 30 2020,Broward,FL,Passenger,3,1,4,115,119,3.36
April 30 2020,Camden,NJ,Passenger,0,2,2,21,23,8.70
June 30 2020,Tulsa,OK,Passenger,1,1,2,41,43,4.65
June 30 2020,Ulster,NY,Passenger,1,0,1,7,8,12.50
June 30 2020,Wahkiakum,WA,Passenger,6,6,12,2991,3003,0.40
July 31 2020,Benton,WA,Truck,0,0,0,42881,42881,0.00
June 30 2020,Mason,WA,Passenger,159,136,295,47277,47572,0.62
June 30 2020,Multnomah,OR,Passenger,4,7,11,711,722,1.52
June 30 2020,Nassau,NY,Passenger,4,0,4,29,33,12.12
June 30 2020,Newport,RI,Passenger,1,0,1,83,84,1.19
June 30 2020,Okanogan,WA,Passenger,36,33,69,25849,25918,0.27
June 30 2020,Osceola,FL,Passenger,1,0,1,38,39,2.56
June 30 2020,Penobscot,ME,Passenger,0,1,1,13,14,7.14
June 30 2020,Pierce,WA,Passenger,2382,1693,4075,549679,553754,0.74
June 30 2020,Pinellas,FL,Passenger,1,1,2,110,112,1.79
June 30 2020,Queens,NY,Passenger,1,0,1,50,51,1.96
April 30 2020,Douglas,WA,Truck,0,0,0,12268,12268,0.00
April 30 2020,DuPage,IL,Passenger,3,0,3,59,62,4.84
April 30 2020,El Paso,CO,Passenger,2,0,2,739,741,0.27
April 30 2020,Juneau,AK,Passenger,0,2,2,31,33,6.06
May 31 2020,St. Mary's,MD,Passenger,1,0,1,219,220,0.45
May 31 2020,Sumter,FL,Passenger,0,1,1,9,10,10.00
May 31 2020,Thurston,WA,Passenger,1136,732,1868,196839,198707,0.94
May 31 2020,Thurston,WA,Truck,0,0,0,55500,55500,0.00
May 31 2020,Washington,OR,Passenger,1,0,1,441,442,0.23
May 31 2020,Williams,ND,Passenger,0,1,1,11,12,8.33
May 31 2020,King,WA,Passenger,24021,7688,31709,1375031,1406740,2.25
May 31 2020,Kittitas,WA,Truck,0,0,0,14551,14551,0.00
May 31 2020,Middlesex,MA,Passenger,1,1,2,101,103,1.94
May 31 2020,Monroe,IL,Passenger,1,0,1,4,5,20.00
May 31 2020,Moore,NC,Passenger,0,1,1,163,164,0.61
June 30 2020,Charleston,SC,Passenger,1,0,1,105,106,0.94
June 30 2020,Clark,WA,Passenger,2014,1058,3072,317696,320768,0.96
June 30 2020,DeKalb,GA,Passenger,1,0,1,80,81,1.23
June 30 2020,District of Columbia,DC,Passenger,2,1,3,202,205,1.46
June 30 2020,Ferry,WA,Passenger,5,3,8,4330,4338,0.18
June 30 2020,Fresno,CA,Passenger,1,0,1,181,182,0.55
June 30 2020,Fulton,GA,Passenger,1,2,3,100,103,2.91
July 31 2020,Ferry,WA,Passenger,7,3,10,4330,4340,0.23
July 31 2020,Garfield,WA,Truck,0,0,0,988,988,0.00
July 31 2020,Guadalupe,TX,Passenger,1,0,1,60,61,1.64
July 31 2020,Hennepin,MN,Passenger,3,0,3,89,92,3.26
July 31 2020,Houston,GA,Passenger,1,0,1,55,56,1.79
July 31 2020,King,WA,Passenger,24908,7756,32664,1371238,1403902,2.33
July 31 2020,Kings,NY,Passenger,1,0,1,66,67,1.49
July 31 2020,Kittitas,WA,Passenger,104,47,151,29762,29913,0.50
June 30 2020,Carroll,NH,Passenger,0,1,1,4,5,20.00
June 30 2020,Clark,WA,Truck,0,0,0,82226,82226,0.00
June 30 2020,Dallas,TX,Passenger,1,0,1,196,197,0.51
June 30 2020,San Francisco,CA,Passenger,1,1,2,92,94,2.13
June 30 2020,Skagit,WA,Passenger,407,221,628,91157,91785,0.68
June 30 2020,Skamania,WA,Truck,0,0,0,4012,4012,0.00
June 30 2020,St. Mary's,MD,Passenger,1,0,1,222,223,0.45
June 30 2020,Twin Falls,ID,Passenger,0,1,1,24,25,4.00
June 30 2020,Vigo,IN,Passenger,1,0,1,5,6,16.67
June 30 2020,Wahkiakum,WA,Truck,0,0,0,1737,1737,0.00
June 30 2020,Walla Walla,WA,Truck,0,0,0,13744,13744,0.00
June 30 2020,Washington,OR,Passenger,1,0,1,435,436,0.23
June 30 2020,Washoe,NV,Passenger,1,0,1,103,104,0.96
April 30 2020,Kent,MI,Passenger,0,1,1,23,24,4.17
April 30 2020,Kitsap,WA,Truck,1,0,1,53914,53915,0.00
April 30 2020,Lewis,WA,Passenger,99,106,205,58653,58858,0.35
April 30 2020,New Haven,CT,Passenger,0,2,2,41,43,4.65
April 30 2020,Norfolk,VA,Passenger,2,2,4,353,357,1.12
April 30 2020,Nueces,TX,Passenger,1,0,1,82,83,1.20
July 31 2020,Chelan,WA,Truck,0,0,0,22629,22629,0.00
July 31 2020,Clark,WA,Passenger,2097,1066,3163,317973,321136,0.98
July 31 2020,Clark,WA,Truck,0,0,0,82428,82428,0.00
July 31 2020,Columbia,WA,Truck,0,0,0,1541,1541,0.00
July 31 2020,Denver,CO,Passenger,1,0,1,118,119,0.84
July 31 2020,District of Columbia,DC,Passenger,2,1,3,200,203,1.48
July 31 2020,El Paso,TX,Passenger,3,0,3,419,422,0.71
July 31 2020,Fresno,CA,Passenger,1,0,1,177,178,0.56
July 31 2020,Goochland,VA,Passenger,3,1,4,250,254,1.57
June 30 2020,Grant,WA,Truck,0,0,0,27087,27087,0.00
June 30 2020,Houston,GA,Passenger,1,0,1,56,57,1.75
June 30 2020,Jefferson,NY,Passenger,0,1,1,212,213,0.47
June 30 2020,Kent,MI,Passenger,0,1,1,23,24,4.17
June 30 2020,King,WA,Passenger,24113,7712,31825,1371099,1402924,2.27
June 30 2020,Larimer,CO,Passenger,1,0,1,52,53,1.89
May 31 2020,Okanogan,WA,Truck,0,0,0,16387,16387,0.00
May 31 2020,Pend Oreille,WA,Truck,0,0,0,5742,5742,0.00
May 31 2020,Pima,AZ,Passenger,3,1,4,347,351,1.14
May 31 2020,Placer,CA,Passenger,2,0,2,88,90,2.22
May 31 2020,Ramsey,MN,Passenger,1,0,1,39,40,2.50
May 31 2020,San Diego,CA,Passenger,14,6,20,2760,2780,0.72
May 31 2020,Suffolk,VA,Passenger,1,0,1,121,122,0.82
May 31 2020,Santa Cruz,CA,Passenger,1,0,1,35,36,2.78
May 31 2020,Skagit,WA,Passenger,400,216,616,91174,91790,0.67
May 31 2020,Skagit,WA,Truck,1,0,1,32391,32392,0.00
May 31 2020,Snohomish,WA,Passenger,4403,1748,6151,533890,540041,1.14
May 31 2020,Spartanburg,SC,Passenger,0,1,1,47,48,2.08
May 31 2020,Spokane,WA,Passenger,721,479,1200,315043,316243,0.38
May 31 2020,Twin Falls,ID,Passenger,0,1,1,26,27,3.70
May 31 2020,Vigo,IN,Passenger,1,0,1,5,6,16.67
May 31 2020,Wahkiakum,WA,Truck,0,0,0,1759,1759,0.00
May 31 2020,Washoe,NV,Passenger,1,0,1,105,106,0.94
May 31 2020,Whatcom,WA,Truck,3,0,3,42846,42849,0.01
June 30 2020,Adams,WA,Truck,0,0,0,5263,5263,0.00
July 31 2020,,,Passenger,5,1,6,395,401,1.50
June 30 2020,Denton,TX,Passenger,1,0,1,88,89,1.12
June 30 2020,Douglas,WA,Passenger,71,40,111,28004,28115,0.39
June 30 2020,Frederick,MD,Passenger,1,1,2,75,77,2.60
June 30 2020,Grant,WA,Passenger,59,71,130,65241,65371,0.20
June 30 2020,Grays Harbor,WA,Truck,0,0,0,20910,20910,0.00
July 31 2020,Kittitas,WA,Truck,0,0,0,14561,14561,0.00
July 31 2020,Larimer,CO,Passenger,1,0,1,52,53,1.89
July 31 2020,Lincoln,WA,Passenger,5,11,16,7649,7665,0.21
July 31 2020,Montgomery,PA,Passenger,1,0,1,29,30,3.33
July 31 2020,Nassau,NY,Passenger,4,0,4,29,33,12.12
July 31 2020,Okanogan,WA,Passenger,37,34,71,25924,25995,0.27
July 31 2020,Okanogan,WA,Truck,0,0,0,16489,16489,0.00
July 31 2020,Grays Harbor,WA,Truck,0,0,0,20981,20981,0.00
July 31 2020,Greene,MO,Passenger,0,1,1,33,34,2.94
July 31 2020,Gwinnett,GA,Passenger,1,0,1,70,71,1.41
July 31 2020,Klickitat,WA,Truck,0,0,0,8118,8118,0.00
July 31 2020,Lake,FL,Passenger,1,0,1,23,24,4.17
June 30 2020,Mason,WA,Truck,0,0,0,20604,20604,0.00
June 30 2020,Monroe,IL,Passenger,1,0,1,4,5,20.00
June 30 2020,Monterey,CA,Passenger,0,1,1,165,166,0.60
June 30 2020,Moore,NC,Passenger,0,2,2,163,165,1.21
June 30 2020,Nassau,FL,Passenger,1,0,1,36,37,2.70
June 30 2020,Norfolk,VA,Passenger,2,2,4,350,354,1.13
June 30 2020,Oldham,KY,Passenger,0,1,1,4,5,20.00
June 30 2020,Pima,AZ,Passenger,3,1,4,343,347,1.15
June 30 2020,Juneau,AK,Passenger,0,2,2,28,30,6.67
June 30 2020,Lee,FL,Passenger,1,0,1,50,51,1.96
June 30 2020,Maui,HI,Passenger,1,0,1,31,32,3.12
June 30 2020,Middlesex,MA,Passenger,1,1,2,99,101,1.98
June 30 2020,New Haven,CT,Passenger,0,2,2,38,40,5.00
June 30 2020,Asotin,WA,Passenger,16,12,28,12322,12350,0.23
June 30 2020,Asotin,WA,Truck,0,0,0,6637,6637,0.00
June 30 2020,Chesapeake,VA,Passenger,0,2,2,423,425,0.47
June 30 2020,DuPage,IL,Passenger,3,0,3,59,62,4.84
April 30 2020,Owyhee,ID,Passenger,1,0,1,3,4,25.00
April 30 2020,Palm Beach,FL,Passenger,0,1,1,76,77,1.30
April 30 2020,Rockingham,NH,Passenger,1,0,1,28,29,3.45
April 30 2020,Rogers,OK,Passenger,1,0,1,6,7,14.29
April 30 2020,Santa Cruz,CA,Passenger,1,0,1,38,39,2.56
April 30 2020,Snohomish,WA,Passenger,4401,1751,6152,535209,541361,1.14
April 30 2020,Spokane,WA,Passenger,711,473,1184,316319,317503,0.37
April 30 2020,St. Clair,IL,Passenger,1,0,1,141,142,0.70
April 30 2020,St. Louis,MO,Passenger,1,0,1,99,100,1.00
July 31 2020,Penobscot,ME,Passenger,0,1,1,14,15,6.67
July 31 2020,Queens,NY,Passenger,1,0,1,49,50,2.00
July 31 2020,Sacramento,CA,Passenger,1,0,1,265,266,0.38
July 31 2020,Santa Clara,CA,Passenger,8,2,10,286,296,3.38
July 31 2020,Shelby,TN,Passenger,0,1,1,85,86,1.16
July 31 2020,Suffolk,VA,Passenger,1,0,1,126,127,0.79
July 31 2020,Clallam,WA,Truck,1,0,1,21696,21697,0.00
July 31 2020,Contra Costa,CA,Passenger,4,3,7,312,319,2.19
July 31 2020,Deschutes,OR,Passenger,2,0,2,129,131,1.53
July 31 2020,Douglas,WA,Passenger,75,41,116,28053,28169,0.41
July 31 2020,Ferry,WA,Truck,0,0,0,3566,3566,0.00
July 31 2020,Frederick,MD,Passenger,1,1,2,75,77,2.60
July 31 2020,Middlesex,MA,Passenger,1,1,2,97,99,2.02
July 31 2020,Monroe,IL,Passenger,1,0,1,4,5,20.00
July 31 2020,Montgomery,OH,Passenger,0,1,1,48,49,2.04
July 31 2020,Moore,NC,Passenger,0,2,2,158,160,1.25
July 31 2020,Okaloosa,FL,Passenger,0,1,1,141,142,0.70
July 31 2020,Pima,AZ,Passenger,3,1,4,338,342,1.17
July 31 2020,Pinellas,FL,Passenger,1,1,2,109,111,1.80
July 31 2020,Polk,FL,Passenger,1,0,1,64,65,1.54
May 31 2020,Ventura,CA,Passenger,1,2,3,290,293,1.02
May 31 2020,Virginia Beach,VA,Passenger,1,0,1,679,680,0.15
May 31 2020,Yakima,WA,Passenger,131,117,248,165024,165272,0.15
June 30 2020,Adams,WA,Passenger,9,7,16,12786,12802,0.12
June 30 2020,Arapahoe,CO,Passenger,1,0,1,130,131,0.76
June 30 2020,Benton,WA,Passenger,359,321,680,134233,134913,0.50
June 30 2020,Putnam,TN,Passenger,0,1,1,3,4,25.00
June 30 2020,Sacramento,CA,Passenger,1,0,1,267,268,0.37
June 30 2020,Santa Cruz,CA,Passenger,1,0,1,33,34,2.94
June 30 2020,Sarasota,FL,Passenger,2,0,2,26,28,7.14
June 30 2020,Shelby,TN,Passenger,0,1,1,87,88,1.14
June 30 2020,Spartanburg,SC,Passenger,0,1,1,46,47,2.13
June 30 2020,St. Clair,IL,Passenger,1,0,1,139,140,0.71
June 30 2020,Travis,TX,Passenger,2,1,3,178,181,1.66
June 30 2020,Virginia Beach,VA,Passenger,1,0,1,676,677,0.15
April 30 2020,Yakima,WA,Truck,0,0,0,59518,59518,0.00
May 31 2020,Alameda,CA,Passenger,2,1,3,270,273,1.10
May 31 2020,Brevard,FL,Passenger,0,1,1,83,84,1.19
May 31 2020,Carroll,NH,Passenger,0,1,1,4,5,20.00
May 31 2020,Charles,MD,Passenger,1,1,2,74,76,2.63
May 31 2020,Clay,FL,Passenger,0,1,1,81,82,1.22
May 31 2020,Denton,TX,Passenger,1,0,1,90,91,1.10
May 31 2020,Douglas,NE,Passenger,0,1,1,54,55,1.82
June 30 2020,El Paso,CO,Passenger,2,0,2,731,733,0.27
June 30 2020,Erie,NY,Passenger,1,0,1,44,45,2.22
June 30 2020,Franklin,WA,Truck,0,0,0,19972,19972,0.00
June 30 2020,Guadalupe,TX,Passenger,1,0,1,64,65,1.54
June 30 2020,Jefferson,CO,Passenger,0,1,1,61,62,1.61
June 30 2020,Jones,GA,Passenger,1,0,1,1,2,50.00
June 30 2020,Kern,CA,Passenger,0,1,1,226,227,0.44
June 30 2020,Kitsap,WA,Truck,0,0,0,54070,54070,0.00
June 30 2020,Kittitas,WA,Truck,0,0,0,14588,14588,0.00
July 31 2020,Harrison,MS,Passenger,1,0,1,54,55,1.82
July 31 2020,Klickitat,WA,Passenger,56,43,99,15115,15214,0.65
July 31 2020,Lake,IL,Passenger,1,0,1,162,163,0.61
July 31 2020,Manassas,VA,Passenger,0,1,1,4,5,20.00
July 31 2020,Maricopa,AZ,Passenger,5,7,12,1397,1409,0.85
July 31 2020,San Mateo,CA,Passenger,0,1,1,109,110,0.91
July 31 2020,Sarasota,FL,Passenger,2,0,2,25,27,7.41
July 31 2020,Stevens,WA,Passenger,37,35,72,30629,30701,0.23
July 31 2020,Stevens,WA,Truck,0,0,0,18672,18672,0.00
July 31 2020,Twin Falls,ID,Passenger,0,1,1,22,23,4.35
July 31 2020,Vigo,IN,Passenger,1,0,1,5,6,16.67
July 31 2020,Wahkiakum,WA,Truck,0,0,0,1742,1742,0.00
July 31 2020,Washoe,NV,Passenger,1,0,1,100,101,0.99
June 30 2020,Pend Oreille,WA,Passenger,7,6,13,9242,9255,0.14
June 30 2020,Pend Oreille,WA,Truck,0,0,0,5761,5761,0.00
June 30 2020,Placer,CA,Passenger,2,0,2,90,92,2.17
June 30 2020,RÃ­o Grande,PR,Passenger,1,0,1,1,2,50.00
June 30 2020,Ramsey,MN,Passenger,1,0,1,39,40,2.50
June 30 2020,San Diego,CA,Passenger,14,6,20,2778,2798,0.71
June 30 2020,Skamania,WA,Passenger,31,17,48,8481,8529,0.56
June 30 2020,Boone,MO,Passenger,0,1,1,10,11,9.09
June 30 2020,Boulder,CO,Passenger,0,1,1,43,44,2.27
June 30 2020,Broward,FL,Passenger,2,1,3,109,112,2.68
June 30 2020,Bucks,PA,Passenger,1,0,1,19,20,5.00
June 30 2020,Cape May,NJ,Passenger,0,1,1,13,14,7.14
June 30 2020,Cascade,MT,Passenger,0,1,1,54,55,1.82
June 30 2020,Clallam,WA,Passenger,228,168,396,50090,50486,0.78
June 30 2020,Cowlitz,WA,Truck,0,0,0,28867,28867,0.00
June 30 2020,Dakota,MN,Passenger,0,1,1,33,34,2.94
June 30 2020,DeKalb,IN,Passenger,1,0,1,1,2,50.00
June 30 2020,Fairfax,VA,Passenger,4,3,7,732,739,0.95
July 31 2020,Maui,HI,Passenger,1,0,1,32,33,3.03
July 31 2020,Prince George's,MD,Passenger,1,1,2,154,156,1.28
July 31 2020,Randolph,NC,Passenger,1,0,1,7,8,12.50
June 30 2020,Whitman,WA,Passenger,44,48,92,22140,22232,0.41
June 30 2020,Yakima,WA,Truck,0,0,0,59897,59897,0.00
July 31 2020,Alameda,CA,Passenger,2,0,2,263,265,0.75
July 31 2020,Arlington,VA,Passenger,0,2,2,149,151,1.32
July 31 2020,Boone,MO,Passenger,0,1,1,10,11,9.09
July 31 2020,Boulder,CO,Passenger,0,1,1,44,45,2.22
July 31 2020,Bradley,TN,Passenger,1,0,1,3,4,25.00
July 31 2020,Bucks,PA,Passenger,1,0,1,20,21,4.76
July 31 2020,Camden,NJ,Passenger,0,1,1,22,23,4.35
July 31 2020,Cape May,NJ,Passenger,0,1,1,13,14,7.14
July 31 2020,Charles,MD,Passenger,1,1,2,76,78,2.56
July 31 2020,Charleston,SC,Passenger,2,0,2,100,102,1.96
July 31 2020,Travis,TX,Passenger,2,1,3,171,174,1.72
July 31 2020,Ventura,CA,Passenger,1,2,3,286,289,1.04
July 31 2020,Virginia Beach,VA,Passenger,1,0,1,675,676,0.15
July 31 2020,Walla Walla,WA,Truck,0,0,0,13753,13753,0.00
July 31 2020,Whitman,WA,Passenger,45,49,94,22124,22218,0.42
July 31 2020,Whitman,WA,Truck,0,0,0,8507,8507,0.00
July 31 2020,Williamson,TX,Passenger,0,2,2,133,135,1.48
July 31 2020,Wilson,TX,Passenger,0,1,1,5,6,16.67
August 31 2020,Allegheny,PA,Passenger,1,0,1,69,70,1.43
August 31 2020,Arlington,VA,Passenger,0,2,2,149,151,1.32
August 31 2020,Benton,WA,Truck,0,0,0,43024,43024,0.00
June 30 2020,Lewis,WA,Passenger,102,111,213,58177,58390,0.36
June 30 2020,Montgomery,TX,Passenger,1,0,1,51,52,1.92
June 30 2020,New London,CT,Passenger,1,2,3,250,253,1.19
June 30 2020,Nueces,TX,Passenger,1,0,1,82,83,1.20
June 30 2020,Owyhee,ID,Passenger,1,0,1,3,4,25.00
August 31 2020,Ada,ID,Passenger,0,1,1,256,257,0.39
August 31 2020,Boone,MO,Passenger,0,1,1,10,11,9.09
August 31 2020,Calvert,MD,Passenger,0,2,2,87,89,2.25
August 31 2020,Camden,NJ,Passenger,0,1,1,22,23,4.35
August 31 2020,Clackamas,OR,Passenger,2,0,2,188,190,1.05
August 31 2020,Contra Costa,CA,Passenger,4,3,7,309,316,2.22
May 31 2020,Jefferson,WA,Passenger,233,141,374,24825,25199,1.48
May 31 2020,King,WA,Truck,5,1,6,181419,181425,0.00
May 31 2020,Lee,FL,Passenger,1,0,1,50,51,1.96
May 31 2020,Lincoln,WA,Passenger,4,12,16,7641,7657,0.21
May 31 2020,Loudoun,VA,Passenger,1,0,1,89,90,1.11
July 31 2020,San Diego,CA,Passenger,14,5,19,2781,2800,0.68
July 31 2020,Sedgwick,KS,Passenger,1,1,2,96,98,2.04
July 31 2020,Thurston,WA,Passenger,1176,743,1919,197174,199093,0.96
July 31 2020,Washtenaw,MI,Passenger,1,0,1,36,37,2.70
July 31 2020,Clark,NV,Passenger,2,3,5,673,678,0.74
July 31 2020,Clay,FL,Passenger,0,1,1,83,84,1.19
July 31 2020,Douglas,WA,Truck,0,0,0,12349,12349,0.00
July 31 2020,DuPage,IL,Passenger,3,0,3,59,62,4.84
July 31 2020,Duval,FL,Passenger,0,2,2,365,367,0.54
June 30 2020,Howard,MD,Passenger,0,1,1,74,75,1.33
June 30 2020,Island,WA,Truck,1,0,1,21209,21210,0.00
June 30 2020,Kitsap,WA,Passenger,1332,686,2018,179819,181837,1.11
June 30 2020,Klickitat,WA,Truck,0,0,0,8103,8103,0.00
June 30 2020,Kootenai,ID,Passenger,1,0,1,217,218,0.46
August 31 2020,Bradley,TN,Passenger,1,0,1,1,2,50.00
August 31 2020,Carson City,NV,Passenger,1,0,1,10,11,9.09
August 31 2020,Charleston,SC,Passenger,2,0,2,99,101,1.98
August 31 2020,Clark,WA,Passenger,2135,1076,3211,318261,321472,1.00
August 31 2020,Cumberland,NC,Passenger,0,3,3,462,465,0.65
August 31 2020,District of Columbia,DC,Passenger,2,1,3,197,200,1.50
August 31 2020,DeKalb,IN,Passenger,1,0,1,1,2,50.00
August 31 2020,Douglas,CO,Passenger,0,1,1,79,80,1.25
August 31 2020,Ferry,WA,Truck,0,0,0,3579,3579,0.00
August 31 2020,Franklin,WA,Passenger,66,77,143,60799,60942,0.23
August 31 2020,Hennepin,MN,Passenger,3,0,3,88,91,3.30
August 31 2020,Asotin,WA,Truck,0,0,0,6665,6665,0.00
August 31 2020,Chesapeake,VA,Passenger,0,2,2,421,423,0.47
August 31 2020,Collin,TX,Passenger,1,1,2,121,123,1.63
May 31 2020,Montgomery,PA,Passenger,1,0,1,30,31,3.23
May 31 2020,Pacific,WA,Passenger,31,33,64,15706,15770,0.41
May 31 2020,Pend Oreille,WA,Passenger,7,6,13,9216,9229,0.14
May 31 2020,Pinal,AZ,Passenger,1,0,1,187,188,0.53
May 31 2020,Prince William,VA,Passenger,2,3,5,219,224,2.23
May 31 2020,RÃ­o Grande,PR,Passenger,1,0,1,1,2,50.00
June 30 2020,Portsmouth,VA,Passenger,0,1,1,77,78,1.28
June 30 2020,Richland,SC,Passenger,0,1,1,160,161,0.62
June 30 2020,Saginaw,MI,Passenger,1,0,1,10,11,9.09
June 30 2020,San Juan,WA,Truck,0,0,0,5853,5853,0.00
June 30 2020,Snohomish,WA,Passenger,4435,1765,6200,534554,540754,1.15
June 30 2020,Spokane,WA,Passenger,730,487,1217,315476,316693,0.38
June 30 2020,St. Louis,MO,Passenger,1,0,1,97,98,1.02
June 30 2020,Stafford,VA,Passenger,1,1,2,91,93,2.15
June 30 2020,Suffolk,VA,Passenger,1,0,1,126,127,0.79
June 30 2020,Walla Walla,WA,Passenger,73,62,135,35832,35967,0.38
June 30 2020,Whatcom,WA,Passenger,1064,500,1564,149257,150821,1.04
June 30 2020,Yakima,WA,Passenger,132,119,251,165358,165609,0.15
July 31 2020,Adams,WA,Passenger,9,7,16,12866,12882,0.12
July 31 2020,Adams,WA,Truck,0,0,0,5283,5283,0.00
July 31 2020,Albemarle,VA,Passenger,1,0,1,21,22,4.55
July 31 2020,Anne Arundel,MD,Passenger,0,1,1,412,413,0.24
July 31 2020,Arapahoe,CO,Passenger,1,0,1,129,130,0.77
July 31 2020,Asotin,WA,Truck,0,0,0,6652,6652,0.00
June 30 2020,Lincoln,WA,Truck,0,0,0,4624,4624,0.00
June 30 2020,Montgomery,AL,Passenger,0,1,1,41,42,2.38
June 30 2020,Montgomery,OH,Passenger,0,1,1,48,49,2.04
June 30 2020,Orange,CA,Passenger,7,2,9,501,510,1.76
June 30 2020,Pierce,WA,Truck,0,0,0,142161,142161,0.00
June 30 2020,Polk,FL,Passenger,1,0,1,64,65,1.54
August 31 2020,Juneau,AK,Passenger,0,1,1,27,28,3.57
August 31 2020,Kittitas,WA,Passenger,110,47,157,29766,29923,0.52
August 31 2020,Klamath,OR,Passenger,1,0,1,29,30,3.33
August 31 2020,Lincoln,WA,Truck,0,0,0,4652,4652,0.00
August 31 2020,Maui,HI,Passenger,1,0,1,30,31,3.23
August 31 2020,Montgomery,AL,Passenger,0,1,1,41,42,2.38
August 31 2020,Columbia,WA,Truck,0,0,0,1526,1526,0.00
August 31 2020,DeKalb,GA,Passenger,1,0,1,77,78,1.28
August 31 2020,Franklin,WA,Truck,0,0,0,20187,20187,0.00
August 31 2020,Grays Harbor,WA,Truck,0,0,0,21032,21032,0.00
July 31 2020,Jefferson,WA,Passenger,249,142,391,24738,25129,1.56
July 31 2020,Kent,MI,Passenger,0,1,1,23,24,4.17
July 31 2020,Kitsap,WA,Truck,0,0,0,54149,54149,0.00
July 31 2020,Lewis,WA,Passenger,107,115,222,58139,58361,0.38
August 31 2020,Fresno,CA,Passenger,1,0,1,174,175,0.57
August 31 2020,Fulton,GA,Passenger,1,2,3,100,103,2.91
August 31 2020,Goochland,VA,Passenger,3,2,5,245,250,2.00
August 31 2020,Grays Harbor,WA,Passenger,111,116,227,48353,48580,0.47
August 31 2020,Hamilton,IN,Passenger,1,0,1,40,41,2.44
August 31 2020,Harris,TX,Passenger,1,0,1,215,216,0.46
August 31 2020,Jefferson,NY,Passenger,0,1,1,212,213,0.47
August 31 2020,Kent,MI,Passenger,0,1,1,24,25,4.00
August 31 2020,Lake,IL,Passenger,1,0,1,160,161,0.62
August 31 2020,New Haven,CT,Passenger,0,2,2,35,37,5.41
August 31 2020,San Juan,WA,Passenger,320,100,420,13930,14350,2.93
July 31 2020,Nassau,FL,Passenger,1,0,1,35,36,2.78
July 31 2020,Norfolk,VA,Passenger,2,2,4,352,356,1.12
July 31 2020,Nueces,TX,Passenger,1,0,1,83,84,1.19
July 31 2020,Palm Beach,FL,Passenger,0,1,1,76,77,1.30
July 31 2020,Pinal,AZ,Passenger,1,0,1,179,180,0.56
July 31 2020,Prince William,VA,Passenger,2,3,5,223,228,2.19
June 30 2020,Valencia,NM,Passenger,1,0,1,5,6,16.67
June 30 2020,Ventura,CA,Passenger,1,2,3,285,288,1.04
June 30 2020,Whitman,WA,Truck,0,0,0,8508,8508,0.00
June 30 2020,Williamson,TX,Passenger,0,2,2,136,138,1.45
July 31 2020,Allegheny,PA,Passenger,1,0,1,70,71,1.41
July 31 2020,Benton,WA,Passenger,373,321,694,134310,135004,0.51
July 31 2020,Brevard,FL,Passenger,0,1,1,84,85,1.18
May 31 2020,Skamania,WA,Passenger,30,16,46,8525,8571,0.54
May 31 2020,Solano,CA,Passenger,1,0,1,210,211,0.47
May 31 2020,Tulsa,OK,Passenger,1,1,2,42,44,4.55
May 31 2020,Utah,UT,Passenger,0,1,1,132,133,0.75
May 31 2020,Whatcom,WA,Passenger,1060,497,1557,149309,150866,1.03
May 31 2020,Wilson,TX,Passenger,0,1,1,6,7,14.29
June 30 2020,Allegheny,PA,Passenger,1,0,1,69,70,1.43
July 31 2020,Clackamas,OR,Passenger,2,0,2,195,197,1.02
July 31 2020,DeKalb,IN,Passenger,1,0,1,1,2,50.00
July 31 2020,Erie,NY,Passenger,1,0,1,46,47,2.13
July 31 2020,Franklin,WA,Passenger,65,79,144,60783,60927,0.24
July 31 2020,Franklin,WA,Truck,0,0,0,20095,20095,0.00
July 31 2020,Garfield,WA,Passenger,0,1,1,1351,1352,0.07
June 30 2020,Riverside,CA,Passenger,3,1,4,620,624,0.64
June 30 2020,San Mateo,CA,Passenger,0,1,1,111,112,0.89
June 30 2020,Shasta,CA,Passenger,1,0,1,36,37,2.70
June 30 2020,Shelby,OH,Passenger,0,1,1,1,2,50.00
June 30 2020,Skagit,WA,Truck,1,0,1,32472,32473,0.00
June 30 2020,Stevens,WA,Passenger,36,33,69,30654,30723,0.22
June 30 2020,Sumter,FL,Passenger,0,1,1,9,10,10.00
June 30 2020,Thurston,WA,Truck,0,0,0,55746,55746,0.00
August 31 2020,Jones,GA,Passenger,1,0,1,1,2,50.00
August 31 2020,Kern,CA,Passenger,0,1,1,223,224,0.45
August 31 2020,Kitsap,WA,Passenger,1401,699,2100,179648,181748,1.16
August 31 2020,Kittitas,WA,Truck,0,0,0,14555,14555,0.00
August 31 2020,Klickitat,WA,Truck,0,0,0,8106,8106,0.00
August 31 2020,Middlesex,MA,Passenger,1,1,2,96,98,2.04
August 31 2020,Monroe,IL,Passenger,1,0,1,4,5,20.00
August 31 2020,Montgomery,TX,Passenger,1,0,1,50,51,1.96
August 31 2020,Moore,NC,Passenger,0,2,2,155,157,1.27
August 31 2020,Santa Clara,CA,Passenger,8,2,10,276,286,3.50
August 31 2020,Sedgwick,KS,Passenger,1,1,2,89,91,2.20
August 31 2020,Shelby,TN,Passenger,0,1,1,84,85,1.18
August 31 2020,St. Clair,IL,Passenger,1,0,1,142,143,0.70
August 31 2020,Thurston,WA,Passenger,1195,752,1947,197128,199075,0.98
August 31 2020,Yakima,WA,Truck,0,0,0,60422,60422,0.00
June 30 2020,Carson City,NV,Passenger,1,0,1,10,11,9.09
June 30 2020,Clackamas,OR,Passenger,2,0,2,201,203,0.99
June 30 2020,Columbia,WA,Passenger,4,3,7,2415,2422,0.29
June 30 2020,Contra Costa,CA,Passenger,3,3,6,320,326,1.84
July 31 2020,Rockingham,NH,Passenger,1,0,1,23,24,4.17
July 31 2020,Rogers,OK,Passenger,1,0,1,5,6,16.67
July 31 2020,Santa Cruz,CA,Passenger,1,0,1,32,33,3.03
July 31 2020,Snohomish,WA,Passenger,4584,1775,6359,535619,541978,1.17
July 31 2020,Tulsa,OK,Passenger,1,1,2,40,42,4.76
July 31 2020,Wahkiakum,WA,Passenger,6,6,12,3001,3013,0.40
July 31 2020,Carroll,NH,Passenger,0,1,1,4,5,20.00
July 31 2020,Carson City,NV,Passenger,1,0,1,10,11,9.09
July 31 2020,Cascade,MT,Passenger,0,1,1,54,55,1.82
July 31 2020,Columbia,WA,Passenger,4,3,7,2418,2425,0.29
July 31 2020,Cowlitz,WA,Truck,0,0,0,28878,28878,0.00
July 31 2020,Cumberland,NC,Passenger,0,3,3,466,469,0.64
July 31 2020,Dakota,MN,Passenger,0,1,1,33,34,2.94
July 31 2020,Douglas,NE,Passenger,0,1,1,50,51,1.96
July 31 2020,Fairbanks North Star,AK,Passenger,0,1,1,98,99,1.01
July 31 2020,Fulton,GA,Passenger,1,2,3,101,104,2.88
June 30 2020,Whatcom,WA,Truck,3,0,3,43006,43009,0.01
June 30 2020,Williams,ND,Passenger,0,1,1,11,12,8.33
July 31 2020,Asotin,WA,Passenger,16,12,28,12379,12407,0.23
July 31 2020,Broward,FL,Passenger,2,1,3,107,110,2.73
July 31 2020,Calvert,MD,Passenger,0,2,2,89,91,2.20
August 31 2020,Lewis,WA,Passenger,112,117,229,58207,58436,0.39
August 31 2020,Lewis,WA,Truck,0,0,0,26360,26360,0.00
August 31 2020,Los Angeles,CA,Passenger,8,11,19,983,1002,1.90
August 31 2020,Maricopa,AZ,Passenger,5,8,13,1359,1372,0.95
August 31 2020,Mason,WA,Passenger,162,134,296,47407,47703,0.62
August 31 2020,Mason,WA,Truck,0,0,0,20779,20779,0.00
August 31 2020,Morris,NJ,Passenger,1,0,1,18,19,5.26
August 31 2020,Nassau,FL,Passenger,1,0,1,36,37,2.70
August 31 2020,Newport,RI,Passenger,1,0,1,82,83,1.20
August 31 2020,Norfolk,VA,Passenger,2,2,4,349,353,1.13
August 31 2020,Nueces,TX,Passenger,1,0,1,83,84,1.19
July 31 2020,Harnett,NC,Passenger,1,0,1,200,201,0.50
July 31 2020,Honolulu,HI,Passenger,4,2,6,444,450,1.33
July 31 2020,Howard,MD,Passenger,0,1,1,71,72,1.39
July 31 2020,Jefferson,CO,Passenger,0,1,1,59,60,1.67
July 31 2020,Kern,CA,Passenger,0,1,1,225,226,0.44
July 31 2020,Kitsap,WA,Passenger,1378,696,2074,179888,181962,1.14
July 31 2020,Klamath,OR,Passenger,1,0,1,30,31,3.23
July 31 2020,Lincoln,WA,Truck,0,0,0,4661,4661,0.00
July 31 2020,Loudoun,VA,Passenger,1,0,1,84,85,1.18
September 30 2020,,,Passenger,5,1,6,387,393,1.53
September 30 2020,Boone,MO,Passenger,0,1,1,10,11,9.09
September 30 2020,Camden,NJ,Passenger,0,1,1,23,24,4.17
September 30 2020,Clark,WA,Truck,0,0,0,82868,82868,0.00
July 31 2020,Williams,ND,Passenger,0,1,1,11,12,8.33
August 31 2020,Asotin,WA,Passenger,17,14,31,12357,12388,0.25
August 31 2020,Brevard,FL,Passenger,0,1,1,81,82,1.22
August 31 2020,New London,CT,Passenger,1,2,3,244,247,1.21
August 31 2020,Okaloosa,FL,Passenger,0,1,1,142,143,0.70
August 31 2020,Orange,CA,Passenger,6,2,8,484,492,1.63
August 31 2020,Pacific,WA,Truck,0,0,0,7725,7725,0.00
August 31 2020,Pend Oreille,WA,Truck,0,0,0,5748,5748,0.00
August 31 2020,Pima,AZ,Passenger,3,1,4,333,337,1.19
August 31 2020,Placer,CA,Passenger,2,0,2,85,87,2.30
August 31 2020,Ramsey,MN,Passenger,1,0,1,37,38,2.63
August 31 2020,Riverside,CA,Passenger,3,0,3,610,613,0.49
August 31 2020,Saginaw,MI,Passenger,1,0,1,9,10,10.00
August 31 2020,San Juan,WA,Truck,0,0,0,5837,5837,0.00
August 31 2020,Stafford,VA,Passenger,1,1,2,90,92,2.17
June 30 2020,Cumberland,NC,Passenger,0,3,3,465,468,0.64
June 30 2020,Douglas,NE,Passenger,0,1,1,52,53,1.89
June 30 2020,Fairbanks North Star,AK,Passenger,0,1,1,99,100,1.00
June 30 2020,Ferry,WA,Truck,0,0,0,3553,3553,0.00
June 30 2020,Franklin,WA,Passenger,60,76,136,60647,60783,0.22
June 30 2020,Grays Harbor,WA,Passenger,106,111,217,48141,48358,0.45
June 30 2020,Harrison,MS,Passenger,1,0,1,56,57,1.75
June 30 2020,Hennepin,MN,Passenger,3,0,3,85,88,3.41
August 31 2020,Denver,CO,Passenger,1,0,1,116,117,0.85
August 31 2020,Douglas,WA,Truck,0,0,0,12336,12336,0.00
August 31 2020,El Paso,CO,Passenger,2,0,2,726,728,0.27
August 31 2020,El Paso,TX,Passenger,3,0,3,416,419,0.72
August 31 2020,Garfield,WA,Truck,0,0,0,994,994,0.00
August 31 2020,Guadalupe,TX,Passenger,1,0,1,60,61,1.64
August 31 2020,Gwinnett,GA,Passenger,1,0,1,72,73,1.37
July 31 2020,Montgomery,AL,Passenger,0,1,1,42,43,2.33
July 31 2020,New London,CT,Passenger,1,2,3,245,248,1.21
July 31 2020,Orange,CA,Passenger,7,2,9,491,500,1.80
July 31 2020,Richland,SC,Passenger,0,1,1,155,156,0.64
July 31 2020,Riverside,CA,Passenger,3,1,4,611,615,0.65
July 31 2020,Salt Lake,UT,Passenger,0,1,1,181,182,0.55
July 31 2020,San Juan,WA,Passenger,311,94,405,13959,14364,2.82
July 31 2020,Chelan,WA,Passenger,240,82,322,54231,54553,0.59
July 31 2020,Clallam,WA,Passenger,237,169,406,50054,50460,0.80
July 31 2020,Denton,TX,Passenger,1,0,1,89,90,1.11
July 31 2020,El Paso,CO,Passenger,2,0,2,734,736,0.27
July 31 2020,Fairfax,VA,Passenger,4,3,7,740,747,0.94
July 31 2020,Grant,WA,Truck,0,0,0,27179,27179,0.00
July 31 2020,Grant,WA,Passenger,61,75,136,65287,65423,0.21
July 31 2020,Grays Harbor,WA,Passenger,109,112,221,48281,48502,0.46
July 31 2020,Island,WA,Truck,1,0,1,21232,21233,0.00
July 31 2020,Jefferson,NY,Passenger,0,1,1,212,213,0.47
July 31 2020,Kootenai,ID,Passenger,1,0,1,215,216,0.46
July 31 2020,Lewis,WA,Truck,0,0,0,26283,26283,0.00
July 31 2020,Los Angeles,CA,Passenger,7,11,18,981,999,1.80
September 30 2020,Denver,CO,Passenger,1,0,1,115,116,0.86
September 30 2020,Deschutes,OR,Passenger,1,0,1,124,125,0.80
September 30 2020,Douglas,WA,Passenger,79,45,124,28043,28167,0.44
September 30 2020,Douglas,WA,Truck,0,0,0,12377,12377,0.00
September 30 2020,El Dorado,CA,Passenger,1,0,1,33,34,2.94
September 30 2020,Frederick,MD,Passenger,1,1,2,72,74,2.70
September 30 2020,Grant,WA,Passenger,67,80,147,65586,65733,0.22
September 30 2020,Gwinnett,GA,Passenger,1,0,1,69,70,1.43
August 31 2020,Putnam,TN,Passenger,0,1,1,3,4,25.00
August 31 2020,Santa Cruz,CA,Passenger,1,0,1,33,34,2.94
August 31 2020,Sarasota,FL,Passenger,2,0,2,23,25,8.00
August 31 2020,Snohomish,WA,Passenger,4646,1782,6428,536093,542521,1.18
August 31 2020,Snohomish,WA,Truck,0,0,0,124599,124599,0.00
August 31 2020,Spartanburg,SC,Passenger,0,1,1,48,49,2.04
August 31 2020,Twin Falls,ID,Passenger,0,1,1,22,23,4.35
August 31 2020,Vigo,IN,Passenger,1,0,1,5,6,16.67
August 31 2020,Wahkiakum,WA,Passenger,6,6,12,3028,3040,0.39
August 31 2020,Wahkiakum,WA,Truck,0,0,0,1745,1745,0.00
August 31 2020,Suffolk,VA,Passenger,1,0,1,124,125,0.80
August 31 2020,Valencia,NM,Passenger,1,0,1,6,7,14.29
August 31 2020,Ventura,CA,Passenger,1,2,3,286,289,1.04
August 31 2020,Yakima,WA,Passenger,146,122,268,166133,166401,0.16
September 30 2020,Adams,WA,Passenger,8,7,15,12919,12934,0.12
September 30 2020,Arapahoe,CO,Passenger,1,0,1,129,130,0.77
September 30 2020,Arlington,VA,Passenger,0,2,2,147,149,1.34
September 30 2020,Bartow,GA,Passenger,0,1,1,4,5,20.00
July 31 2020,Juneau,AK,Passenger,0,1,1,29,30,3.33
July 31 2020,King,WA,Truck,7,1,8,182959,182967,0.00
July 31 2020,Lee,FL,Passenger,1,0,1,50,51,1.96
September 30 2020,Juneau,AK,Passenger,0,1,1,28,29,3.45
September 30 2020,Lake,FL,Passenger,1,0,1,24,25,4.00
September 30 2020,Maui,HI,Passenger,1,0,1,29,30,3.33
July 31 2020,San Juan,WA,Truck,0,0,0,5843,5843,0.00
July 31 2020,Solano,CA,Passenger,1,0,1,211,212,0.47
July 31 2020,Stafford,VA,Passenger,1,1,2,90,92,2.17
July 31 2020,Sumter,FL,Passenger,0,1,1,9,10,10.00
July 31 2020,Thurston,WA,Truck,0,0,0,55900,55900,0.00
July 31 2020,Ulster,NY,Passenger,1,0,1,7,8,12.50
July 31 2020,New Haven,CT,Passenger,0,2,2,36,38,5.26
July 31 2020,Oldham,KY,Passenger,0,1,1,4,5,20.00
July 31 2020,Owyhee,ID,Passenger,1,0,1,3,4,25.00
July 31 2020,RÃ­o Grande,PR,Passenger,1,0,1,1,2,50.00
June 30 2020,Kittitas,WA,Passenger,99,47,146,29806,29952,0.49
June 30 2020,Klamath,OR,Passenger,1,0,1,30,31,3.23
June 30 2020,Klickitat,WA,Passenger,53,41,94,15173,15267,0.62
June 30 2020,Lewis,WA,Truck,0,0,0,26207,26207,0.00
June 30 2020,Los Angeles,CA,Passenger,7,11,18,984,1002,1.80
June 30 2020,Maricopa,AZ,Passenger,5,7,12,1405,1417,0.85
June 30 2020,Montgomery,PA,Passenger,1,0,1,30,31,3.23
August 31 2020,Jefferson,WA,Passenger,249,144,393,24653,25046,1.57
August 31 2020,King,WA,Truck,5,1,6,183319,183325,0.00
August 31 2020,Lake,FL,Passenger,1,0,1,23,24,4.17
August 31 2020,Lincoln,WA,Passenger,5,11,16,7626,7642,0.21
August 31 2020,Washoe,NV,Passenger,1,0,1,100,101,0.99
August 31 2020,Washtenaw,MI,Passenger,1,0,1,36,37,2.70
September 30 2020,Asotin,WA,Passenger,17,14,31,12399,12430,0.25
September 30 2020,Bexar,TX,Passenger,4,5,9,581,590,1.53
September 30 2020,New Haven,CT,Passenger,0,2,2,34,36,5.56
September 30 2020,Palm Beach,FL,Passenger,0,1,1,74,75,1.33
September 30 2020,Powhatan,VA,Passenger,1,0,1,0,1,100.00
September 30 2020,Richmond,GA,Passenger,0,1,1,85,86,1.16
September 30 2020,Rockingham,NH,Passenger,1,0,1,24,25,4.00
September 30 2020,Rogers,OK,Passenger,1,0,1,5,6,16.67
September 30 2020,San Diego,CA,Passenger,15,5,20,2760,2780,0.72
September 30 2020,Bradley,TN,Passenger,1,0,1,1,2,50.00
September 30 2020,Bucks,PA,Passenger,1,0,1,19,20,5.00
September 30 2020,Cape May,NJ,Passenger,0,1,1,11,12,8.33
September 30 2020,Charleston,SC,Passenger,2,0,2,95,97,2.06
September 30 2020,Clallam,WA,Passenger,245,173,418,49883,50301,0.83
September 30 2020,Clark,WA,Passenger,2174,1098,3272,318437,321709,1.02
September 30 2020,DeKalb,GA,Passenger,1,0,1,77,78,1.28
September 30 2020,District of Columbia,DC,Passenger,2,1,3,194,197,1.52
July 31 2020,Mason,WA,Truck,0,0,0,20714,20714,0.00
July 31 2020,Monterey,CA,Passenger,0,1,1,164,165,0.61
July 31 2020,Morris,NJ,Passenger,1,0,1,17,18,5.56
July 31 2020,New York,NY,Passenger,1,0,1,58,59,1.69
July 31 2020,Pacific,WA,Passenger,33,33,66,15768,15834,0.42
July 31 2020,Pend Oreille,WA,Passenger,7,5,12,9244,9256,0.13
July 31 2020,Pierce,WA,Truck,0,0,0,142927,142927,0.00
July 31 2020,Powhatan,VA,Passenger,1,0,1,0,1,100.00
July 31 2020,Putnam,TN,Passenger,0,1,1,3,4,25.00
July 31 2020,Richmond,GA,Passenger,0,1,1,86,87,1.15
August 31 2020,Montgomery,PA,Passenger,1,0,1,27,28,3.57
August 31 2020,Owyhee,ID,Passenger,1,0,1,3,4,25.00
August 31 2020,Pacific,WA,Passenger,32,33,65,15711,15776,0.41
August 31 2020,Palm Beach,FL,Passenger,0,1,1,75,76,1.32
August 31 2020,Penobscot,ME,Passenger,0,1,1,14,15,6.67
August 31 2020,Pinal,AZ,Passenger,1,0,1,180,181,0.55
August 31 2020,Prince William,VA,Passenger,2,2,4,223,227,1.76
August 31 2020,Queens,NY,Passenger,1,0,1,49,50,2.00
August 31 2020,Rockingham,NH,Passenger,1,0,1,23,24,4.17
August 31 2020,Rogers,OK,Passenger,1,0,1,5,6,16.67
September 30 2020,Chelan,WA,Passenger,260,80,340,54306,54646,0.62
September 30 2020,Chesapeake,VA,Passenger,0,3,3,419,422,0.71
September 30 2020,El Paso,CO,Passenger,2,0,2,726,728,0.27
June 30 2020,Prince George's,MD,Passenger,1,1,2,161,163,1.23
June 30 2020,Randolph,NC,Passenger,1,0,1,6,7,14.29
June 30 2020,San Joaquin,CA,Passenger,1,0,1,127,128,0.78
June 30 2020,San Juan,WA,Passenger,302,93,395,13968,14363,2.75
June 30 2020,Santa Clara,CA,Passenger,7,2,9,300,309,2.91
June 30 2020,Sedgwick,KS,Passenger,1,1,2,92,94,2.13
June 30 2020,Snohomish,WA,Truck,0,0,0,123941,123941,0.00
June 30 2020,Solano,CA,Passenger,1,0,1,213,214,0.47
September 30 2020,Stevens,WA,Truck,0,0,0,18704,18704,0.00
September 30 2020,Suffolk,MA,Passenger,0,2,2,34,36,5.56
October 31 2020,Adams,WA,Passenger,8,7,15,12937,12952,0.12
October 31 2020,Arapahoe,CO,Passenger,1,0,1,124,125,0.80
October 31 2020,Asotin,WA,Truck,0,0,0,6683,6683,0.00
August 31 2020,Broward,FL,Passenger,2,1,3,108,111,2.70
August 31 2020,Cascade,MT,Passenger,0,1,1,54,55,1.82
August 31 2020,Chelan,WA,Passenger,248,80,328,54176,54504,0.60
August 31 2020,Chelan,WA,Truck,0,0,0,22678,22678,0.00
August 31 2020,Clallam,WA,Passenger,239,171,410,49945,50355,0.81
August 31 2020,Columbia,WA,Passenger,3,3,6,2423,2429,0.25
September 30 2020,Fairfax,VA,Passenger,4,3,7,736,743,0.94
September 30 2020,Ferry,WA,Passenger,8,3,11,4305,4316,0.25
September 30 2020,Fresno,CA,Passenger,1,0,1,175,176,0.57
September 30 2020,Grant,WA,Truck,0,0,0,27306,27306,0.00
September 30 2020,Howard,IN,Passenger,0,1,1,3,4,25.00
September 30 2020,Howard,MD,Passenger,0,1,1,65,66,1.52
October 31 2020,Bartow,GA,Passenger,0,1,1,4,5,20.00
October 31 2020,Chesapeake,VA,Passenger,0,3,3,412,415,0.72
October 31 2020,Clackamas,OR,Passenger,2,0,2,188,190,1.05
October 31 2020,DeKalb,GA,Passenger,1,0,1,74,75,1.33
July 31 2020,Shelby,OH,Passenger,0,1,1,1,2,50.00
July 31 2020,Skamania,WA,Passenger,31,19,50,8428,8478,0.59
July 31 2020,Spokane,WA,Passenger,753,491,1244,316460,317704,0.39
July 31 2020,St. Clair,IL,Passenger,1,0,1,138,139,0.72
July 31 2020,St. Louis,MO,Passenger,1,0,1,97,98,1.02
July 31 2020,Walla Walla,WA,Passenger,77,65,142,35905,36047,0.39
July 31 2020,Yakima,WA,Truck,0,0,0,60203,60203,0.00
August 31 2020,Adams,WA,Truck,0,0,0,5303,5303,0.00
August 31 2020,Alameda,CA,Passenger,2,0,2,266,268,0.75
August 31 2020,Anne Arundel,MD,Passenger,0,1,1,400,401,0.25
June 30 2020,Spokane,WA,Truck,1,0,1,98334,98335,0.00
June 30 2020,Thurston,WA,Passenger,1144,735,1879,196918,198797,0.95
June 30 2020,Washtenaw,MI,Passenger,1,0,1,36,37,2.70
June 30 2020,Wilson,TX,Passenger,0,1,1,5,6,16.67
July 31 2020,Alexandria,VA,Passenger,2,0,2,139,141,1.42
September 30 2020,King,WA,Truck,5,1,6,183677,183683,0.00
September 30 2020,Kings,NY,Passenger,1,0,1,65,66,1.52
September 30 2020,Kittitas,WA,Truck,0,0,0,14597,14597,0.00
September 30 2020,Lincoln,WA,Passenger,5,10,15,7596,7611,0.20
August 31 2020,St. Louis,MO,Passenger,1,0,1,96,97,1.03
August 31 2020,Stevens,WA,Truck,0,0,0,18653,18653,0.00
August 31 2020,Utah,UT,Passenger,0,1,1,129,130,0.77
August 31 2020,Whitman,WA,Truck,0,0,0,8480,8480,0.00
August 31 2020,Williamson,TX,Passenger,0,2,2,127,129,1.55
August 31 2020,Wilson,TX,Passenger,0,1,1,5,6,16.67
September 30 2020,Allegheny,PA,Passenger,1,0,1,66,67,1.49
September 30 2020,Anne Arundel,MD,Passenger,1,1,2,400,402,0.50
September 30 2020,Benton,WA,Truck,0,0,0,43090,43090,0.00
August 31 2020,Carroll,NH,Passenger,0,1,1,5,6,16.67
August 31 2020,Charles,MD,Passenger,1,1,2,76,78,2.56
August 31 2020,Clark,WA,Truck,0,0,0,82715,82715,0.00
August 31 2020,Clay,FL,Passenger,0,1,1,82,83,1.20
August 31 2020,Denton,TX,Passenger,1,0,1,90,91,1.10
August 31 2020,Douglas,NE,Passenger,0,1,1,49,50,2.00
September 30 2020,Kitsap,WA,Passenger,1427,713,2140,179663,181803,1.18
September 30 2020,Klickitat,WA,Truck,0,0,0,8106,8106,0.00
September 30 2020,Larimer,CO,Passenger,1,0,1,53,54,1.85
September 30 2020,Leavenworth,KS,Passenger,0,1,1,125,126,0.79
September 30 2020,Monroe,IL,Passenger,1,0,1,3,4,25.00
September 30 2020,Montgomery,OH,Passenger,0,1,1,47,48,2.08
September 30 2020,Moore,NC,Passenger,0,1,1,157,158,0.63
September 30 2020,Nassau,FL,Passenger,1,0,1,36,37,2.70
July 31 2020,San Joaquin,CA,Passenger,1,0,1,125,126,0.79
July 31 2020,Shasta,CA,Passenger,1,0,1,38,39,2.56
July 31 2020,Skagit,WA,Truck,1,0,1,32594,32595,0.00
July 31 2020,Snohomish,WA,Truck,0,0,0,124342,124342,0.00
July 31 2020,Spartanburg,SC,Passenger,0,1,1,47,48,2.08
July 31 2020,Spokane,WA,Truck,1,0,1,98986,98987,0.00
July 31 2020,Suffolk,MA,Passenger,0,2,2,36,38,5.26
July 31 2020,Utah,UT,Passenger,0,1,1,132,133,0.75
July 31 2020,Whatcom,WA,Passenger,1091,501,1592,149341,150933,1.05
July 31 2020,Whatcom,WA,Truck,3,0,3,43155,43158,0.01
August 31 2020,Adams,WA,Passenger,9,7,16,12869,12885,0.12
August 31 2020,Alexandria,VA,Passenger,2,0,2,135,137,1.46
August 31 2020,Arapahoe,CO,Passenger,1,0,1,130,131,0.76
September 30 2020,Carson City,NV,Passenger,1,0,1,10,11,9.09
September 30 2020,Clackamas,OR,Passenger,2,0,2,187,189,1.06
September 30 2020,Cumberland,NC,Passenger,0,3,3,460,463,0.65
September 30 2020,Douglas,NE,Passenger,0,1,1,48,49,2.04
September 30 2020,Okanogan,WA,Truck,0,0,0,16545,16545,0.00
September 30 2020,Owyhee,ID,Passenger,1,0,1,3,4,25.00
September 30 2020,Portsmouth,VA,Passenger,0,1,1,75,76,1.32
July 31 2020,Collin,TX,Passenger,1,1,2,121,123,1.63
July 31 2020,Cowlitz,WA,Passenger,146,117,263,72236,72499,0.36
July 31 2020,Dallas,TX,Passenger,1,0,1,190,191,0.52
August 31 2020,Cowlitz,WA,Passenger,152,120,272,72133,72405,0.38
August 31 2020,Dakota,MN,Passenger,0,1,1,34,35,2.86
August 31 2020,Fairbanks North Star,AK,Passenger,0,1,1,98,99,1.01
August 31 2020,Fairfax,VA,Passenger,4,3,7,747,754,0.93
August 31 2020,Flathead,MT,Passenger,1,0,1,56,57,1.75
August 31 2020,Harrison,MS,Passenger,1,0,1,56,57,1.75
August 31 2020,Hawaii,HI,Passenger,1,0,1,54,55,1.82
August 31 2020,Island,WA,Passenger,434,273,707,62804,63511,1.11
August 31 2020,Island,WA,Truck,1,0,1,21225,21226,0.00
August 31 2020,DuPage,IL,Passenger,3,0,3,58,61,4.92
August 31 2020,Erie,NY,Passenger,1,0,1,46,47,2.13
August 31 2020,Greene,MO,Passenger,0,1,1,33,34,2.94
August 31 2020,Jefferson,CO,Passenger,0,1,1,58,59,1.69
August 31 2020,Kauai,HI,Passenger,1,0,1,13,14,7.14
August 31 2020,Kitsap,WA,Truck,0,0,0,54179,54179,0.00
August 31 2020,Bartow,GA,Passenger,0,1,1,4,5,20.00
August 31 2020,Boulder,CO,Passenger,0,1,1,41,42,2.38
August 31 2020,Bucks,PA,Passenger,1,0,1,20,21,4.76
August 31 2020,Cape May,NJ,Passenger,0,1,1,13,14,7.14
August 31 2020,Clark,NV,Passenger,2,3,5,667,672,0.74
August 31 2020,Dallas,TX,Passenger,1,0,1,188,189,0.53
July 31 2020,Flathead,MT,Passenger,1,0,1,56,57,1.75
July 31 2020,Fort Bend,TX,Passenger,1,0,1,46,47,2.13
July 31 2020,Hamilton,IN,Passenger,1,0,1,41,42,2.38
July 31 2020,Harris,TX,Passenger,1,0,1,219,220,0.45
July 31 2020,Hawaii,HI,Passenger,1,0,1,55,56,1.79
July 31 2020,Island,WA,Passenger,430,272,702,62865,63567,1.10
August 31 2020,Klickitat,WA,Passenger,57,42,99,15044,15143,0.65
August 31 2020,Kootenai,ID,Passenger,1,0,1,214,215,0.47
August 31 2020,Montgomery,OH,Passenger,0,1,1,47,48,2.08
August 31 2020,New York,NY,Passenger,1,0,1,57,58,1.72
August 31 2020,Lee,FL,Passenger,1,0,1,48,49,2.04
August 31 2020,Loudoun,VA,Passenger,1,0,1,83,84,1.19
August 31 2020,Pend Oreille,WA,Passenger,8,5,13,9228,9241,0.14
September 30 2020,Spokane,WA,Passenger,797,513,1310,318799,320109,0.41
September 30 2020,St. Louis,MO,Passenger,1,0,1,96,97,1.03
September 30 2020,Suffolk,VA,Passenger,1,0,1,124,125,0.80
September 30 2020,Ventura,CA,Passenger,1,2,3,280,283,1.06
September 30 2020,Whitman,WA,Truck,0,0,0,8497,8497,0.00
September 30 2020,Williamson,TX,Passenger,0,2,2,126,128,1.56
October 31 2020,Allegheny,PA,Passenger,1,0,1,66,67,1.49
October 31 2020,Ferry,WA,Passenger,8,3,11,4351,4362,0.25
October 31 2020,Franklin,WA,Passenger,73,78,151,61106,61257,0.25
October 31 2020,Franklin,WA,Truck,0,0,0,20374,20374,0.00
October 31 2020,Hennepin,MN,Passenger,2,0,2,83,85,2.35
October 31 2020,Howard,MD,Passenger,0,1,1,64,65,1.54
October 31 2020,Kern,CA,Passenger,0,1,1,221,222,0.45
October 31 2020,Kitsap,WA,Passenger,1465,730,2195,179724,181919,1.21
October 31 2020,Kittitas,WA,Passenger,121,49,170,29704,29874,0.57
October 31 2020,Kittitas,WA,Truck,0,0,0,14628,14628,0.00
October 31 2020,Klamath,OR,Passenger,1,0,1,29,30,3.33
September 30 2020,Oldham,KY,Passenger,0,1,1,4,5,20.00
September 30 2020,Orange,CA,Passenger,5,3,8,474,482,1.66
September 30 2020,Pima,AZ,Passenger,3,1,4,331,335,1.19
September 30 2020,Polk,FL,Passenger,1,0,1,60,61,1.64
September 30 2020,Riverside,CA,Passenger,3,0,3,608,611,0.49
September 30 2020,Sacramento,CA,Passenger,1,0,1,254,255,0.39
September 30 2020,San Mateo,CA,Passenger,0,1,1,106,107,0.93
September 30 2020,Sarasota,FL,Passenger,2,0,2,24,26,7.69
September 30 2020,Shelby,OH,Passenger,0,1,1,1,2,50.00
September 30 2020,Stafford,VA,Passenger,1,1,2,92,94,2.13
September 30 2020,Stevens,WA,Passenger,35,38,73,30418,30491,0.24
September 30 2020,Sumter,FL,Passenger,0,1,1,11,12,8.33
September 30 2020,Ferry,WA,Truck,0,0,0,3579,3579,0.00
September 30 2020,Franklin,WA,Passenger,68,76,144,60932,61076,0.24
September 30 2020,Goochland,VA,Passenger,3,2,5,242,247,2.02
September 30 2020,Grays Harbor,WA,Passenger,115,116,231,48477,48708,0.47
September 30 2020,Greene,MO,Passenger,0,1,1,32,33,3.03
September 30 2020,Hamilton,IN,Passenger,1,0,1,38,39,2.56
September 30 2020,Harnett,NC,Passenger,1,0,1,195,196,0.51
September 30 2020,Harris,TX,Passenger,1,0,1,220,221,0.45
September 30 2020,Honolulu,HI,Passenger,5,2,7,431,438,1.60
September 30 2020,Jefferson,WA,Truck,0,0,0,9542,9542,0.00
August 31 2020,Duval,FL,Passenger,0,2,2,359,361,0.55
August 31 2020,Ferry,WA,Passenger,7,3,10,4309,4319,0.23
August 31 2020,Fort Bend,TX,Passenger,1,0,1,46,47,2.13
August 31 2020,Grant,WA,Truck,0,0,0,27239,27239,0.00
August 31 2020,Harnett,NC,Passenger,1,0,1,200,201,0.50
July 31 2020,Jefferson,WA,Truck,0,0,0,9543,9543,0.00
July 31 2020,Jones,GA,Passenger,1,0,1,1,2,50.00
July 31 2020,Mason,WA,Passenger,160,135,295,47375,47670,0.62
July 31 2020,Montgomery,TX,Passenger,1,0,1,51,52,1.92
July 31 2020,Multnomah,OR,Passenger,4,7,11,708,719,1.53
July 31 2020,Newport,RI,Passenger,1,0,1,81,82,1.22
August 31 2020,RÃ­o Grande,PR,Passenger,1,0,1,1,2,50.00
August 31 2020,Richland,SC,Passenger,0,1,1,152,153,0.65
August 31 2020,Salt Lake,UT,Passenger,0,2,2,182,184,1.09
August 31 2020,Skamania,WA,Passenger,31,21,52,8376,8428,0.62
August 31 2020,Solano,CA,Passenger,1,0,1,211,212,0.47
August 31 2020,Tulsa,OK,Passenger,1,1,2,40,42,4.76
October 31 2020,Larimer,CO,Passenger,1,0,1,52,53,1.89
October 31 2020,Lincoln,WA,Passenger,5,10,15,7610,7625,0.20
October 31 2020,Loudoun,VA,Passenger,1,0,1,81,82,1.22
October 31 2020,Montgomery,PA,Passenger,1,0,1,25,26,3.85
October 31 2020,New London,CT,Passenger,1,2,3,242,245,1.22
October 31 2020,Orange,CA,Passenger,5,3,8,470,478,1.67
September 30 2020,Thurston,WA,Truck,0,0,0,56142,56142,0.00
September 30 2020,Travis,TX,Passenger,2,1,3,170,173,1.73
September 30 2020,Whitman,WA,Passenger,47,47,94,21998,22092,0.43
October 31 2020,Asotin,WA,Passenger,17,14,31,12402,12433,0.25
October 31 2020,Boone,MO,Passenger,0,1,1,10,11,9.09
August 31 2020,Honolulu,HI,Passenger,4,2,6,436,442,1.36
August 31 2020,Howard,IN,Passenger,0,1,1,3,4,25.00
August 31 2020,Howard,MD,Passenger,0,1,1,70,71,1.41
August 31 2020,Jefferson,WA,Truck,0,0,0,9540,9540,0.00
August 31 2020,Larimer,CO,Passenger,1,0,1,52,53,1.89
October 31 2020,Benton,WA,Truck,0,0,0,43071,43071,0.00
October 31 2020,Carroll,NH,Passenger,0,1,1,5,6,16.67
October 31 2020,Carson City,NV,Passenger,1,0,1,11,12,8.33
October 31 2020,Clark,WA,Passenger,2212,1121,3333,318865,322198,1.03
October 31 2020,Clark,WA,Truck,0,0,0,83167,83167,0.00
October 31 2020,Cumberland,NC,Passenger,0,3,3,459,462,0.65
August 31 2020,Whatcom,WA,Passenger,1111,513,1624,149210,150834,1.08
September 30 2020,Alexandria,VA,Passenger,2,0,2,136,138,1.45
September 30 2020,Chelan,WA,Truck,0,0,0,22729,22729,0.00
September 30 2020,Klamath,OR,Passenger,1,0,1,29,30,3.33
September 30 2020,Lewis,WA,Truck,0,0,0,26445,26445,0.00
September 30 2020,Los Angeles,CA,Passenger,9,11,20,979,999,2.00
September 30 2020,Maricopa,AZ,Passenger,5,8,13,1343,1356,0.96
September 30 2020,Mason,WA,Passenger,162,132,294,47460,47754,0.62
September 30 2020,Newport,RI,Passenger,1,0,1,83,84,1.19
October 31 2020,Broward,FL,Passenger,1,1,2,110,112,1.79
October 31 2020,Calvert,MD,Passenger,0,2,2,84,86,2.33
October 31 2020,Camden,NJ,Passenger,0,1,1,22,23,4.35
October 31 2020,Douglas,CO,Passenger,0,1,1,77,78,1.28
October 31 2020,Douglas,WA,Truck,0,0,0,12416,12416,0.00
October 31 2020,DuPage,IL,Passenger,3,0,3,55,58,5.17
October 31 2020,El Dorado,CA,Passenger,1,0,1,32,33,3.03
October 31 2020,El Paso,CO,Passenger,2,0,2,718,720,0.28
August 31 2020,Pierce,WA,Passenger,2521,1705,4226,552508,556734,0.76
August 31 2020,Pierce,WA,Truck,0,0,0,143391,143391,0.00
August 31 2020,Pinellas,FL,Passenger,1,1,2,105,107,1.87
August 31 2020,Polk,FL,Passenger,1,0,1,61,62,1.61
August 31 2020,Portsmouth,VA,Passenger,0,1,1,76,77,1.30
August 31 2020,Prince George's,MD,Passenger,2,1,3,152,155,1.94
August 31 2020,Randolph,NC,Passenger,1,0,1,7,8,12.50
August 31 2020,San Joaquin,CA,Passenger,1,0,1,121,122,0.82
August 31 2020,San Mateo,CA,Passenger,0,1,1,106,107,0.93
August 31 2020,Shelby,OH,Passenger,0,1,1,1,2,50.00
August 31 2020,Skagit,WA,Passenger,432,222,654,91258,91912,0.71
August 31 2020,Skagit,WA,Truck,1,0,1,32636,32637,0.00
August 31 2020,Spokane,WA,Passenger,781,505,1286,317508,318794,0.40
August 31 2020,Spokane,WA,Truck,1,0,1,99448,99449,0.00
August 31 2020,Stevens,WA,Passenger,35,36,71,30495,30566,0.23
August 31 2020,Multnomah,OR,Passenger,4,6,10,703,713,1.40
August 31 2020,Nassau,NY,Passenger,4,0,4,29,33,12.12
August 31 2020,Okanogan,WA,Passenger,40,34,74,25979,26053,0.28
August 31 2020,Oldham,KY,Passenger,0,1,1,4,5,20.00
August 31 2020,Sacramento,CA,Passenger,1,0,1,258,259,0.39
August 31 2020,San Francisco,CA,Passenger,2,1,3,88,91,3.30
July 31 2020,Pacific,WA,Truck,0,0,0,7715,7715,0.00
July 31 2020,Pend Oreille,WA,Truck,0,0,0,5763,5763,0.00
July 31 2020,Pierce,WA,Passenger,2469,1698,4167,551473,555640,0.75
July 31 2020,Placer,CA,Passenger,2,0,2,86,88,2.27
July 31 2020,Portsmouth,VA,Passenger,0,1,1,76,77,1.30
July 31 2020,Ramsey,MN,Passenger,1,0,1,38,39,2.56
July 31 2020,Saginaw,MI,Passenger,1,0,1,10,11,9.09
July 31 2020,San Francisco,CA,Passenger,2,1,3,90,93,3.23
July 31 2020,Skagit,WA,Passenger,423,223,646,91312,91958,0.70
July 31 2020,Skamania,WA,Truck,0,0,0,4033,4033,0.00
July 31 2020,St. Mary's,MD,Passenger,1,0,1,221,222,0.45
October 31 2020,Riverside,CA,Passenger,4,1,5,601,606,0.83
October 31 2020,Sacramento,CA,Passenger,1,0,1,246,247,0.40
October 31 2020,Salt Lake,UT,Passenger,0,2,2,175,177,1.13
October 31 2020,San Juan,WA,Passenger,340,103,443,13971,14414,3.07
October 31 2020,San Juan,WA,Truck,0,0,0,5863,5863,0.00
October 31 2020,Santa Clara,CA,Passenger,5,2,7,272,279,2.51
October 31 2020,Solano,CA,Passenger,1,0,1,209,210,0.48
October 31 2020,Stafford,VA,Passenger,1,1,2,93,95,2.11
October 31 2020,Suffolk,VA,Passenger,1,0,1,125,126,0.79
October 31 2020,Sumter,FL,Passenger,0,1,1,10,11,9.09
October 31 2020,Thurston,WA,Truck,0,0,0,56311,56311,0.00
October 31 2020,Travis,TX,Passenger,2,1,3,169,172,1.74
September 30 2020,Columbia,WA,Passenger,4,3,7,2421,2428,0.29
September 30 2020,Contra Costa,CA,Passenger,4,3,7,303,310,2.26
September 30 2020,Cowlitz,WA,Passenger,157,120,277,72161,72438,0.38
September 30 2020,El Paso,TX,Passenger,3,0,3,418,421,0.71
September 30 2020,Fairbanks North Star,AK,Passenger,0,1,1,97,98,1.02
September 30 2020,Flathead,MT,Passenger,1,0,1,57,58,1.72
September 30 2020,Fort Bend,TX,Passenger,1,0,1,45,46,2.17
September 30 2020,Garfield,WA,Truck,0,0,0,987,987,0.00
October 31 2020,Juneau,AK,Passenger,0,1,1,27,28,3.57
October 31 2020,Kent,MI,Passenger,0,1,1,23,24,4.17
October 31 2020,Kitsap,WA,Truck,0,0,0,54240,54240,0.00
October 31 2020,Lewis,WA,Passenger,114,115,229,58451,58680,0.39
October 31 2020,District of Columbia,DC,Passenger,2,1,3,196,199,1.51
October 31 2020,Douglas,NE,Passenger,0,1,1,47,48,2.08
October 31 2020,Fresno,CA,Passenger,1,0,1,176,177,0.56
October 31 2020,Fulton,GA,Passenger,1,2,3,89,92,3.26
October 31 2020,Goochland,VA,Passenger,3,2,5,240,245,2.04
October 31 2020,Grant,WA,Passenger,71,81,152,65752,65904,0.23
October 31 2020,Grays Harbor,WA,Passenger,118,117,235,48518,48753,0.48
October 31 2020,Grays Harbor,WA,Truck,0,0,0,21121,21121,0.00
October 31 2020,Greene,MO,Passenger,0,1,1,33,34,2.94
October 31 2020,Jefferson,NY,Passenger,0,1,1,211,212,0.47
September 30 2020,Plaquemines,LA,Passenger,0,1,1,14,15,6.67
September 30 2020,San Juan,WA,Passenger,331,100,431,13909,14340,3.01
September 30 2020,Sedgwick,KS,Passenger,1,1,2,92,94,2.13
September 30 2020,Snohomish,WA,Truck,0,0,0,124941,124941,0.00
September 30 2020,Solano,CA,Passenger,1,0,1,209,210,0.48
September 30 2020,St. Mary's,MD,Passenger,1,0,1,220,221,0.45
September 30 2020,Thurston,WA,Passenger,1212,752,1964,197242,199206,0.99
August 31 2020,Whatcom,WA,Truck,3,0,3,43275,43278,0.01
September 30 2020,Adams,WA,Truck,0,0,0,5309,5309,0.00
September 30 2020,Alameda,CA,Passenger,2,0,2,263,265,0.75
September 30 2020,Asotin,WA,Truck,0,0,0,6691,6691,0.00
September 30 2020,Carroll,MD,Passenger,0,1,1,21,22,4.55
September 30 2020,Charles,MD,Passenger,1,1,2,76,78,2.56
July 31 2020,Valencia,NM,Passenger,1,0,1,6,7,14.29
July 31 2020,Washington,OR,Passenger,1,0,1,431,432,0.23
July 31 2020,Yakima,WA,Passenger,139,119,258,165777,166035,0.16
August 31 2020,,,Passenger,5,1,6,393,399,1.50
August 31 2020,Albemarle,VA,Passenger,1,0,1,21,22,4.55
October 31 2020,New Haven,CT,Passenger,0,2,2,33,35,5.71
October 31 2020,Norfolk,VA,Passenger,2,3,5,351,356,1.40
October 31 2020,Nueces,TX,Passenger,1,0,1,85,86,1.16
October 31 2020,Owyhee,ID,Passenger,1,0,1,3,4,25.00
October 31 2020,Palm Beach,FL,Passenger,0,1,1,71,72,1.39
October 31 2020,Ventura,CA,Passenger,1,1,2,279,281,0.71
October 31 2020,Whitman,WA,Passenger,50,46,96,21982,22078,0.43
October 31 2020,Wilson,TX,Passenger,0,1,1,5,6,16.67
November 30 2020,,,Passenger,4,1,5,388,393,1.27
November 30 2020,Bartow,GA,Passenger,0,1,1,4,5,20.00
November 30 2020,Boulder,CO,Passenger,0,1,1,44,45,2.22
November 30 2020,Bucks,PA,Passenger,1,0,1,18,19,5.26
August 31 2020,Skamania,WA,Truck,0,0,0,4024,4024,0.00
August 31 2020,St. Mary's,MD,Passenger,1,0,1,220,221,0.45
August 31 2020,Sumter,FL,Passenger,0,1,1,10,11,9.09
August 31 2020,Thurston,WA,Truck,0,0,0,55984,55984,0.00
August 31 2020,Travis,TX,Passenger,2,1,3,172,175,1.71
August 31 2020,Walla Walla,WA,Passenger,81,65,146,35891,36037,0.41
August 31 2020,Walla Walla,WA,Truck,0,0,0,13749,13749,0.00
August 31 2020,Washington,OR,Passenger,1,0,1,431,432,0.23
August 31 2020,Whitman,WA,Passenger,46,48,94,22022,22116,0.43
August 31 2020,Williams,ND,Passenger,0,1,1,11,12,8.33
September 30 2020,Clallam,WA,Truck,1,0,1,21773,21774,0.00
September 30 2020,DuPage,IL,Passenger,3,0,3,56,59,5.08
September 30 2020,Erie,NY,Passenger,1,0,1,47,48,2.08
September 30 2020,Franklin,WA,Truck,0,0,0,20289,20289,0.00
September 30 2020,Garfield,WA,Passenger,0,1,1,1349,1350,0.07
October 31 2020,Leavenworth,KS,Passenger,0,1,1,128,129,0.78
October 31 2020,Lewis,WA,Truck,0,0,0,26496,26496,0.00
October 31 2020,Los Angeles,CA,Passenger,9,10,19,972,991,1.92
October 31 2020,Mason,WA,Truck,0,0,0,20836,20836,0.00
October 31 2020,Middlesex,MA,Passenger,1,1,2,99,101,1.98
October 31 2020,Monroe,IL,Passenger,1,0,1,3,4,25.00
October 31 2020,Monterey,CA,Passenger,0,1,1,156,157,0.64
October 31 2020,Moore,NC,Passenger,0,1,1,153,154,0.65
October 31 2020,Morris,NJ,Passenger,1,0,1,18,19,5.26
September 30 2020,Twin Falls,ID,Passenger,0,1,1,23,24,4.17
September 30 2020,Vigo,IN,Passenger,1,0,1,6,7,14.29
September 30 2020,Wahkiakum,WA,Truck,0,0,0,1759,1759,0.00
September 30 2020,Washington,OR,Passenger,1,0,1,423,424,0.24
September 30 2020,Washoe,NV,Passenger,1,0,1,99,100,1.00
September 30 2020,Washtenaw,MI,Passenger,1,0,1,34,35,2.86
September 30 2020,Whatcom,WA,Passenger,1140,526,1666,149411,151077,1.10
October 31 2020,,,Passenger,4,1,5,390,395,1.27
September 30 2020,Harrison,MS,Passenger,1,0,1,55,56,1.79
September 30 2020,Hawaii,HI,Passenger,1,0,1,51,52,1.92
September 30 2020,Hennepin,MN,Passenger,2,0,2,83,85,2.35
September 30 2020,Island,WA,Passenger,444,280,724,62884,63608,1.14
September 30 2020,Kittitas,WA,Passenger,113,48,161,29703,29864,0.54
September 30 2020,Klickitat,WA,Passenger,58,42,100,15024,15124,0.66
October 31 2020,Rockingham,NH,Passenger,1,0,1,24,25,4.00
October 31 2020,Rogers,OK,Passenger,1,0,1,5,6,16.67
January 31 2017,Adams,WA,Truck,0,0,0,5077,5077,0.00
January 31 2017,Alameda,CA,Passenger,6,1,7,398,405,1.73
January 31 2017,Anne Arundel,MD,Passenger,0,1,1,517,518,0.19
January 31 2017,Asotin,WA,Truck,0,0,0,6487,6487,0.00
January 31 2017,Bergen,NJ,Passenger,0,2,2,33,35,5.71
January 31 2017,Charles,MD,Passenger,0,1,1,89,90,1.11
January 31 2017,Canyon,ID,Passenger,0,1,1,118,119,0.84
January 31 2017,Chelan,WA,Truck,0,0,0,21262,21262,0.00
January 31 2017,Columbia,WA,Passenger,0,1,1,2331,2332,0.04
January 31 2017,Essex,NJ,Passenger,1,0,1,16,17,5.88
January 31 2017,Franklin,WA,Truck,0,0,0,17912,17912,0.00
January 31 2017,Garfield,WA,Passenger,0,0,0,1285,1285,0.00
January 31 2017,,,Passenger,2,0,2,501,503,0.40
January 31 2017,Benton,WA,Passenger,129,129,258,127860,128118,0.20
January 31 2017,Clark,WA,Truck,0,0,0,77522,77522,0.00
January 31 2017,Cowlitz,WA,Truck,0,0,0,27949,27949,0.00
January 31 2017,Contra Costa,CA,Passenger,1,0,1,686,687,0.15
January 31 2017,Cowlitz,WA,Passenger,51,44,95,69111,69206,0.14
January 31 2017,Dallas,TX,Passenger,1,0,1,231,232,0.43
January 31 2017,Dane,WI,Passenger,1,0,1,192,193,0.52
January 31 2017,Douglas,WA,Passenger,29,19,48,26579,26627,0.18
January 31 2017,Adams,WA,Passenger,1,1,2,12175,12177,0.02
January 31 2017,Arlington,VA,Passenger,1,1,2,176,178,1.12
January 31 2017,Cape May,NJ,Passenger,0,1,1,19,20,5.00
January 31 2017,Chelan,WA,Passenger,54,28,82,51898,51980,0.16
January 31 2017,Clallam,WA,Passenger,73,64,137,48007,48144,0.28
January 31 2017,Clark,NV,Passenger,1,4,5,931,936,0.53
January 31 2017,Clark,WA,Passenger,673,426,1099,297824,298923,0.37
January 31 2017,Allegheny,PA,Passenger,1,0,1,92,93,1.08
January 31 2017,Benton,WA,Truck,0,0,0,39813,39813,0.00
January 31 2017,Clackamas,OR,Passenger,1,2,3,430,433,0.69
January 31 2017,Clallam,WA,Truck,0,0,0,21045,21045,0.00
January 31 2017,Asotin,WA,Passenger,4,3,7,12319,12326,0.06
January 31 2017,Bexar,TX,Passenger,3,3,6,1255,1261,0.48
January 31 2017,Brown,WI,Passenger,1,0,1,46,47,2.13
January 31 2017,Carroll,NH,Passenger,0,1,1,0,1,100.00
January 31 2017,Columbia,WA,Truck,0,0,0,1543,1543,0.00
January 31 2017,Cascade,MT,Passenger,0,1,1,63,64,1.56
January 31 2017,Collier,FL,Passenger,0,1,1,22,23,4.35
January 31 2017,DeKalb,GA,Passenger,1,0,1,91,92,1.09
January 31 2017,El Paso,CO,Passenger,1,1,2,895,897,0.22
January 31 2017,Garfield,WA,Truck,0,0,0,941,941,0.00
January 31 2017,District of Columbia,DC,Passenger,0,3,3,238,241,1.24
January 31 2017,Duval,FL,Passenger,1,1,2,380,382,0.52
January 31 2017,Fairfax,VA,Passenger,2,2,4,892,896,0.45
January 31 2017,Ferry,WA,Passenger,2,1,3,4386,4389,0.07
January 31 2017,Kitsap,WA,Passenger,556,262,818,172397,173215,0.47
January 31 2017,Kitsap,WA,Truck,1,0,1,52381,52382,0.00
January 31 2017,Latah,ID,Passenger,0,1,1,142,143,0.70
January 31 2017,Loudoun,VA,Passenger,0,1,1,87,88,1.14
January 31 2017,Manassas,VA,Passenger,0,1,1,8,9,11.11
January 31 2017,Marin,CA,Passenger,1,0,1,57,58,1.72
January 31 2017,Marion,FL,Passenger,1,0,1,26,27,3.70
January 31 2017,Deschutes,OR,Passenger,1,1,2,237,239,0.84
January 31 2017,Douglas,OR,Passenger,0,1,1,90,91,1.10
January 31 2017,Douglas,WA,Truck,0,0,0,11426,11426,0.00
January 31 2017,El Paso,TX,Passenger,0,1,1,595,596,0.17
January 31 2017,Franklin,MA,Passenger,0,1,1,5,6,16.67
January 31 2017,Grant,WA,Passenger,16,21,37,60390,60427,0.06
January 31 2017,Guilford,NC,Passenger,1,0,1,34,35,2.86
January 31 2017,Grant,WA,Truck,0,0,0,25040,25040,0.00
January 31 2017,Howard,MD,Passenger,0,2,2,91,93,2.15
January 31 2017,Cumberland,NC,Passenger,1,0,1,638,639,0.16
January 31 2017,Durham,NC,Passenger,0,1,1,38,39,2.56
January 31 2017,Ferry,WA,Truck,0,0,0,3581,3581,0.00
January 31 2017,Franklin,WA,Passenger,27,42,69,55404,55473,0.12
January 31 2017,Grays Harbor,WA,Passenger,27,24,51,44313,44364,0.11
January 31 2017,Gwinnett,GA,Passenger,0,1,1,94,95,1.05
January 31 2017,Hardin,KY,Passenger,0,1,1,128,129,0.78
January 31 2017,Island,WA,Truck,1,0,1,20518,20519,0.00
January 31 2017,Marion,OR,Passenger,1,0,1,238,239,0.42
January 31 2017,Nantucket,MA,Passenger,1,0,1,3,4,25.00
January 31 2017,Norfolk,MA,Passenger,1,0,1,39,40,2.50
January 31 2017,Northampton,PA,Passenger,2,0,2,259,261,0.77
January 31 2017,Orleans,LA,Passenger,0,1,1,52,53,1.89
January 31 2017,New London,CT,Passenger,2,1,3,272,275,1.09
January 31 2017,Orange,CA,Passenger,2,1,3,707,710,0.42
January 31 2017,Orange,FL,Passenger,0,1,1,159,160,0.62
January 31 2017,Madison,ID,Passenger,1,0,1,48,49,2.04
January 31 2017,Monterey,CA,Passenger,0,1,1,234,235,0.43
January 31 2017,Hawaii,HI,Passenger,1,0,1,90,91,1.10
January 31 2017,Island,WA,Passenger,103,119,222,59412,59634,0.37
January 31 2017,Kittitas,WA,Passenger,15,16,31,27157,27188,0.11
January 31 2017,Klickitat,WA,Passenger,20,22,42,14793,14835,0.28
January 31 2017,Lee,AL,Passenger,1,0,1,36,37,2.70
January 31 2017,Maui,HI,Passenger,1,0,1,82,83,1.20
January 31 2017,Hamilton,IN,Passenger,1,0,1,74,75,1.33
January 31 2017,Hamilton,TN,Passenger,1,0,1,28,29,3.45
January 31 2017,Harnett,NC,Passenger,1,0,1,272,273,0.37
January 31 2017,Hidalgo,TX,Passenger,0,1,1,98,99,1.01
January 31 2017,Honolulu,HI,Passenger,4,2,6,668,674,0.89
January 31 2017,Jefferson,WA,Truck,0,0,0,9469,9469,0.00
January 31 2017,Lake,IL,Passenger,1,0,1,186,187,0.53
January 31 2017,Lewis,WA,Truck,0,0,0,24791,24791,0.00
January 31 2017,Los Angeles,CA,Passenger,3,1,4,1467,1471,0.27
January 31 2017,Richmond,GA,Passenger,0,1,1,104,105,0.95
January 31 2017,Shoshone,ID,Passenger,0,1,1,99,100,1.00
January 31 2017,Stevens,WA,Truck,0,0,0,18341,18341,0.00
January 31 2017,Tarrant,TX,Passenger,0,2,2,334,336,0.60
January 31 2017,Polk,FL,Passenger,1,0,1,64,65,1.54
January 31 2017,San Mateo,CA,Passenger,0,1,1,178,179,0.56
January 31 2017,Stevens,WA,Passenger,6,21,27,31529,31556,0.09
January 31 2017,Sumter,FL,Passenger,0,1,1,10,11,9.09
January 31 2017,Thurston,WA,Truck,0,0,0,53343,53343,0.00
January 31 2017,Travis,TX,Passenger,0,1,1,213,214,0.47
January 31 2017,Riverside,CA,Passenger,1,1,2,888,890,0.22
January 31 2017,Salt Lake,UT,Passenger,0,1,1,357,358,0.28
January 31 2017,San Juan,WA,Truck,0,0,0,5596,5596,0.00
January 31 2017,Santa Fe,NM,Passenger,0,1,1,44,45,2.22
January 31 2017,Hood River,OR,Passenger,1,0,1,43,44,2.27
January 31 2017,Jackson,MO,Passenger,1,0,1,76,77,1.30
January 31 2017,King,WA,Passenger,8804,3622,12426,1387414,1399840,0.89
January 31 2017,King,WA,Truck,8,1,9,191090,191099,0.00
January 31 2017,Kittitas,WA,Truck,0,0,0,13410,13410,0.00
January 31 2017,Lewis,NY,Passenger,0,1,1,10,11,9.09
January 31 2017,Lincoln,WA,Passenger,2,4,6,7543,7549,0.08
February 28 2017,,,Passenger,2,0,2,481,483,0.41
February 28 2017,Asotin,WA,Passenger,4,3,7,12324,12331,0.06
February 28 2017,Cascade,MT,Passenger,0,1,1,60,61,1.64
January 31 2017,Maricopa,AZ,Passenger,3,1,4,1976,1980,0.20
January 31 2017,Mason,WA,Passenger,48,60,108,42810,42918,0.25
January 31 2017,Muscogee,GA,Passenger,0,1,1,267,268,0.37
January 31 2017,Newport,RI,Passenger,1,0,1,123,124,0.81
January 31 2017,Oklahoma,OK,Passenger,0,1,1,211,212,0.47
January 31 2017,Monroe,NY,Passenger,1,0,1,30,31,3.23
January 31 2017,Montgomery,TN,Passenger,1,0,1,309,310,0.32
January 31 2017,Okanogan,WA,Truck,0,0,0,16374,16374,0.00
January 31 2017,Cobb,GA,Passenger,0,1,1,82,83,1.20
January 31 2017,Dakota,MN,Passenger,0,1,1,46,47,2.13
January 31 2017,DeKalb,IN,Passenger,1,0,1,1,2,50.00
January 31 2017,Fulton,GA,Passenger,1,2,3,136,139,2.16
January 31 2017,Montgomery,MD,Passenger,1,0,1,312,313,0.32
January 31 2017,Multnomah,OR,Passenger,0,3,3,1282,1285,0.23
January 31 2017,Okanogan,WA,Passenger,3,15,18,25814,25832,0.07
January 31 2017,Pierce,WA,Passenger,822,751,1573,528329,529902,0.30
January 31 2017,Portsmouth,VA,Passenger,0,1,1,65,66,1.52
January 31 2017,Prince George's,MD,Passenger,0,1,1,188,189,0.53
January 31 2017,Wahkiakum,WA,Passenger,0,1,1,2861,2862,0.03
January 31 2017,Walla Walla,WA,Passenger,16,21,37,34864,34901,0.11
January 31 2017,Whitman,WA,Passenger,8,19,27,21936,21963,0.12
January 31 2017,Yavapai,AZ,Passenger,1,0,1,85,86,1.16
February 28 2017,Cape May,NJ,Passenger,0,1,1,19,20,5.00
February 28 2017,Clark,NV,Passenger,1,3,4,878,882,0.45
February 28 2017,Dale,AL,Passenger,0,1,1,65,66,1.52
February 28 2017,Deschutes,OR,Passenger,1,0,1,202,203,0.49
February 28 2017,Durham,NC,Passenger,0,1,1,37,38,2.63
February 28 2017,Duval,FL,Passenger,1,1,2,372,374,0.53
February 28 2017,Cobb,GA,Passenger,0,1,1,80,81,1.23
February 28 2017,Cowlitz,WA,Passenger,50,46,96,69054,69150,0.14
February 28 2017,Dakota,MN,Passenger,0,1,1,41,42,2.38
February 28 2017,El Paso,CO,Passenger,1,1,2,855,857,0.23
January 31 2017,Santa Barbara,CA,Passenger,0,1,1,133,134,0.75
January 31 2017,Shelby,TN,Passenger,0,1,1,113,114,0.88
January 31 2017,Ventura,CA,Passenger,0,2,2,395,397,0.50
January 31 2017,Virginia Beach,VA,Passenger,2,1,3,664,667,0.45
January 31 2017,Whitman,WA,Truck,0,0,0,8403,8403,0.00
February 28 2017,Carroll,NH,Passenger,0,1,1,0,1,100.00
February 28 2017,Clackamas,OR,Passenger,1,2,3,365,368,0.82
February 28 2017,Columbia,WA,Passenger,0,1,1,2337,2338,0.04
February 28 2017,Cumberland,NC,Passenger,1,0,1,626,627,0.16
January 31 2017,Jefferson,NY,Passenger,1,1,2,253,255,0.78
January 31 2017,Juneau,AK,Passenger,0,1,1,58,59,1.69
January 31 2017,Lane,OR,Passenger,0,1,1,291,292,0.34
January 31 2017,Lewis,WA,Passenger,43,30,73,54959,55032,0.13
January 31 2017,Lincoln,WA,Truck,0,0,0,4462,4462,0.00
January 31 2017,Manatee,FL,Passenger,1,0,1,59,60,1.67
January 31 2017,San Juan,WA,Passenger,84,31,115,13348,13463,0.85
January 31 2017,Saratoga,NY,Passenger,1,1,2,79,81,2.47
January 31 2017,Snohomish,WA,Truck,1,0,1,122827,122828,0.00
January 31 2017,St. Mary's,MD,Passenger,0,1,1,208,209,0.48
January 31 2017,Thurston,WA,Passenger,336,299,635,184972,185607,0.34
January 31 2017,Tulare,CA,Passenger,1,0,1,204,205,0.49
January 31 2017,Wahkiakum,WA,Truck,0,0,0,1624,1624,0.00
February 28 2017,Ferry,WA,Truck,0,0,0,3562,3562,0.00
February 28 2017,Jefferson,WA,Passenger,89,55,144,23602,23746,0.61
February 28 2017,Jefferson,WA,Truck,0,0,0,9472,9472,0.00
February 28 2017,Canyon,ID,Passenger,0,1,1,108,109,0.92
January 31 2017,San Diego,CA,Passenger,4,2,6,2904,2910,0.21
January 31 2017,Santa Clara,CA,Passenger,5,3,8,460,468,1.71
January 31 2017,Skagit,WA,Passenger,106,81,187,87448,87635,0.21
January 31 2017,Skamania,WA,Truck,0,0,0,3908,3908,0.00
January 31 2017,Spokane,WA,Truck,1,0,1,90430,90431,0.00
January 31 2017,Volusia,FL,Passenger,0,1,1,49,50,2.00
January 31 2017,Walla Walla,WA,Truck,0,0,0,13169,13169,0.00
February 28 2017,Lane,OR,Passenger,0,1,1,258,259,0.39
February 28 2017,Missoula,MT,Passenger,1,0,1,81,82,1.22
January 31 2017,Mason,WA,Truck,0,0,0,19188,19188,0.00
January 31 2017,Morris,NJ,Passenger,1,0,1,23,24,4.17
January 31 2017,New Haven,CT,Passenger,0,1,1,66,67,1.49
January 31 2017,Norfolk,VA,Passenger,1,1,2,306,308,0.65
January 31 2017,Pierce,WA,Truck,0,0,0,138765,138765,0.00
January 31 2017,Dale,AL,Passenger,0,1,1,67,68,1.47
January 31 2017,Grays Harbor,WA,Truck,0,0,0,19862,19862,0.00
February 28 2017,Franklin,WA,Passenger,26,42,68,55223,55291,0.12
February 28 2017,Grays Harbor,WA,Passenger,27,24,51,44250,44301,0.12
February 28 2017,Hamilton,TN,Passenger,1,0,1,26,27,3.70
February 28 2017,Kittitas,WA,Passenger,15,15,30,27061,27091,0.11
February 28 2017,Bexar,TX,Passenger,1,2,3,1157,1160,0.26
February 28 2017,Contra Costa,CA,Passenger,1,0,1,656,657,0.15
February 28 2017,Dallas,TX,Passenger,1,0,1,211,212,0.47
February 28 2017,Douglas,WA,Passenger,30,19,49,26546,26595,0.18
February 28 2017,Orleans,LA,Passenger,0,1,1,51,52,1.92
February 28 2017,Pacific,WA,Truck,0,0,0,7486,7486,0.00
February 28 2017,Pinal,AZ,Passenger,2,0,2,265,267,0.75
February 28 2017,Prince William,VA,Passenger,0,3,3,276,279,1.08
January 31 2017,Wayne,MI,Passenger,0,2,2,79,81,2.47
February 28 2017,Adams,WA,Passenger,2,2,4,12126,12130,0.03
February 28 2017,Asotin,WA,Truck,0,0,0,6475,6475,0.00
February 28 2017,Benton,WA,Passenger,134,133,267,127652,127919,0.21
February 28 2017,Bergen,NJ,Passenger,0,2,2,32,34,5.88
February 28 2017,DeKalb,GA,Passenger,1,0,1,84,85,1.18
February 28 2017,District of Columbia,DC,Passenger,0,3,3,231,234,1.28
February 28 2017,Grant,WA,Truck,0,0,0,24997,24997,0.00
February 28 2017,Hardin,KY,Passenger,0,1,1,129,130,0.77
February 28 2017,Juneau,AK,Passenger,0,1,1,55,56,1.79
January 31 2017,Jefferson,WA,Passenger,87,53,140,23607,23747,0.59
January 31 2017,Klickitat,WA,Truck,0,0,0,7945,7945,0.00
February 28 2017,Hamilton,IN,Passenger,1,0,1,68,69,1.45
February 28 2017,Hawaii,HI,Passenger,1,0,1,86,87,1.15
February 28 2017,Island,WA,Passenger,100,122,222,59444,59666,0.37
February 28 2017,Kitsap,WA,Truck,1,0,1,52348,52349,0.00
February 28 2017,Lewis,WA,Passenger,45,31,76,54969,55045,0.14
January 31 2017,Skagit,WA,Truck,1,0,1,31406,31407,0.00
January 31 2017,Snohomish,WA,Passenger,1548,803,2351,514977,517328,0.45
January 31 2017,Spokane,WA,Passenger,221,196,417,296024,296441,0.14
February 28 2017,Columbia,WA,Truck,0,0,0,1528,1528,0.00
February 28 2017,Cowlitz,WA,Truck,0,0,0,27871,27871,0.00
February 28 2017,DeKalb,IN,Passenger,1,0,1,1,2,50.00
February 28 2017,Essex,NJ,Passenger,1,0,1,16,17,5.88
February 28 2017,Franklin,OH,Passenger,0,1,1,117,118,0.85
February 28 2017,Franklin,WA,Truck,0,0,0,17907,17907,0.00
February 28 2017,Garfield,WA,Passenger,0,0,0,1290,1290,0.00
February 28 2017,Marion,OR,Passenger,1,0,1,202,203,0.49
February 28 2017,Maui,HI,Passenger,1,0,1,71,72,1.39
February 28 2017,Montgomery,MD,Passenger,1,0,1,304,305,0.33
February 28 2017,Multnomah,OR,Passenger,0,3,3,1150,1153,0.26
February 28 2017,New Haven,CT,Passenger,0,1,1,62,63,1.59
February 28 2017,Norfolk,MA,Passenger,1,0,1,37,38,2.63
February 28 2017,Lewis,WA,Truck,0,0,0,24783,24783,0.00
February 28 2017,Lincoln,WA,Passenger,2,4,6,7509,7515,0.08
February 28 2017,Los Angeles,CA,Passenger,3,1,4,1374,1378,0.29
February 28 2017,Pacific,WA,Passenger,5,6,11,14997,15008,0.07
February 28 2017,Pend Oreille,WA,Passenger,1,4,5,9300,9305,0.05
February 28 2017,Manatee,FL,Passenger,1,0,1,55,56,1.79
February 28 2017,Mason,WA,Passenger,47,63,110,42780,42890,0.26
February 28 2017,Monroe,NY,Passenger,1,0,1,28,29,3.45
February 28 2017,Newport,RI,Passenger,1,0,1,121,122,0.82
February 28 2017,Norfolk,VA,Passenger,1,1,2,304,306,0.65
February 28 2017,Nueces,TX,Passenger,0,1,1,98,99,1.01
February 28 2017,Orange,FL,Passenger,1,1,2,153,155,1.29
February 28 2017,Pierce,WA,Passenger,862,778,1640,526785,528425,0.31
February 28 2017,Ferry,WA,Passenger,2,1,3,4391,4394,0.07
February 28 2017,Fulton,GA,Passenger,1,1,2,128,130,1.54
February 28 2017,Grant,WA,Passenger,16,21,37,60197,60234,0.06
February 28 2017,Grays Harbor,WA,Truck,0,0,0,19819,19819,0.00
February 28 2017,Guilford,NC,Passenger,1,0,1,32,33,3.03
February 28 2017,Jackson,MO,Passenger,1,0,1,72,73,1.37
February 28 2017,Jefferson,NY,Passenger,1,1,2,258,260,0.77
February 28 2017,Thurston,WA,Passenger,351,309,660,184911,185571,0.36
March 31 2017,Asotin,WA,Passenger,5,2,7,12335,12342,0.06
January 31 2017,Whatcom,WA,Truck,2,0,2,41337,41339,0.00
January 31 2017,Yakima,WA,Truck,0,0,0,57337,57337,0.00
February 28 2017,Adams,WA,Truck,0,0,0,5071,5071,0.00
February 28 2017,Anne Arundel,MD,Passenger,0,1,1,513,514,0.19
February 28 2017,Benton,WA,Truck,0,0,0,39743,39743,0.00
March 31 2017,Bexar,TX,Passenger,1,2,3,1088,1091,0.27
January 31 2017,Middlesex,MA,Passenger,1,0,1,162,163,0.61
January 31 2017,Moore,NC,Passenger,0,1,1,210,211,0.47
January 31 2017,Okaloosa,FL,Passenger,1,0,1,189,190,0.53
January 31 2017,Pacific,WA,Passenger,5,6,11,15034,15045,0.07
January 31 2017,Pacific,WA,Truck,0,0,0,7510,7510,0.00
January 31 2017,Pend Oreille,WA,Passenger,1,4,5,9345,9350,0.05
January 31 2017,Pend Oreille,WA,Truck,0,0,0,5595,5595,0.00
January 31 2017,Pima,AZ,Passenger,0,2,2,469,471,0.42
January 31 2017,Pinal,AZ,Passenger,2,0,2,283,285,0.70
January 31 2017,Prince William,VA,Passenger,0,3,3,280,283,1.06
February 28 2017,Howard,MD,Passenger,0,2,2,89,91,2.20
February 28 2017,Island,WA,Truck,0,0,0,20497,20497,0.00
February 28 2017,Kitsap,WA,Passenger,561,280,841,172106,172947,0.49
February 28 2017,Klickitat,WA,Truck,0,0,0,7937,7937,0.00
February 28 2017,Latah,ID,Passenger,0,1,1,131,132,0.76
February 28 2017,Pend Oreille,WA,Truck,0,0,0,5573,5573,0.00
February 28 2017,San Diego,CA,Passenger,4,1,5,2830,2835,0.18
February 28 2017,Skamania,WA,Passenger,7,7,14,8543,8557,0.16
February 28 2017,Skamania,WA,Truck,0,0,0,3889,3889,0.00
February 28 2017,Salt Lake,UT,Passenger,0,1,1,331,332,0.30
February 28 2017,San Juan,WA,Passenger,88,31,119,13403,13522,0.88
February 28 2017,Santa Clara,CA,Passenger,5,3,8,424,432,1.85
February 28 2017,Snohomish,WA,Truck,1,0,1,122507,122508,0.00
February 28 2017,Spokane,WA,Truck,1,0,1,90243,90244,0.00
February 28 2017,Utah,UT,Passenger,0,1,1,169,170,0.59
February 28 2017,King,WA,Passenger,9098,3714,12812,1385296,1398108,0.92
February 28 2017,Kittitas,WA,Truck,0,0,0,13381,13381,0.00
February 28 2017,Lewis,NY,Passenger,0,1,1,10,11,9.09
February 28 2017,Mason,WA,Truck,0,0,0,19197,19197,0.00
February 28 2017,Middlesex,MA,Passenger,1,0,1,159,160,0.62
February 28 2017,Monterey,CA,Passenger,0,1,1,226,227,0.44
February 28 2017,Montgomery,TN,Passenger,1,0,1,296,297,0.34
February 28 2017,Moore,NC,Passenger,0,1,1,210,211,0.47
February 28 2017,Morris,NJ,Passenger,1,0,1,22,23,4.35
February 28 2017,Chelan,WA,Truck,0,0,0,21250,21250,0.00
February 28 2017,Clark,WA,Truck,0,0,0,77521,77521,0.00
February 28 2017,Dane,WI,Passenger,1,0,1,168,169,0.59
February 28 2017,Douglas,OR,Passenger,0,1,1,79,80,1.25
February 28 2017,Douglas,WA,Truck,0,0,0,11387,11387,0.00
February 28 2017,Franklin,MA,Passenger,0,1,1,4,5,20.00
February 28 2017,Whatcom,WA,Passenger,401,146,547,141893,142440,0.38
March 31 2017,Benton,WA,Truck,0,0,0,39849,39849,0.00
February 28 2017,Lincoln,WA,Truck,0,0,0,4463,4463,0.00
February 28 2017,New London,CT,Passenger,2,1,3,266,269,1.12
February 28 2017,Okaloosa,FL,Passenger,1,0,1,190,191,0.52
February 28 2017,Orange,CA,Passenger,2,1,3,679,682,0.44
February 28 2017,Portsmouth,VA,Passenger,0,1,1,66,67,1.49
February 28 2017,Skagit,WA,Passenger,113,86,199,87263,87462,0.23
February 28 2017,Snohomish,WA,Passenger,1603,824,2427,514082,516509,0.47
February 28 2017,Spokane,WA,Passenger,226,196,422,295026,295448,0.14
February 28 2017,Tulare,CA,Passenger,1,0,1,201,202,0.50
March 31 2017,El Paso,CO,Passenger,1,1,2,836,838,0.24
March 31 2017,Garfield,WA,Truck,0,0,0,940,940,0.00
March 31 2017,Jackson,MO,Passenger,1,0,1,69,70,1.43
March 31 2017,King,WA,Passenger,9317,3788,13105,1382776,1395881,0.94
March 31 2017,King,WA,Truck,8,1,9,189762,189771,0.00
January 31 2017,Skamania,WA,Passenger,7,7,14,8549,8563,0.16
January 31 2017,St. Lucie,FL,Passenger,1,0,1,32,33,3.03
January 31 2017,Union,OH,Passenger,1,0,1,4,5,20.00
January 31 2017,Utah,UT,Passenger,0,1,1,195,196,0.51
January 31 2017,Whatcom,WA,Passenger,383,141,524,141890,142414,0.37
January 31 2017,Yakima,WA,Passenger,36,49,85,159935,160020,0.05
February 28 2017,Okanogan,WA,Truck,0,0,0,16300,16300,0.00
February 28 2017,Pima,AZ,Passenger,0,2,2,442,444,0.45
February 28 2017,Garfield,WA,Truck,0,0,0,934,934,0.00
February 28 2017,Gwinnett,GA,Passenger,0,1,1,87,88,1.14
February 28 2017,Harnett,NC,Passenger,1,0,1,266,267,0.37
February 28 2017,Hidalgo,TX,Passenger,0,1,1,95,96,1.04
February 28 2017,Honolulu,HI,Passenger,4,2,6,633,639,0.94
February 28 2017,Lee,AL,Passenger,1,0,1,36,37,2.70
March 31 2017,,,Passenger,2,0,2,475,477,0.42
March 31 2017,Benton,WA,Passenger,140,139,279,127940,128219,0.22
March 31 2017,Chelan,WA,Truck,0,0,0,21220,21220,0.00
March 31 2017,Cowlitz,WA,Passenger,51,48,99,69299,69398,0.14
March 31 2017,Dane,WI,Passenger,1,0,1,153,154,0.65
March 31 2017,Kittitas,WA,Truck,0,0,0,13421,13421,0.00
March 31 2017,Lewis,NY,Passenger,0,1,1,10,11,9.09
March 31 2017,Lincoln,WA,Passenger,2,4,6,7506,7512,0.08
March 31 2017,Monroe,NY,Passenger,1,0,1,29,30,3.33
March 31 2017,Montgomery,PA,Passenger,1,0,1,42,43,2.33
March 31 2017,Montgomery,TN,Passenger,1,0,1,289,290,0.34
February 28 2017,Madison,ID,Passenger,1,0,1,44,45,2.22
February 28 2017,Nassau,NY,Passenger,0,1,1,39,40,2.50
February 28 2017,Okanogan,WA,Passenger,3,15,18,25674,25692,0.07
February 28 2017,Oklahoma,OK,Passenger,0,1,1,187,188,0.53
February 28 2017,Volusia,FL,Passenger,0,1,1,47,48,2.08
February 28 2017,Walla Walla,WA,Passenger,17,21,38,34781,34819,0.11
February 28 2017,Whitman,WA,Passenger,8,18,26,21939,21965,0.12
February 28 2017,Yakima,WA,Passenger,36,50,86,159132,159218,0.05
February 28 2017,Yakima,WA,Truck,0,0,0,57223,57223,0.00
March 31 2017,Adams,WA,Truck,0,0,0,5070,5070,0.00
March 31 2017,Alameda,CA,Passenger,3,1,4,382,386,1.04
March 31 2017,Albemarle,VA,Passenger,0,1,1,31,32,3.12
March 31 2017,Anne Arundel,MD,Passenger,0,1,1,505,506,0.20
March 31 2017,Asotin,WA,Truck,0,0,0,6511,6511,0.00
February 28 2017,Pierce,WA,Truck,0,0,0,138551,138551,0.00
February 28 2017,Polk,FL,Passenger,1,0,1,65,66,1.52
February 28 2017,Richmond,GA,Passenger,0,1,1,101,102,0.98
February 28 2017,Riverside,CA,Passenger,1,1,2,843,845,0.24
February 28 2017,San Juan,WA,Truck,0,0,0,5575,5575,0.00
February 28 2017,San Mateo,CA,Passenger,0,1,1,166,167,0.60
February 28 2017,Santa Fe,NM,Passenger,0,1,1,44,45,2.22
February 28 2017,Skagit,WA,Truck,1,0,1,31406,31407,0.00
February 28 2017,St. Lucie,FL,Passenger,1,0,1,31,32,3.12
February 28 2017,Shelby,TN,Passenger,0,1,1,108,109,0.92
February 28 2017,Travis,TX,Passenger,0,1,1,198,199,0.50
February 28 2017,Ventura,CA,Passenger,0,2,2,379,381,0.52
February 28 2017,Virginia Beach,VA,Passenger,2,1,3,658,661,0.45
March 31 2017,Adams,WA,Passenger,2,4,6,12107,12113,0.05
March 31 2017,Carroll,NH,Passenger,0,1,1,0,1,100.00
March 31 2017,Clark,NV,Passenger,1,3,4,866,870,0.46
March 31 2017,Dale,AL,Passenger,0,1,1,64,65,1.54
March 31 2017,Deschutes,OR,Passenger,1,0,1,201,202,0.50
March 31 2017,Douglas,WA,Passenger,29,19,48,26591,26639,0.18
March 31 2017,Charles,MD,Passenger,0,1,1,91,92,1.09
March 31 2017,Clallam,WA,Truck,0,0,0,21042,21042,0.00
February 28 2017,Alameda,CA,Passenger,3,1,4,388,392,1.02
February 28 2017,Allegheny,PA,Passenger,1,0,1,90,91,1.10
February 28 2017,Arlington,VA,Passenger,1,1,2,170,172,1.16
February 28 2017,Charles,MD,Passenger,0,1,1,91,92,1.09
February 28 2017,Chelan,WA,Passenger,55,29,84,51755,51839,0.16
February 28 2017,Clallam,WA,Passenger,75,64,139,47983,48122,0.29
February 28 2017,Clallam,WA,Truck,0,0,0,21030,21030,0.00
February 28 2017,Clark,WA,Passenger,695,434,1129,297938,299067,0.38
March 31 2017,Okanogan,WA,Truck,0,0,0,16304,16304,0.00
March 31 2017,Spokane,WA,Passenger,232,202,434,295455,295889,0.15
March 31 2017,Hamilton,IN,Passenger,1,0,1,65,66,1.52
March 31 2017,Harnett,NC,Passenger,1,0,1,261,262,0.38
March 31 2017,Hawaii,HI,Passenger,1,0,1,87,88,1.14
March 31 2017,Hidalgo,TX,Passenger,0,1,1,97,98,1.02
March 31 2017,Honolulu,HI,Passenger,4,2,6,621,627,0.96
March 31 2017,Island,WA,Passenger,105,129,234,59598,59832,0.39
March 31 2017,Jefferson,WA,Truck,0,0,0,9447,9447,0.00
February 28 2017,Sumter,FL,Passenger,0,1,1,10,11,9.09
February 28 2017,Tarrant,TX,Passenger,0,2,2,305,307,0.65
February 28 2017,Thurston,WA,Truck,0,0,0,53348,53348,0.00
February 28 2017,Whatcom,WA,Truck,2,0,2,41327,41329,0.00
February 28 2017,Fairfax,VA,Passenger,2,2,4,884,888,0.45
March 31 2017,Arlington,VA,Passenger,1,1,2,168,170,1.18
March 31 2017,Bergen,NJ,Passenger,0,2,2,32,34,5.88
March 31 2017,Cape May,NJ,Passenger,0,1,1,18,19,5.26
March 31 2017,Clark,WA,Passenger,718,454,1172,298274,299446,0.39
March 31 2017,Cobb,GA,Passenger,0,1,1,79,80,1.25
March 31 2017,Franklin,WA,Truck,0,0,0,17959,17959,0.00
March 31 2017,Garfield,WA,Passenger,0,0,0,1283,1283,0.00
March 31 2017,Grant,WA,Passenger,17,21,38,60335,60373,0.06
March 31 2017,Jefferson,WA,Passenger,94,57,151,23649,23800,0.63
March 31 2017,DeKalb,IN,Passenger,1,0,1,1,2,50.00
March 31 2017,District of Columbia,DC,Passenger,0,3,3,224,227,1.32
March 31 2017,Duval,FL,Passenger,1,1,2,374,376,0.53
March 31 2017,Essex,NJ,Passenger,1,0,1,16,17,5.88
March 31 2017,Franklin,OH,Passenger,0,1,1,116,117,0.85
March 31 2017,Fulton,GA,Passenger,1,1,2,123,125,1.60
March 31 2017,Guilford,NC,Passenger,1,0,1,31,32,3.12
March 31 2017,Missoula,MT,Passenger,1,0,1,80,81,1.23
March 31 2017,Monterey,CA,Passenger,0,1,1,220,221,0.45
March 31 2017,Lee,AL,Passenger,1,0,1,35,36,2.78
March 31 2017,Mason,WA,Passenger,50,65,115,42931,43046,0.27
March 31 2017,Multnomah,OR,Passenger,0,3,3,1110,1113,0.27
March 31 2017,Nassau,NY,Passenger,0,1,1,40,41,2.44
March 31 2017,Newport,RI,Passenger,1,0,1,122,123,0.81
March 31 2017,Okanogan,WA,Passenger,3,16,19,25642,25661,0.07
March 31 2017,Oklahoma,OK,Passenger,0,1,1,168,169,0.59
February 28 2017,King,WA,Truck,8,1,9,190506,190515,0.00
February 28 2017,Klickitat,WA,Passenger,20,22,42,14768,14810,0.28
February 28 2017,Manassas,VA,Passenger,0,1,1,8,9,11.11
February 28 2017,Maricopa,AZ,Passenger,3,1,4,1857,1861,0.21
February 28 2017,Marin,CA,Passenger,1,0,1,59,60,1.67
March 31 2017,Ventura,CA,Passenger,0,2,2,378,380,0.53
March 31 2017,Virginia Beach,VA,Passenger,2,1,3,659,662,0.45
March 31 2017,Whitman,WA,Truck,0,0,0,8389,8389,0.00
April 30 2017,Adams,WA,Passenger,2,3,5,12128,12133,0.04
April 30 2017,Albemarle,VA,Passenger,0,1,1,32,33,3.03
April 30 2017,Anne Arundel,MD,Passenger,0,1,1,502,503,0.20
April 30 2017,Bergen,NJ,Passenger,0,2,2,32,34,5.88
March 31 2017,Cascade,MT,Passenger,0,1,1,61,62,1.61
March 31 2017,Chelan,WA,Passenger,55,30,85,51678,51763,0.16
March 31 2017,Clallam,WA,Passenger,77,65,142,48079,48221,0.29
March 31 2017,Cowlitz,WA,Truck,0,0,0,27906,27906,0.00
March 31 2017,Dakota,MN,Passenger,0,1,1,41,42,2.38
March 31 2017,Kitsap,WA,Passenger,572,289,861,172478,173339,0.50
March 31 2017,Kitsap,WA,Truck,1,0,1,52318,52319,0.00
March 31 2017,Latah,ID,Passenger,0,1,1,121,122,0.82
March 31 2017,Manassas,VA,Passenger,0,1,1,9,10,10.00
March 31 2017,Marin,CA,Passenger,1,0,1,59,60,1.67
April 30 2017,Cape May,NJ,Passenger,0,1,1,18,19,5.26
April 30 2017,Clackamas,OR,Passenger,1,1,2,329,331,0.60
April 30 2017,DeKalb,IN,Passenger,1,0,1,1,2,50.00
February 28 2017,Muscogee,GA,Passenger,0,1,1,258,259,0.39
February 28 2017,Nantucket,MA,Passenger,1,0,1,3,4,25.00
February 28 2017,Northampton,PA,Passenger,2,0,2,231,233,0.86
February 28 2017,Prince George's,MD,Passenger,0,1,1,185,186,0.54
March 31 2017,Howard,MD,Passenger,0,2,2,90,92,2.17
March 31 2017,Jefferson,NY,Passenger,1,1,2,263,265,0.75
March 31 2017,Lane,OR,Passenger,0,1,1,257,258,0.39
March 31 2017,Lewis,WA,Passenger,45,34,79,55095,55174,0.14
March 31 2017,Lincoln,WA,Truck,0,0,0,4469,4469,0.00
March 31 2017,New London,CT,Passenger,1,1,2,264,266,0.75
March 31 2017,Orange,CA,Passenger,2,1,3,662,665,0.45
March 31 2017,Orange,FL,Passenger,1,1,2,152,154,1.30
March 31 2017,Salt Lake,UT,Passenger,0,1,1,308,309,0.32
March 31 2017,San Juan,WA,Truck,0,0,0,5585,5585,0.00
March 31 2017,Santa Fe,NM,Passenger,0,1,1,45,46,2.17
March 31 2017,Pierce,WA,Passenger,876,784,1660,526382,528042,0.31
March 31 2017,Portsmouth,VA,Passenger,0,1,1,67,68,1.47
March 31 2017,Saratoga,NY,Passenger,1,1,2,77,79,2.53
March 31 2017,Skagit,WA,Passenger,118,91,209,87518,87727,0.24
March 31 2017,Skamania,WA,Truck,0,0,0,3882,3882,0.00
March 31 2017,DeKalb,GA,Passenger,1,0,1,84,85,1.18
March 31 2017,Fairfax,VA,Passenger,2,2,4,874,878,0.46
March 31 2017,Ferry,WA,Passenger,2,1,3,4386,4389,0.07
March 31 2017,Grant,WA,Truck,0,0,0,25046,25046,0.00
March 31 2017,Island,WA,Truck,0,0,0,20498,20498,0.00
February 28 2017,Stevens,WA,Passenger,6,21,27,31319,31346,0.09
February 28 2017,Wahkiakum,WA,Passenger,0,1,1,2843,2844,0.04
February 28 2017,Wayne,MI,Passenger,0,2,2,71,73,2.74
March 31 2017,Pacific,WA,Passenger,6,8,14,15078,15092,0.09
March 31 2017,Pend Oreille,WA,Passenger,1,4,5,9307,9312,0.05
March 31 2017,Pinal,AZ,Passenger,2,0,2,265,267,0.75
March 31 2017,Prince William,VA,Passenger,0,3,3,274,277,1.08
March 31 2017,Richmond,GA,Passenger,0,1,1,97,98,1.02
March 31 2017,San Diego,CA,Passenger,5,1,6,2815,2821,0.21
March 31 2017,Skamania,WA,Passenger,8,8,16,8529,8545,0.19
March 31 2017,Tarrant,TX,Passenger,0,2,2,290,292,0.68
April 30 2017,Essex,NJ,Passenger,1,0,1,16,17,5.88
April 30 2017,Ferry,WA,Truck,0,0,0,3549,3549,0.00
April 30 2017,Franklin,OH,Passenger,0,1,1,127,128,0.78
April 30 2017,Franklin,WA,Passenger,27,47,74,55350,55424,0.13
April 30 2017,Hamilton,TN,Passenger,1,0,1,26,27,3.70
April 30 2017,Harnett,NC,Passenger,1,0,1,260,261,0.38
April 30 2017,Hidalgo,TX,Passenger,0,1,1,98,99,1.01
April 30 2017,Honolulu,HI,Passenger,4,2,6,609,615,0.98
April 30 2017,Howard,MD,Passenger,0,2,2,91,93,2.15
April 30 2017,Jefferson,WA,Truck,0,0,0,9443,9443,0.00
March 31 2017,Mason,WA,Truck,0,0,0,19231,19231,0.00
March 31 2017,Morris,NJ,Passenger,1,0,1,22,23,4.35
March 31 2017,Nantucket,MA,Passenger,1,0,1,3,4,25.00
March 31 2017,Norfolk,VA,Passenger,1,1,2,305,307,0.65
March 31 2017,Northampton,PA,Passenger,2,0,2,209,211,0.95
March 31 2017,Nueces,TX,Passenger,0,1,1,100,101,0.99
March 31 2017,Orleans,LA,Passenger,0,1,1,50,51,1.96
March 31 2017,Pima,AZ,Passenger,0,2,2,446,448,0.45
March 31 2017,Manatee,FL,Passenger,1,0,1,52,53,1.89
March 31 2017,Marion,OR,Passenger,1,0,1,195,196,0.51
March 31 2017,Clark,WA,Truck,0,0,0,77574,77574,0.00
March 31 2017,Columbia,WA,Truck,0,0,0,1529,1529,0.00
March 31 2017,Snohomish,WA,Passenger,1655,849,2504,513402,515906,0.49
March 31 2017,Wahkiakum,WA,Passenger,0,2,2,2849,2851,0.07
March 31 2017,Tulare,CA,Passenger,1,0,1,195,196,0.51
March 31 2017,Volusia,FL,Passenger,0,1,1,46,47,2.13
March 31 2017,Wahkiakum,WA,Truck,0,0,0,1635,1635,0.00
March 31 2017,Walla Walla,WA,Truck,0,0,0,13187,13187,0.00
April 30 2017,Asotin,WA,Truck,0,0,0,6504,6504,0.00
February 28 2017,Saratoga,NY,Passenger,1,1,2,78,80,2.50
February 28 2017,Shoshone,ID,Passenger,0,1,1,82,83,1.20
February 28 2017,Stevens,WA,Truck,0,0,0,18333,18333,0.00
February 28 2017,Wahkiakum,WA,Truck,0,0,0,1625,1625,0.00
February 28 2017,Walla Walla,WA,Truck,0,0,0,13162,13162,0.00
April 30 2017,Kitsap,WA,Passenger,584,298,882,172671,173553,0.51
April 30 2017,Lincoln,WA,Truck,0,0,0,4464,4464,0.00
March 31 2017,Utah,UT,Passenger,0,1,1,168,169,0.59
March 31 2017,Whatcom,WA,Passenger,416,156,572,142240,142812,0.40
April 30 2017,Allegheny,PA,Passenger,1,0,1,91,92,1.09
April 30 2017,Benton,WA,Passenger,143,140,283,128086,128369,0.22
April 30 2017,Canyon,ID,Passenger,0,1,1,102,103,0.97
March 31 2017,New Haven,CT,Passenger,0,1,1,61,62,1.61
March 31 2017,Norfolk,MA,Passenger,1,0,1,37,38,2.63
March 31 2017,Pierce,WA,Truck,0,0,0,138172,138172,0.00
March 31 2017,Polk,FL,Passenger,1,0,1,66,67,1.49
March 31 2017,San Mateo,CA,Passenger,0,1,1,158,159,0.63
March 31 2017,Riverside,CA,Passenger,1,1,2,829,831,0.24
March 31 2017,Sumter,FL,Passenger,0,1,1,10,11,9.09
March 31 2017,Thurston,WA,Truck,0,0,0,53302,53302,0.00
April 30 2017,Columbia,WA,Truck,0,0,0,1536,1536,0.00
April 30 2017,Dallas,TX,Passenger,0,1,1,197,198,0.51
February 28 2017,Whitman,WA,Truck,0,0,0,8399,8399,0.00
March 31 2017,Allegheny,PA,Passenger,1,0,1,89,90,1.11
March 31 2017,Dallas,TX,Passenger,1,1,2,207,209,0.96
March 31 2017,Douglas,OR,Passenger,0,1,1,75,76,1.32
March 31 2017,Douglas,WA,Truck,0,0,0,11441,11441,0.00
March 31 2017,Franklin,MA,Passenger,0,1,1,4,5,20.00
March 31 2017,Grays Harbor,WA,Truck,0,0,0,19865,19865,0.00
March 31 2017,Gwinnett,GA,Passenger,0,1,1,84,85,1.18
March 31 2017,Hardin,KY,Passenger,0,1,1,127,128,0.78
April 30 2017,Asotin,WA,Passenger,6,2,8,12343,12351,0.06
April 30 2017,Carroll,NH,Passenger,0,1,1,0,1,100.00
April 30 2017,Cascade,MT,Passenger,0,1,1,62,63,1.59
April 30 2017,Columbia,WA,Passenger,0,1,1,2358,2359,0.04
April 30 2017,Cowlitz,WA,Truck,0,0,0,27856,27856,0.00
April 30 2017,Cumberland,NC,Passenger,1,0,1,614,615,0.16
April 30 2017,Dakota,MN,Passenger,0,1,1,40,41,2.44
April 30 2017,Orange,CA,Passenger,2,1,3,649,652,0.46
April 30 2017,Orleans,LA,Passenger,0,1,1,49,50,2.00
April 30 2017,Riverside,CA,Passenger,1,1,2,830,832,0.24
April 30 2017,San Juan,WA,Passenger,98,35,133,13479,13612,0.98
April 30 2017,DeKalb,GA,Passenger,1,0,1,84,85,1.18
April 30 2017,Ferry,WA,Passenger,2,1,3,4397,4400,0.07
April 30 2017,Franklin,WA,Truck,0,0,0,17995,17995,0.00
April 30 2017,Grays Harbor,WA,Truck,0,0,0,19850,19850,0.00
April 30 2017,Kittitas,WA,Truck,0,0,0,13476,13476,0.00
March 31 2017,Juneau,AK,Passenger,0,1,1,53,54,1.85
March 31 2017,Klickitat,WA,Truck,0,0,0,7941,7941,0.00
March 31 2017,Madison,ID,Passenger,1,0,1,44,45,2.22
March 31 2017,Middlesex,MA,Passenger,1,0,1,153,154,0.65
March 31 2017,Moore,NC,Passenger,0,1,1,208,209,0.48
April 30 2017,Sumter,FL,Passenger,0,1,1,10,11,9.09
April 30 2017,Thurston,WA,Truck,0,0,0,53258,53258,0.00
April 30 2017,Chelan,WA,Passenger,55,31,86,51695,51781,0.17
April 30 2017,Clark,WA,Truck,0,0,0,77563,77563,0.00
April 30 2017,El Paso,CO,Passenger,1,1,2,831,833,0.24
April 30 2017,Franklin,MA,Passenger,0,1,1,4,5,20.00
March 31 2017,Canyon,ID,Passenger,0,1,1,104,105,0.95
March 31 2017,Clackamas,OR,Passenger,1,2,3,343,346,0.87
March 31 2017,Columbia,WA,Passenger,0,1,1,2355,2356,0.04
March 31 2017,Cumberland,NC,Passenger,1,0,1,624,625,0.16
March 31 2017,Ferry,WA,Truck,0,0,0,3554,3554,0.00
April 30 2017,Garfield,WA,Truck,0,0,0,938,938,0.00
April 30 2017,King,WA,Passenger,9558,3883,13441,1378583,1392024,0.97
April 30 2017,Kittitas,WA,Passenger,21,17,38,27201,27239,0.14
April 30 2017,Latah,ID,Passenger,0,1,1,120,121,0.83
April 30 2017,Lewis,NY,Passenger,0,1,1,10,11,9.09
April 30 2017,Middlesex,MA,Passenger,1,0,1,149,150,0.67
April 30 2017,New London,CT,Passenger,1,1,2,258,260,0.77
April 30 2017,Okaloosa,FL,Passenger,1,0,1,194,195,0.51
April 30 2017,Orange,FL,Passenger,1,1,2,149,151,1.32
April 30 2017,Fulton,GA,Passenger,1,1,2,119,121,1.65
April 30 2017,Grays Harbor,WA,Passenger,29,30,59,44475,44534,0.13
April 30 2017,Guilford,NC,Passenger,1,0,1,31,32,3.12
April 30 2017,Island,WA,Truck,0,0,0,20524,20524,0.00
April 30 2017,Jefferson,NY,Passenger,1,1,2,258,260,0.77
April 30 2017,Klickitat,WA,Passenger,22,23,45,14768,14813,0.30
March 31 2017,Shelby,TN,Passenger,0,1,1,110,111,0.90
March 31 2017,Skagit,WA,Truck,1,0,1,31427,31428,0.00
March 31 2017,Stevens,WA,Passenger,6,20,26,31285,31311,0.08
March 31 2017,Travis,TX,Passenger,0,1,1,192,193,0.52
March 31 2017,Walla Walla,WA,Passenger,20,22,42,34821,34863,0.12
March 31 2017,Whatcom,WA,Truck,2,0,2,41395,41397,0.00
March 31 2017,Whitman,WA,Passenger,9,18,27,21938,21965,0.12
March 31 2017,Yakima,WA,Truck,0,0,0,57267,57267,0.00
April 30 2017,Adams,WA,Truck,0,0,0,5072,5072,0.00
April 30 2017,Alameda,CA,Passenger,2,1,3,378,381,0.79
April 30 2017,Arlington,VA,Passenger,1,1,2,166,168,1.19
March 31 2017,Okaloosa,FL,Passenger,1,0,1,193,194,0.52
March 31 2017,Pacific,WA,Truck,0,0,0,7480,7480,0.00
March 31 2017,Pend Oreille,WA,Truck,0,0,0,5583,5583,0.00
March 31 2017,St. Lucie,FL,Passenger,1,0,1,31,32,3.12
March 31 2017,Stevens,WA,Truck,0,0,0,18309,18309,0.00
April 30 2017,Grant,WA,Truck,0,0,0,25092,25092,0.00
April 30 2017,Hardin,KY,Passenger,0,1,1,124,125,0.80
April 30 2017,Juneau,AK,Passenger,0,1,1,53,54,1.85
April 30 2017,King,WA,Truck,8,1,9,188942,188951,0.00
March 31 2017,Franklin,WA,Passenger,26,47,73,55313,55386,0.13
March 31 2017,Grays Harbor,WA,Passenger,27,26,53,44417,44470,0.12
March 31 2017,Hamilton,TN,Passenger,1,0,1,26,27,3.70
April 30 2017,Lee,AL,Passenger,1,0,1,35,36,2.78
April 30 2017,Marion,OR,Passenger,1,0,1,181,182,0.55
April 30 2017,Montgomery,PA,Passenger,1,0,1,41,42,2.38
April 30 2017,Multnomah,OR,Passenger,0,3,3,1068,1071,0.28
April 30 2017,Nassau,NY,Passenger,0,1,1,40,41,2.44
April 30 2017,Norfolk,MA,Passenger,1,0,1,38,39,2.56
April 30 2017,Okanogan,WA,Passenger,3,16,19,25596,25615,0.07
April 30 2017,Pacific,WA,Truck,0,0,0,7464,7464,0.00
April 30 2017,Pend Oreille,WA,Truck,0,0,0,5586,5586,0.00
April 30 2017,Portsmouth,VA,Passenger,0,1,1,68,69,1.45
April 30 2017,San Juan,WA,Truck,0,0,0,5553,5553,0.00
April 30 2017,Santa Fe,NM,Passenger,0,1,1,44,45,2.22
April 30 2017,Santa Rosa,FL,Passenger,1,0,1,109,110,0.91
March 31 2017,Yakima,WA,Passenger,36,50,86,159232,159318,0.05
April 30 2017,Benton,WA,Truck,0,0,0,39892,39892,0.00
April 30 2017,Charles,MD,Passenger,0,1,1,90,91,1.10
April 30 2017,Clark,NV,Passenger,1,3,4,858,862,0.46
April 30 2017,Cobb,GA,Passenger,0,1,1,77,78,1.28
April 30 2017,Dale,AL,Passenger,0,1,1,65,66,1.52
April 30 2017,Douglas,OR,Passenger,0,1,1,74,75,1.33
April 30 2017,Douglas,WA,Truck,0,0,0,11451,11451,0.00
May 31 2017,Asotin,WA,Passenger,6,3,9,12376,12385,0.07
May 31 2017,Cascade,MT,Passenger,0,1,1,62,63,1.59
May 31 2017,Chelan,WA,Passenger,60,36,96,51875,51971,0.18
May 31 2017,Clallam,WA,Passenger,84,74,158,48204,48362,0.33
May 31 2017,Cowlitz,WA,Passenger,52,50,102,69538,69640,0.15
April 30 2017,Lincoln,WA,Passenger,2,4,6,7481,7487,0.08
April 30 2017,Monroe,NY,Passenger,1,0,1,27,28,3.57
April 30 2017,New Haven,CT,Passenger,0,1,1,60,61,1.64
April 30 2017,Pend Oreille,WA,Passenger,1,4,5,9320,9325,0.05
April 30 2017,Lewis,WA,Truck,0,0,0,24797,24797,0.00
April 30 2017,Los Angeles,CA,Passenger,3,1,4,1343,1347,0.30
April 30 2017,Manatee,FL,Passenger,1,0,1,48,49,2.04
April 30 2017,Maricopa,AZ,Passenger,2,1,3,1801,1804,0.17
April 30 2017,Mason,WA,Truck,0,0,0,19243,19243,0.00
April 30 2017,Monterey,CA,Passenger,0,1,1,212,213,0.47
April 30 2017,Morris,NJ,Passenger,1,0,1,22,23,4.35
April 30 2017,Norfolk,VA,Passenger,1,1,2,302,304,0.66
April 30 2017,Santa Clara,CA,Passenger,6,2,8,411,419,1.91
April 30 2017,Shelby,TN,Passenger,0,1,1,109,110,0.91
April 30 2017,Skamania,WA,Truck,0,0,0,3874,3874,0.00
April 30 2017,Duval,FL,Passenger,1,1,2,379,381,0.52
April 30 2017,Gwinnett,GA,Passenger,0,1,1,87,88,1.14
April 30 2017,Jefferson,WA,Passenger,98,56,154,23745,23899,0.64
May 31 2017,Dakota,MN,Passenger,0,1,1,40,41,2.44
May 31 2017,El Paso,CO,Passenger,2,1,3,819,822,0.36
May 31 2017,Fairfax,VA,Passenger,2,2,4,867,871,0.46
May 31 2017,Flathead,MT,Passenger,1,0,1,63,64,1.56
May 31 2017,Hawaii,HI,Passenger,1,0,1,86,87,1.15
April 30 2017,Ventura,CA,Passenger,0,1,1,365,366,0.27
April 30 2017,Volusia,FL,Passenger,0,1,1,47,48,2.08
April 30 2017,Yakima,WA,Passenger,38,54,92,159287,159379,0.06
May 31 2017,Albemarle,VA,Passenger,0,1,1,32,33,3.03
May 31 2017,Benton,WA,Passenger,146,142,288,128292,128580,0.22
May 31 2017,Bergen,NJ,Passenger,0,2,2,31,33,6.06
May 31 2017,Bexar,TX,Passenger,1,0,1,973,974,0.10
March 31 2017,Kittitas,WA,Passenger,17,16,33,27116,27149,0.12
March 31 2017,Klickitat,WA,Passenger,21,23,44,14774,14818,0.30
March 31 2017,Lewis,WA,Truck,0,0,0,24813,24813,0.00
March 31 2017,Los Angeles,CA,Passenger,3,1,4,1363,1367,0.29
March 31 2017,Maricopa,AZ,Passenger,2,1,3,1827,1830,0.16
March 31 2017,Maui,HI,Passenger,1,0,1,71,72,1.39
March 31 2017,Montgomery,MD,Passenger,1,0,1,305,306,0.33
March 31 2017,Muscogee,GA,Passenger,0,1,1,255,256,0.39
May 31 2017,Cowlitz,WA,Truck,0,0,0,27873,27873,0.00
May 31 2017,DeKalb,IN,Passenger,1,0,1,1,2,50.00
April 30 2017,Chelan,WA,Truck,0,0,0,21208,21208,0.00
April 30 2017,Clallam,WA,Passenger,80,68,148,48128,48276,0.31
April 30 2017,Clark,WA,Passenger,755,471,1226,298479,299705,0.41
April 30 2017,Cowlitz,WA,Passenger,52,48,100,69322,69422,0.14
April 30 2017,Dane,WI,Passenger,1,0,1,138,139,0.72
April 30 2017,District of Columbia,DC,Passenger,0,3,3,225,228,1.32
April 30 2017,Kent,MI,Passenger,0,1,1,37,38,2.63
April 30 2017,Kitsap,WA,Truck,1,0,1,52313,52314,0.00
April 30 2017,Lane,OR,Passenger,0,1,1,247,248,0.40
April 30 2017,Lewis,WA,Passenger,46,33,79,55192,55271,0.14
April 30 2017,Madison,ID,Passenger,1,0,1,41,42,2.38
April 30 2017,Skamania,WA,Passenger,9,8,17,8521,8538,0.20
April 30 2017,Spokane,WA,Passenger,236,208,444,295750,296194,0.15
April 30 2017,Walla Walla,WA,Passenger,22,24,46,34828,34874,0.13
April 30 2017,Whitman,WA,Truck,0,0,0,8380,8380,0.00
April 30 2017,Travis,TX,Passenger,0,1,1,195,196,0.51
April 30 2017,Virginia Beach,VA,Passenger,2,1,3,653,656,0.46
April 30 2017,Walla Walla,WA,Truck,0,0,0,13177,13177,0.00
April 30 2017,Whitman,WA,Passenger,9,19,28,21965,21993,0.13
April 30 2017,Yakima,WA,Truck,0,0,0,57220,57220,0.00
May 31 2017,Alameda,CA,Passenger,1,1,2,371,373,0.54
May 31 2017,Allegheny,PA,Passenger,1,0,1,91,92,1.09
May 31 2017,Arlington,VA,Passenger,1,1,2,167,169,1.18
April 30 2017,Pacific,WA,Passenger,9,8,17,15082,15099,0.11
April 30 2017,Pierce,WA,Truck,0,0,0,137812,137812,0.00
April 30 2017,Richmond,GA,Passenger,0,1,1,95,96,1.04
April 30 2017,Skagit,WA,Truck,1,0,1,31396,31397,0.00
April 30 2017,Snohomish,WA,Truck,1,0,1,122013,122014,0.00
April 30 2017,Spokane,WA,Truck,1,0,1,90268,90269,0.00
May 31 2017,Island,WA,Passenger,113,129,242,59915,60157,0.40
May 31 2017,King,WA,Truck,8,1,9,188270,188279,0.00
May 31 2017,Klickitat,WA,Passenger,22,24,46,14787,14833,0.31
May 31 2017,Manatee,FL,Passenger,1,0,1,47,48,2.08
May 31 2017,Monroe,NY,Passenger,1,0,1,26,27,3.70
May 31 2017,Pierce,WA,Passenger,933,823,1756,525230,526986,0.33
April 30 2017,Missoula,MT,Passenger,1,0,1,77,78,1.28
April 30 2017,Nueces,TX,Passenger,0,1,1,98,99,1.01
April 30 2017,Palm Beach,FL,Passenger,0,1,1,97,98,1.02
April 30 2017,Pinal,AZ,Passenger,2,0,2,256,258,0.78
April 30 2017,Prince William,VA,Passenger,0,3,3,274,277,1.08
March 31 2017,Prince George's,MD,Passenger,0,1,1,182,183,0.55
March 31 2017,San Juan,WA,Passenger,88,34,122,13420,13542,0.90
March 31 2017,Santa Clara,CA,Passenger,6,2,8,415,423,1.89
March 31 2017,Snohomish,WA,Truck,1,0,1,122203,122204,0.00
March 31 2017,Spokane,WA,Truck,1,0,1,90257,90258,0.00
May 31 2017,Charles,MD,Passenger,0,1,1,89,90,1.11
May 31 2017,Clallam,WA,Truck,0,0,0,20960,20960,0.00
May 31 2017,Clark,WA,Passenger,770,489,1259,298804,300063,0.42
May 31 2017,Cobb,GA,Passenger,0,1,1,77,78,1.28
May 31 2017,Essex,NJ,Passenger,1,0,1,15,16,6.25
May 31 2017,Fulton,GA,Passenger,1,0,1,117,118,0.85
May 31 2017,Garfield,WA,Passenger,0,0,0,1287,1287,0.00
May 31 2017,Grant,WA,Passenger,20,25,45,60677,60722,0.07
May 31 2017,Island,WA,Truck,0,0,0,20528,20528,0.00
May 31 2017,Jackson,MO,Passenger,1,0,1,64,65,1.54
May 31 2017,Jefferson,NY,Passenger,1,1,2,257,259,0.77
April 30 2017,Whatcom,WA,Passenger,441,159,600,142464,143064,0.42
April 30 2017,Whatcom,WA,Truck,2,0,2,41449,41451,0.00
April 30 2017,Fairfax,VA,Passenger,2,2,4,866,870,0.46
April 30 2017,Hamilton,IN,Passenger,1,0,1,62,63,1.59
April 30 2017,Hawaii,HI,Passenger,1,0,1,84,85,1.18
April 30 2017,Island,WA,Passenger,108,128,236,59764,60000,0.39
April 30 2017,Klickitat,WA,Truck,0,0,0,7954,7954,0.00
March 31 2017,Thurston,WA,Passenger,365,313,678,185439,186117,0.36
March 31 2017,Wayne,MI,Passenger,0,1,1,73,74,1.35
April 30 2017,,,Passenger,2,0,2,481,483,0.41
May 31 2017,Adams,WA,Truck,0,0,0,5079,5079,0.00
May 31 2017,Anne Arundel,MD,Passenger,0,1,1,504,505,0.20
May 31 2017,Benton,WA,Truck,0,0,0,39974,39974,0.00
May 31 2017,Carroll,NH,Passenger,0,1,1,0,1,100.00
May 31 2017,Clackamas,OR,Passenger,1,1,2,310,312,0.64
May 31 2017,Clark,WA,Truck,0,0,0,77599,77599,0.00
May 31 2017,Cumberland,NC,Passenger,1,0,1,593,594,0.17
May 31 2017,Hamilton,IN,Passenger,1,0,1,63,64,1.56
May 31 2017,Cape May,NJ,Passenger,0,1,1,19,20,5.00
May 31 2017,Clark,NV,Passenger,1,2,3,850,853,0.35
May 31 2017,Dale,AL,Passenger,0,1,1,64,65,1.54
May 31 2017,Dallas,TX,Passenger,0,1,1,188,189,0.53
May 31 2017,Duval,FL,Passenger,1,1,2,380,382,0.52
May 31 2017,Portsmouth,VA,Passenger,0,1,1,68,69,1.45
May 31 2017,Prince George's,MD,Passenger,0,1,1,184,185,0.54
May 31 2017,Skagit,WA,Passenger,134,102,236,87857,88093,0.27
May 31 2017,Spokane,WA,Passenger,245,211,456,296385,296841,0.15
May 31 2017,Stevens,WA,Passenger,8,23,31,31329,31360,0.10
April 30 2017,Mason,WA,Passenger,49,64,113,43005,43118,0.26
April 30 2017,Moore,NC,Passenger,0,1,1,205,206,0.49
April 30 2017,Nantucket,MA,Passenger,1,0,1,3,4,25.00
April 30 2017,Newport,RI,Passenger,1,0,1,118,119,0.84
April 30 2017,Northampton,PA,Passenger,2,0,2,192,194,1.03
April 30 2017,Salt Lake,UT,Passenger,0,1,1,288,289,0.35
April 30 2017,Snohomish,WA,Passenger,1708,861,2569,512777,515346,0.50
April 30 2017,Stevens,WA,Truck,0,0,0,18286,18286,0.00
April 30 2017,Utah,UT,Passenger,0,1,1,164,165,0.61
April 30 2017,Wahkiakum,WA,Passenger,0,2,2,2848,2850,0.07
April 30 2017,Bexar,TX,Passenger,1,0,1,1025,1026,0.10
April 30 2017,Clallam,WA,Truck,0,0,0,20963,20963,0.00
May 31 2017,King,WA,Passenger,9797,3991,13788,1377163,1390951,0.99
May 31 2017,Lincoln,WA,Truck,0,0,0,4459,4459,0.00
May 31 2017,Marin,CA,Passenger,1,0,1,58,59,1.69
May 31 2017,Mason,WA,Truck,0,0,0,19266,19266,0.00
May 31 2017,Monterey,CA,Passenger,0,1,1,211,212,0.47
May 31 2017,Montgomery,TN,Passenger,1,0,1,285,286,0.35
May 31 2017,Morris,NJ,Passenger,1,0,1,24,25,4.00
May 31 2017,Grant,WA,Truck,0,0,0,25224,25224,0.00
May 31 2017,Franklin,MA,Passenger,0,1,1,4,5,20.00
May 31 2017,Franklin,WA,Passenger,28,44,72,55461,55533,0.13
May 31 2017,Grays Harbor,WA,Passenger,31,30,61,44514,44575,0.14
May 31 2017,Hamilton,TN,Passenger,1,0,1,22,23,4.35
May 31 2017,Harnett,NC,Passenger,1,0,1,266,267,0.37
May 31 2017,Hidalgo,TX,Passenger,0,1,1,99,100,1.00
May 31 2017,Honolulu,HI,Passenger,3,2,5,605,610,0.82
May 31 2017,Chelan,WA,Truck,0,0,0,21249,21249,0.00
May 31 2017,Kent,MI,Passenger,0,1,1,35,36,2.78
May 31 2017,Kitsap,WA,Truck,1,0,1,52379,52380,0.00
May 31 2017,Lewis,WA,Passenger,49,33,82,55363,55445,0.15
May 31 2017,Manassas,VA,Passenger,0,1,1,9,10,10.00
May 31 2017,Maricopa,AZ,Passenger,2,1,3,1784,1787,0.17
May 31 2017,Mason,WA,Passenger,51,66,117,43301,43418,0.27
June 30 2017,Adams,WA,Passenger,2,3,5,12204,12209,0.04
June 30 2017,Adams,WA,Truck,0,0,0,5106,5106,0.00
June 30 2017,Alameda,CA,Passenger,1,1,2,364,366,0.55
June 30 2017,Albemarle,VA,Passenger,0,1,1,33,34,2.94
June 30 2017,Anne Arundel,MD,Passenger,0,1,1,500,501,0.20
June 30 2017,Asotin,WA,Truck,0,0,0,6502,6502,0.00
June 30 2017,Bergen,NJ,Passenger,0,2,2,31,33,6.06
May 31 2017,Okanogan,WA,Truck,0,0,0,16215,16215,0.00
May 31 2017,Pierce,WA,Truck,0,0,0,137678,137678,0.00
May 31 2017,Richmond,GA,Passenger,0,1,1,95,96,1.04
May 31 2017,Jefferson,WA,Passenger,103,59,162,23820,23982,0.68
May 31 2017,Jefferson,WA,Truck,0,0,0,9441,9441,0.00
May 31 2017,Marion,OR,Passenger,1,0,1,173,174,0.57
May 31 2017,Missoula,MT,Passenger,1,0,1,74,75,1.33
May 31 2017,Lewis,WA,Truck,0,0,0,24821,24821,0.00
May 31 2017,Los Angeles,CA,Passenger,3,1,4,1323,1327,0.30
April 30 2017,Deschutes,OR,Passenger,1,0,1,197,198,0.51
April 30 2017,Douglas,WA,Passenger,31,21,52,26602,26654,0.20
April 30 2017,Garfield,WA,Passenger,0,0,0,1283,1283,0.00
April 30 2017,Grant,WA,Passenger,18,21,39,60492,60531,0.06
April 30 2017,Pierce,WA,Passenger,917,807,1724,525769,527493,0.33
April 30 2017,Pima,AZ,Passenger,0,2,2,443,445,0.45
April 30 2017,Polk,FL,Passenger,1,0,1,67,68,1.47
April 30 2017,San Mateo,CA,Passenger,0,1,1,159,160,0.62
April 30 2017,Saratoga,NY,Passenger,1,1,2,75,77,2.60
April 30 2017,Skagit,WA,Passenger,123,97,220,87599,87819,0.25
April 30 2017,St. Lucie,FL,Passenger,1,0,1,32,33,3.03
April 30 2017,Stevens,WA,Passenger,8,22,30,31233,31263,0.10
May 31 2017,Muscogee,GA,Passenger,0,1,1,246,247,0.40
May 31 2017,Nantucket,MA,Passenger,1,0,1,3,4,25.00
May 31 2017,Newport,RI,Passenger,1,0,1,120,121,0.83
May 31 2017,Norfolk,VA,Passenger,1,1,2,309,311,0.64
May 31 2017,Northampton,PA,Passenger,1,0,1,168,169,0.59
May 31 2017,Nueces,TX,Passenger,0,1,1,98,99,1.01
May 31 2017,Orange,FL,Passenger,1,1,2,144,146,1.37
June 30 2017,Charles,MD,Passenger,0,1,1,88,89,1.12
June 30 2017,DeKalb,IN,Passenger,1,0,1,1,2,50.00
June 30 2017,Essex,NJ,Passenger,1,0,1,14,15,6.67
June 30 2017,Franklin,WA,Truck,0,0,0,18122,18122,0.00
June 30 2017,Garfield,WA,Passenger,0,0,0,1295,1295,0.00
May 31 2017,Columbia,WA,Passenger,0,1,1,2359,2360,0.04
May 31 2017,Dane,WI,Passenger,1,0,1,121,122,0.82
May 31 2017,Douglas,WA,Truck,0,0,0,11484,11484,0.00
May 31 2017,Garfield,WA,Truck,0,0,0,932,932,0.00
May 31 2017,Gwinnett,GA,Passenger,0,1,1,86,87,1.15
April 30 2017,Jackson,MO,Passenger,1,0,1,69,70,1.43
April 30 2017,Manassas,VA,Passenger,0,1,1,10,11,9.09
April 30 2017,Tulare,CA,Passenger,1,0,1,195,196,0.51
April 30 2017,Wahkiakum,WA,Truck,0,0,0,1631,1631,0.00
May 31 2017,,,Passenger,2,0,2,473,475,0.42
May 31 2017,Shelby,TN,Passenger,0,1,1,109,110,0.91
May 31 2017,Skagit,WA,Truck,1,0,1,31390,31391,0.00
May 31 2017,Virginia Beach,VA,Passenger,2,1,3,663,666,0.45
May 31 2017,Whatcom,WA,Truck,2,0,2,41518,41520,0.00
June 30 2017,Asotin,WA,Passenger,6,3,9,12427,12436,0.07
May 31 2017,Multnomah,OR,Passenger,1,3,4,1031,1035,0.39
May 31 2017,Nassau,NY,Passenger,0,1,1,39,40,2.50
May 31 2017,Norfolk,MA,Passenger,1,0,1,39,40,2.50
May 31 2017,Orleans,LA,Passenger,0,1,1,49,50,2.00
May 31 2017,Pacific,WA,Truck,0,0,0,7463,7463,0.00
May 31 2017,Pend Oreille,WA,Truck,0,0,0,5564,5564,0.00
May 31 2017,Pinal,AZ,Passenger,2,0,2,255,257,0.78
May 31 2017,Prince William,VA,Passenger,0,3,3,274,277,1.08
May 31 2017,Ramsey,MN,Passenger,1,0,1,42,43,2.33
May 31 2017,Santa Rosa,FL,Passenger,1,0,1,110,111,0.90
April 30 2017,Marin,CA,Passenger,1,0,1,60,61,1.64
April 30 2017,Maui,HI,Passenger,1,0,1,72,73,1.37
April 30 2017,Montgomery,MD,Passenger,1,0,1,307,308,0.32
April 30 2017,Montgomery,TN,Passenger,1,0,1,295,296,0.34
April 30 2017,Muscogee,GA,Passenger,0,1,1,249,250,0.40
April 30 2017,Okanogan,WA,Truck,0,0,0,16256,16256,0.00
April 30 2017,Prince George's,MD,Passenger,0,1,1,181,182,0.55
May 31 2017,Pend Oreille,WA,Passenger,2,4,6,9313,9319,0.06
May 31 2017,Salt Lake,UT,Passenger,0,1,1,274,275,0.36
May 31 2017,San Juan,WA,Passenger,104,38,142,13498,13640,1.04
May 31 2017,Saratoga,NY,Passenger,1,1,2,73,75,2.67
May 31 2017,Snohomish,WA,Truck,1,0,1,121870,121871,0.00
May 31 2017,Kittitas,WA,Passenger,22,17,39,27356,27395,0.14
May 31 2017,Lee,AL,Passenger,1,0,1,36,37,2.70
May 31 2017,Lincoln,WA,Passenger,2,5,7,7507,7514,0.09
May 31 2017,Madison,ID,Passenger,1,0,1,41,42,2.38
June 30 2017,Hamilton,TN,Passenger,1,0,1,19,20,5.00
June 30 2017,Kitsap,WA,Passenger,605,319,924,173375,174299,0.53
June 30 2017,Kitsap,WA,Truck,1,0,1,52520,52521,0.00
June 30 2017,Latah,ID,Passenger,0,1,1,103,104,0.96
May 31 2017,Snohomish,WA,Passenger,1738,867,2605,512636,515241,0.51
May 31 2017,Tulare,CA,Passenger,1,0,1,194,195,0.51
May 31 2017,Wahkiakum,WA,Passenger,0,2,2,2837,2839,0.07
June 30 2017,Cascade,MT,Passenger,0,1,1,60,61,1.64
June 30 2017,Cobb,GA,Passenger,0,1,1,76,77,1.30
May 31 2017,Canyon,ID,Passenger,0,1,1,102,103,0.97
May 31 2017,Deschutes,OR,Passenger,1,0,1,193,194,0.52
May 31 2017,Douglas,WA,Passenger,32,23,55,26683,26738,0.21
June 30 2017,Dakota,MN,Passenger,0,1,1,37,38,2.63
June 30 2017,Fulton,GA,Passenger,1,0,1,115,116,0.86
June 30 2017,Hardin,KY,Passenger,0,1,1,122,123,0.81
May 31 2017,Twin Falls,ID,Passenger,0,1,1,22,23,4.35
May 31 2017,Wahkiakum,WA,Truck,0,0,0,1643,1643,0.00
May 31 2017,Whatcom,WA,Passenger,455,167,622,142690,143312,0.43
May 31 2017,Wayne,MI,Passenger,0,1,1,70,71,1.41
June 30 2017,Bexar,TX,Passenger,1,1,2,938,940,0.21
April 30 2017,San Diego,CA,Passenger,5,1,6,2777,2783,0.22
April 30 2017,Tarrant,TX,Passenger,0,2,2,274,276,0.72
April 30 2017,Thurston,WA,Passenger,385,319,704,185738,186442,0.38
April 30 2017,Wayne,MI,Passenger,0,1,1,72,73,1.37
June 30 2017,Lincoln,WA,Truck,0,0,0,4429,4429,0.00
June 30 2017,Manassas,VA,Passenger,0,1,1,9,10,10.00
June 30 2017,Marin,CA,Passenger,1,0,1,59,60,1.67
June 30 2017,New London,CT,Passenger,1,1,2,254,256,0.78
June 30 2017,Orange,CA,Passenger,3,1,4,630,634,0.63
June 30 2017,Orange,FL,Passenger,1,1,2,134,136,1.47
May 31 2017,Montgomery,PA,Passenger,1,0,1,39,40,2.50
May 31 2017,Okanogan,WA,Passenger,3,16,19,25687,25706,0.07
May 31 2017,Pacific,WA,Passenger,9,7,16,15137,15153,0.11
May 31 2017,Santa Clara,CA,Passenger,5,2,7,402,409,1.71
May 31 2017,Ferry,WA,Truck,0,0,0,3544,3544,0.00
May 31 2017,Hardin,KY,Passenger,0,1,1,123,124,0.81
June 30 2017,DeKalb,GA,Passenger,1,0,1,85,86,1.16
June 30 2017,El Paso,CO,Passenger,2,1,3,816,819,0.37
June 30 2017,Juneau,AK,Passenger,0,1,1,45,46,2.17
June 30 2017,Kent,MI,Passenger,0,1,1,37,38,2.63
June 30 2017,Lane,OR,Passenger,0,1,1,237,238,0.42
June 30 2017,Lewis,WA,Passenger,51,34,85,55546,55631,0.15
June 30 2017,Manatee,FL,Passenger,1,0,1,46,47,2.13
May 31 2017,Juneau,AK,Passenger,0,1,1,49,50,2.00
May 31 2017,Lane,OR,Passenger,0,1,1,244,245,0.41
May 31 2017,Maui,HI,Passenger,1,0,1,73,74,1.35
May 31 2017,Montgomery,MD,Passenger,1,0,1,303,304,0.33
May 31 2017,Adams,WA,Passenger,2,3,5,12197,12202,0.04
May 31 2017,Asotin,WA,Truck,0,0,0,6491,6491,0.00
May 31 2017,Skamania,WA,Passenger,9,7,16,8532,8548,0.19
May 31 2017,Skamania,WA,Truck,0,0,0,3863,3863,0.00
May 31 2017,Volusia,FL,Passenger,0,1,1,45,46,2.17
May 31 2017,Walla Walla,WA,Passenger,23,24,47,34853,34900,0.13
May 31 2017,Whitman,WA,Passenger,10,20,30,21989,22019,0.14
May 31 2017,Yakima,WA,Passenger,42,55,97,159379,159476,0.06
June 30 2017,Morris,NJ,Passenger,1,0,1,24,25,4.00
June 30 2017,New Haven,CT,Passenger,0,1,1,57,58,1.72
June 30 2017,Norfolk,VA,Passenger,1,1,2,317,319,0.63
June 30 2017,Nueces,TX,Passenger,0,1,1,96,97,1.03
May 31 2017,Spokane,WA,Truck,1,0,1,90331,90332,0.00
May 31 2017,Stevens,WA,Truck,0,0,0,18254,18254,0.00
May 31 2017,Utah,UT,Passenger,0,1,1,162,163,0.61
May 31 2017,Walla Walla,WA,Truck,0,0,0,13189,13189,0.00
May 31 2017,Whitman,WA,Truck,0,0,0,8394,8394,0.00
June 30 2017,Carroll,NH,Passenger,0,1,1,1,2,50.00
June 30 2017,Columbia,WA,Truck,0,0,0,1531,1531,0.00
May 31 2017,New Haven,CT,Passenger,0,1,1,60,61,1.64
May 31 2017,Palm Beach,FL,Passenger,0,1,1,95,96,1.04
May 31 2017,San Diego,CA,Passenger,5,1,6,2752,2758,0.22
May 31 2017,Sedgwick,KS,Passenger,0,1,1,108,109,0.92
June 30 2017,Canyon,ID,Passenger,0,1,1,100,101,0.99
June 30 2017,Chelan,WA,Truck,0,0,0,21303,21303,0.00
June 30 2017,Columbia,WA,Passenger,1,1,2,2353,2355,0.08
June 30 2017,Cowlitz,WA,Passenger,50,60,110,69655,69765,0.16
June 30 2017,Dallas,TX,Passenger,0,1,1,187,188,0.53
June 30 2017,Dane,WI,Passenger,1,0,1,103,104,0.96
June 30 2017,Douglas,WA,Passenger,34,26,60,26715,26775,0.22
June 30 2017,Riverside,CA,Passenger,1,1,2,809,811,0.25
June 30 2017,Salt Lake,UT,Passenger,0,1,1,265,266,0.38
June 30 2017,San Juan,WA,Passenger,107,40,147,13551,13698,1.07
June 30 2017,San Juan,WA,Truck,0,0,0,5537,5537,0.00
June 30 2017,Santa Fe,NM,Passenger,0,1,1,46,47,2.13
June 30 2017,Sumter,FL,Passenger,0,1,1,10,11,9.09
June 30 2017,Thurston,WA,Truck,0,0,0,53298,53298,0.00
June 30 2017,Garfield,WA,Truck,0,0,0,940,940,0.00
June 30 2017,Jackson,MO,Passenger,1,0,1,61,62,1.61
June 30 2017,King,WA,Passenger,10029,4105,14134,1375410,1389544,1.02
June 30 2017,King,WA,Truck,8,1,9,187749,187758,0.00
June 30 2017,Kittitas,WA,Truck,0,0,0,13557,13557,0.00
June 30 2017,Lee,AL,Passenger,1,0,1,36,37,2.70
June 30 2017,Dale,AL,Passenger,0,1,1,64,65,1.54
June 30 2017,Grays Harbor,WA,Truck,0,0,0,19889,19889,0.00
May 31 2017,Thurston,WA,Passenger,390,334,724,186074,186798,0.39
May 31 2017,Yakima,WA,Truck,0,0,0,57282,57282,0.00
June 30 2017,,,Passenger,3,0,3,470,473,0.63
June 30 2017,Allegheny,PA,Passenger,1,0,1,91,92,1.09
June 30 2017,Benton,WA,Truck,0,0,0,40055,40055,0.00
June 30 2017,Clackamas,OR,Passenger,0,1,1,296,297,0.34
June 30 2017,Clallam,WA,Truck,0,0,0,21017,21017,0.00
June 30 2017,Flathead,MT,Passenger,1,0,1,61,62,1.61
June 30 2017,Hawaii,HI,Passenger,1,0,1,81,82,1.22
June 30 2017,Island,WA,Passenger,117,136,253,60107,60360,0.42
July 31 2017,Benton,WA,Passenger,155,148,303,128669,128972,0.23
May 31 2017,Columbia,WA,Truck,0,0,0,1537,1537,0.00
May 31 2017,DeKalb,GA,Passenger,1,0,1,83,84,1.19
May 31 2017,District of Columbia,DC,Passenger,0,3,3,222,225,1.33
May 31 2017,Ferry,WA,Passenger,1,1,2,4409,4411,0.05
May 31 2017,Franklin,OH,Passenger,0,1,1,124,125,0.80
May 31 2017,Franklin,WA,Truck,0,0,0,18090,18090,0.00
May 31 2017,Grays Harbor,WA,Truck,0,0,0,19898,19898,0.00
June 30 2017,Snohomish,WA,Passenger,1792,903,2695,513193,515888,0.52
June 30 2017,Spokane,WA,Passenger,253,208,461,296814,297275,0.16
June 30 2017,Whatcom,WA,Truck,2,0,2,41619,41621,0.00
June 30 2017,Lincoln,WA,Passenger,2,5,7,7527,7534,0.09
June 30 2017,Montgomery,PA,Passenger,1,0,1,40,41,2.44
June 30 2017,Montgomery,TN,Passenger,1,0,1,285,286,0.35
June 30 2017,Okanogan,WA,Truck,0,0,0,16204,16204,0.00
June 30 2017,Jefferson,WA,Passenger,104,61,165,23851,24016,0.69
June 30 2017,Klickitat,WA,Truck,0,0,0,7971,7971,0.00
June 30 2017,Missoula,MT,Passenger,1,0,1,72,73,1.37
June 30 2017,Cumberland,NC,Passenger,1,0,1,586,587,0.17
June 30 2017,Ferry,WA,Truck,0,0,0,3537,3537,0.00
June 30 2017,Franklin,WA,Passenger,26,45,71,55617,55688,0.13
May 31 2017,Howard,MD,Passenger,0,2,2,91,93,2.15
May 31 2017,Kitsap,WA,Passenger,595,302,897,172843,173740,0.52
May 31 2017,Kittitas,WA,Truck,0,0,0,13529,13529,0.00
May 31 2017,Klickitat,WA,Truck,0,0,0,7967,7967,0.00
May 31 2017,Latah,ID,Passenger,0,1,1,110,111,0.90
June 30 2017,Benton,WA,Passenger,148,143,291,128514,128805,0.23
June 30 2017,Clark,WA,Truck,0,0,0,77650,77650,0.00
June 30 2017,Cowlitz,WA,Truck,0,0,0,27913,27913,0.00
June 30 2017,Deschutes,OR,Passenger,1,0,1,195,196,0.51
June 30 2017,Santa Clara,CA,Passenger,5,2,7,400,407,1.72
June 30 2017,Shelby,TN,Passenger,0,1,1,110,111,0.90
June 30 2017,Ventura,CA,Passenger,0,1,1,360,361,0.28
June 30 2017,Virginia Beach,VA,Passenger,2,1,3,660,663,0.45
June 30 2017,Kittitas,WA,Passenger,21,17,38,27578,27616,0.14
June 30 2017,Klickitat,WA,Passenger,22,24,46,14799,14845,0.31
June 30 2017,Maui,HI,Passenger,1,0,1,69,70,1.43
June 30 2017,Montgomery,MD,Passenger,1,0,1,305,306,0.33
June 30 2017,Multnomah,OR,Passenger,1,3,4,997,1001,0.40
June 30 2017,Nassau,NY,Passenger,0,1,1,39,40,2.50
June 30 2017,Okanogan,WA,Passenger,4,17,21,25709,25730,0.08
June 30 2017,Yakima,WA,Truck,0,0,0,57352,57352,0.00
July 31 2017,Alameda,CA,Passenger,1,1,2,357,359,0.56
July 31 2017,Arlington,VA,Passenger,1,1,2,167,169,1.18
July 31 2017,Charles,MD,Passenger,0,1,1,86,87,1.15
July 31 2017,Chelan,WA,Passenger,68,35,103,52135,52238,0.20
July 31 2017,Clark,NV,Passenger,1,2,3,814,817,0.37
June 30 2017,Whitman,WA,Truck,0,0,0,8429,8429,0.00
July 31 2017,Allegheny,PA,Passenger,1,0,1,88,89,1.12
July 31 2017,Benton,WA,Truck,0,0,0,40129,40129,0.00
July 31 2017,Chelan,WA,Truck,0,0,0,21329,21329,0.00
July 31 2017,Clallam,WA,Passenger,93,77,170,48418,48588,0.35
July 31 2017,Columbia,WA,Passenger,1,1,2,2350,2352,0.09
July 31 2017,Cowlitz,WA,Passenger,52,61,113,69777,69890,0.16
July 31 2017,Cowlitz,WA,Truck,0,0,0,27955,27955,0.00
July 31 2017,Dakota,MN,Passenger,0,1,1,36,37,2.70
July 31 2017,Dane,WI,Passenger,1,0,1,86,87,1.15
July 31 2017,Fairfax,VA,Passenger,2,2,4,854,858,0.47
July 31 2017,Flathead,MT,Passenger,1,0,1,60,61,1.64
May 31 2017,Middlesex,MA,Passenger,1,0,1,147,148,0.68
May 31 2017,Moore,NC,Passenger,0,1,1,201,202,0.50
May 31 2017,New London,CT,Passenger,1,1,2,253,255,0.78
May 31 2017,Okaloosa,FL,Passenger,1,0,1,185,186,0.54
May 31 2017,Orange,CA,Passenger,3,1,4,647,651,0.61
May 31 2017,Pima,AZ,Passenger,0,2,2,445,447,0.45
May 31 2017,Polk,FL,Passenger,1,0,1,66,67,1.49
July 31 2017,Dale,AL,Passenger,0,1,1,64,65,1.54
July 31 2017,Duval,FL,Passenger,1,1,2,379,381,0.52
July 31 2017,Grant,WA,Truck,0,0,0,25273,25273,0.00
June 30 2017,Grays Harbor,WA,Passenger,35,31,66,44776,44842,0.15
June 30 2017,Hamilton,IN,Passenger,1,0,1,59,60,1.67
June 30 2017,Harnett,NC,Passenger,1,0,1,261,262,0.38
June 30 2017,Honolulu,HI,Passenger,3,2,5,597,602,0.83
June 30 2017,Jefferson,WA,Truck,0,0,0,9425,9425,0.00
June 30 2017,Lewis,WA,Truck,0,0,0,24837,24837,0.00
June 30 2017,Douglas,WA,Truck,0,0,0,11527,11527,0.00
June 30 2017,Franklin,MA,Passenger,0,1,1,4,5,20.00
June 30 2017,Grant,WA,Passenger,20,27,47,60845,60892,0.08
June 30 2017,Gwinnett,GA,Passenger,0,1,1,84,85,1.18
June 30 2017,Island,WA,Truck,0,0,0,20498,20498,0.00
June 30 2017,Moore,NC,Passenger,0,1,1,199,200,0.50
June 30 2017,Okaloosa,FL,Passenger,1,0,1,183,184,0.54
June 30 2017,Pacific,WA,Passenger,10,7,17,15144,15161,0.11
June 30 2017,Pacific,WA,Truck,0,0,0,7471,7471,0.00
June 30 2017,Pend Oreille,WA,Passenger,3,4,7,9316,9323,0.08
June 30 2017,Pima,AZ,Passenger,1,2,3,431,434,0.69
June 30 2017,San Mateo,CA,Passenger,0,1,1,152,153,0.65
June 30 2017,Skamania,WA,Passenger,9,7,16,8566,8582,0.19
June 30 2017,St. Lucie,FL,Passenger,1,0,1,33,34,2.94
July 31 2017,Carroll,NH,Passenger,0,1,1,1,2,50.00
July 31 2017,Clark,WA,Passenger,795,517,1312,299966,301278,0.44
July 31 2017,District of Columbia,DC,Passenger,0,3,3,211,214,1.40
June 30 2017,Jefferson,NY,Passenger,1,1,2,255,257,0.78
June 30 2017,Lumpkin,GA,Passenger,1,0,1,9,10,10.00
June 30 2017,Madison,ID,Passenger,1,0,1,39,40,2.50
June 30 2017,Mason,WA,Truck,0,0,0,19274,19274,0.00
July 31 2017,Jefferson,WA,Passenger,107,61,168,23896,24064,0.70
July 31 2017,King,WA,Truck,8,1,9,187259,187268,0.00
July 31 2017,Lincoln,WA,Passenger,2,5,7,7519,7526,0.09
June 30 2017,Pend Oreille,WA,Truck,0,0,0,5574,5574,0.00
June 30 2017,Pierce,WA,Passenger,956,842,1798,524971,526769,0.34
June 30 2017,Portsmouth,VA,Passenger,0,1,1,68,69,1.45
June 30 2017,Prince George's,MD,Passenger,0,1,1,182,183,0.55
June 30 2017,Ramsey,MN,Passenger,1,0,1,41,42,2.38
June 30 2017,San Diego,CA,Passenger,5,1,6,2736,2742,0.22
June 30 2017,Sangamon,IL,Passenger,1,0,1,11,12,8.33
June 30 2017,Santa Rosa,FL,Passenger,1,0,1,113,114,0.88
June 30 2017,Skagit,WA,Passenger,140,103,243,88072,88315,0.28
June 30 2017,Skamania,WA,Truck,0,0,0,3892,3892,0.00
June 30 2017,Spokane,WA,Truck,1,0,1,90625,90626,0.00
May 31 2017,Riverside,CA,Passenger,1,1,2,822,824,0.24
May 31 2017,San Juan,WA,Truck,0,0,0,5543,5543,0.00
May 31 2017,San Mateo,CA,Passenger,0,1,1,158,159,0.63
May 31 2017,Santa Fe,NM,Passenger,0,1,1,46,47,2.13
May 31 2017,St. Lucie,FL,Passenger,1,0,1,32,33,3.03
May 31 2017,Sumter,FL,Passenger,0,1,1,10,11,9.09
May 31 2017,Thurston,WA,Truck,0,0,0,53245,53245,0.00
May 31 2017,Travis,TX,Passenger,0,1,1,192,193,0.52
May 31 2017,Ventura,CA,Passenger,0,1,1,364,365,0.27
June 30 2017,Utah,UT,Passenger,0,1,1,156,157,0.64
June 30 2017,Whatcom,WA,Passenger,462,175,637,143067,143704,0.44
July 31 2017,Albemarle,VA,Passenger,0,1,1,33,34,2.94
July 31 2017,Anne Arundel,MD,Passenger,0,1,1,502,503,0.20
July 31 2017,Bergen,NJ,Passenger,0,2,2,30,32,6.25
July 31 2017,Hawaii,HI,Passenger,1,0,1,80,81,1.23
July 31 2017,Island,WA,Passenger,121,141,262,60269,60531,0.43
July 31 2017,Island,WA,Truck,0,0,0,20497,20497,0.00
July 31 2017,Klickitat,WA,Passenger,22,24,46,14803,14849,0.31
July 31 2017,Klickitat,WA,Truck,0,0,0,7953,7953,0.00
July 31 2017,Manatee,FL,Passenger,1,0,1,42,43,2.33
June 30 2017,Los Angeles,CA,Passenger,3,1,4,1292,1296,0.31
June 30 2017,Maricopa,AZ,Passenger,2,1,3,1749,1752,0.17
June 30 2017,Mason,WA,Passenger,56,68,124,43454,43578,0.28
June 30 2017,Newport,RI,Passenger,1,0,1,121,122,0.82
June 30 2017,Arlington,VA,Passenger,1,1,2,167,169,1.18
June 30 2017,Monterey,CA,Passenger,0,1,1,208,209,0.48
June 30 2017,Palm Beach,FL,Passenger,0,1,1,95,96,1.04
June 30 2017,Pierce,WA,Truck,0,0,0,137531,137531,0.00
June 30 2017,Richmond,GA,Passenger,0,1,1,91,92,1.09
June 30 2017,Saratoga,NY,Passenger,1,1,2,75,77,2.60
July 31 2017,Fulton,GA,Passenger,1,0,1,113,114,0.88
July 31 2017,Grays Harbor,WA,Passenger,36,35,71,44848,44919,0.16
July 31 2017,Hamilton,IN,Passenger,1,0,1,59,60,1.67
July 31 2017,Jefferson,NY,Passenger,1,1,2,252,254,0.79
July 31 2017,Missoula,MT,Passenger,1,0,1,72,73,1.37
July 31 2017,Nantucket,MA,Passenger,1,0,1,3,4,25.00
July 31 2017,Pend Oreille,WA,Passenger,3,4,7,9322,9329,0.08
July 31 2017,Pinal,AZ,Passenger,2,0,2,237,239,0.84
July 31 2017,Prince William,VA,Passenger,0,3,3,270,273,1.10
June 30 2017,Tuolumne,CA,Passenger,0,1,1,14,15,6.67
June 30 2017,Volusia,FL,Passenger,0,1,1,47,48,2.08
June 30 2017,Walla Walla,WA,Truck,0,0,0,13205,13205,0.00
June 30 2017,Yakima,WA,Passenger,45,57,102,159406,159508,0.06
July 31 2017,DeKalb,IN,Passenger,1,0,1,1,2,50.00
July 31 2017,Essex,NJ,Passenger,1,0,1,14,15,6.67
July 31 2017,Garfield,WA,Truck,0,0,0,926,926,0.00
July 31 2017,Honolulu,HI,Passenger,3,2,5,576,581,0.86
June 30 2017,Sedgwick,KS,Passenger,0,1,1,110,111,0.90
June 30 2017,Snohomish,WA,Truck,1,0,1,121892,121893,0.00
June 30 2017,Thurston,WA,Passenger,398,336,734,186664,187398,0.39
June 30 2017,Tulare,CA,Passenger,1,0,1,199,200,0.50
June 30 2017,Twin Falls,ID,Passenger,0,1,1,23,24,4.17
June 30 2017,Wahkiakum,WA,Truck,0,0,0,1644,1644,0.00
July 31 2017,Pacific,WA,Passenger,10,9,19,15196,15215,0.12
July 31 2017,Pierce,WA,Passenger,986,856,1842,524608,526450,0.35
July 31 2017,Pierce,WA,Truck,0,0,0,137364,137364,0.00
July 31 2017,Polk,FL,Passenger,1,0,1,63,64,1.56
July 31 2017,Richmond,GA,Passenger,0,1,1,90,91,1.10
June 30 2017,Skagit,WA,Truck,1,0,1,31459,31460,0.00
June 30 2017,Stevens,WA,Truck,0,0,0,18273,18273,0.00
June 30 2017,Tarrant,TX,Passenger,1,0,1,253,254,0.39
July 31 2017,Adams,WA,Passenger,3,3,6,12184,12190,0.05
July 31 2017,Asotin,WA,Truck,0,0,0,6532,6532,0.00
July 31 2017,Clallam,WA,Truck,0,0,0,21044,21044,0.00
July 31 2017,Dallas,TX,Passenger,0,1,1,181,182,0.55
July 31 2017,Jefferson,WA,Truck,0,0,0,9416,9416,0.00
July 31 2017,King,WA,Passenger,10256,4174,14430,1373350,1387780,1.04
July 31 2017,Lee,AL,Passenger,1,0,1,36,37,2.70
July 31 2017,Lincoln,WA,Truck,0,0,0,4445,4445,0.00
June 30 2017,Wayne,MI,Passenger,0,1,1,71,72,1.39
July 31 2017,,,Passenger,3,0,3,466,469,0.64
July 31 2017,Bexar,TX,Passenger,1,1,2,888,890,0.22
July 31 2017,Skamania,WA,Passenger,9,7,16,8552,8568,0.19
July 31 2017,Utah,UT,Passenger,0,1,1,153,154,0.65
July 31 2017,Wahkiakum,WA,Passenger,0,2,2,2836,2838,0.07
July 31 2017,Walla Walla,WA,Passenger,27,26,53,34886,34939,0.15
August 31 2017,Adams,WA,Truck,0,0,0,5097,5097,0.00
August 31 2017,Anne Arundel,MD,Passenger,0,1,1,497,498,0.20
July 31 2017,Canyon,ID,Passenger,0,1,1,97,98,1.02
July 31 2017,Cape May,NJ,Passenger,0,1,1,19,20,5.00
July 31 2017,Lewis,WA,Truck,0,0,0,24914,24914,0.00
July 31 2017,Los Angeles,CA,Passenger,3,1,4,1269,1273,0.31
July 31 2017,Maricopa,AZ,Passenger,2,1,3,1705,1708,0.18
July 31 2017,Mason,WA,Passenger,57,71,128,43634,43762,0.29
July 31 2017,Mason,WA,Truck,0,0,0,19263,19263,0.00
July 31 2017,Monterey,CA,Passenger,0,2,2,201,203,0.99
July 31 2017,Moore,NC,Passenger,0,1,1,199,200,0.50
July 31 2017,Morris,NJ,Passenger,1,0,1,25,26,3.85
July 31 2017,Newport,RI,Passenger,1,0,1,121,122,0.82
July 31 2017,Norfolk,VA,Passenger,1,1,2,315,317,0.63
June 30 2017,Cape May,NJ,Passenger,0,1,1,19,20,5.00
June 30 2017,Chelan,WA,Passenger,67,37,104,52044,52148,0.20
June 30 2017,Clallam,WA,Passenger,90,76,166,48374,48540,0.34
June 30 2017,Clark,NV,Passenger,1,2,3,831,834,0.36
June 30 2017,Clark,WA,Passenger,787,504,1291,299559,300850,0.43
June 30 2017,District of Columbia,DC,Passenger,0,3,3,218,221,1.36
June 30 2017,Duval,FL,Passenger,1,1,2,384,386,0.52
June 30 2017,Fairfax,VA,Passenger,2,2,4,864,868,0.46
June 30 2017,Ferry,WA,Passenger,1,1,2,4394,4396,0.05
June 30 2017,Franklin,OH,Passenger,0,1,1,123,124,0.81
July 31 2017,San Mateo,CA,Passenger,0,1,1,152,153,0.65
July 31 2017,Skagit,WA,Truck,1,0,1,31486,31487,0.00
July 31 2017,Spokane,WA,Truck,1,0,1,90744,90745,0.00
July 31 2017,St. Lucie,FL,Passenger,1,0,1,32,33,3.03
July 31 2017,Stevens,WA,Passenger,8,23,31,31394,31425,0.10
July 31 2017,Whatcom,WA,Truck,2,0,2,41659,41661,0.00
July 31 2017,Columbia,WA,Truck,0,0,0,1533,1533,0.00
July 31 2017,Deschutes,OR,Passenger,1,0,1,194,195,0.51
July 31 2017,Multnomah,OR,Passenger,1,3,4,952,956,0.42
July 31 2017,Nassau,NY,Passenger,1,1,2,39,41,4.88
July 31 2017,Okanogan,WA,Passenger,4,18,22,25635,25657,0.09
June 30 2017,Grant,WA,Truck,0,0,0,25222,25222,0.00
October 31 2020,Santa Cruz,CA,Passenger,1,0,1,31,32,3.12
October 31 2020,Snohomish,WA,Passenger,4832,1816,6648,537869,544517,1.22
October 31 2020,Spokane,WA,Passenger,828,525,1353,319780,321133,0.42
October 31 2020,St. Clair,IL,Passenger,1,0,1,138,139,0.72
October 31 2020,St. Louis,MO,Passenger,1,0,1,97,98,1.02
August 31 2020,Benton,WA,Passenger,380,322,702,134327,135029,0.52
August 31 2020,Bexar,TX,Passenger,4,5,9,588,597,1.51
August 31 2020,Carroll,MD,Passenger,0,1,1,20,21,4.76
August 31 2020,Clallam,WA,Truck,1,0,1,21703,21704,0.00
August 31 2020,Cowlitz,WA,Truck,0,0,0,28911,28911,0.00
August 31 2020,Deschutes,OR,Passenger,1,0,1,127,128,0.78
August 31 2020,Douglas,WA,Passenger,77,41,118,28013,28131,0.42
November 30 2020,Cape May,NJ,Passenger,0,1,1,10,11,9.09
November 30 2020,Clackamas,OR,Passenger,2,0,2,183,185,1.08
November 30 2020,Clark,NV,Passenger,3,3,6,656,662,0.91
November 30 2020,Contra Costa,CA,Passenger,4,3,7,291,298,2.35
November 30 2020,Denton,TX,Passenger,1,0,1,86,87,1.15
November 30 2020,Deschutes,OR,Passenger,1,0,1,121,122,0.82
November 30 2020,Douglas,WA,Passenger,82,43,125,28130,28255,0.44
November 30 2020,Duval,FL,Passenger,0,2,2,358,360,0.56
November 30 2020,Ferry,WA,Truck,0,0,0,3595,3595,0.00
September 30 2020,Boulder,CO,Passenger,0,1,1,43,44,2.27
September 30 2020,Brevard,FL,Passenger,0,1,1,81,82,1.22
September 30 2020,Carroll,NH,Passenger,0,1,1,5,6,16.67
September 30 2020,Clark,NV,Passenger,2,3,5,666,671,0.75
September 30 2020,Collin,TX,Passenger,1,1,2,120,122,1.64
September 30 2020,Columbia,WA,Truck,0,0,0,1532,1532,0.00
September 30 2020,Dallas,TX,Passenger,1,0,1,181,182,0.55
October 31 2020,Collin,TX,Passenger,1,1,2,117,119,1.68
October 31 2020,Cowlitz,WA,Passenger,160,122,282,72099,72381,0.39
October 31 2020,Deschutes,OR,Passenger,1,0,1,122,123,0.81
October 31 2020,Ferry,WA,Truck,0,0,0,3594,3594,0.00
October 31 2020,Flathead,MT,Passenger,1,0,1,55,56,1.79
October 31 2020,Pend Oreille,WA,Passenger,8,4,12,9156,9168,0.13
October 31 2020,Pima,AZ,Passenger,3,1,4,330,334,1.20
October 31 2020,Putnam,TN,Passenger,0,1,1,2,3,33.33
October 31 2020,Sarasota,FL,Passenger,2,0,2,25,27,7.41
October 31 2020,Snohomish,WA,Truck,0,0,0,125324,125324,0.00
October 31 2020,Spartanburg,SC,Passenger,0,1,1,49,50,2.00
October 31 2020,Twin Falls,ID,Passenger,0,1,1,22,23,4.35
October 31 2020,Vigo,IN,Passenger,1,0,1,6,7,14.29
September 30 2020,Jefferson,CO,Passenger,0,1,1,57,58,1.72
September 30 2020,Jones,GA,Passenger,1,0,1,1,2,50.00
September 30 2020,Kauai,HI,Passenger,1,0,1,14,15,6.67
September 30 2020,Kern,CA,Passenger,0,1,1,225,226,0.44
September 30 2020,Kitsap,WA,Truck,0,0,0,54193,54193,0.00
September 30 2020,Lake,IL,Passenger,1,0,1,162,163,0.61
September 30 2020,Lewis,WA,Passenger,111,117,228,58310,58538,0.39
September 30 2020,Loudoun,VA,Passenger,1,0,1,83,84,1.19
September 30 2020,Manassas,VA,Passenger,0,1,1,4,5,20.00
October 31 2020,Yakima,WA,Truck,0,0,0,60698,60698,0.00
November 30 2020,Adams,WA,Truck,0,0,0,5325,5325,0.00
November 30 2020,Anne Arundel,MD,Passenger,1,1,2,399,401,0.50
November 30 2020,Grant,WA,Truck,0,0,0,27424,27424,0.00
November 30 2020,Hennepin,MN,Passenger,2,0,2,83,85,2.35
November 30 2020,Howard,IN,Passenger,0,1,1,3,4,25.00
November 30 2020,Kittitas,WA,Passenger,125,52,177,29746,29923,0.59
August 31 2020,Frederick,MD,Passenger,1,1,2,74,76,2.63
August 31 2020,Garfield,WA,Passenger,0,1,1,1351,1352,0.07
August 31 2020,Grant,WA,Passenger,66,75,141,65407,65548,0.22
August 31 2020,Houston,GA,Passenger,1,0,1,53,54,1.85
September 30 2020,Denton,TX,Passenger,1,0,1,88,89,1.12
September 30 2020,Duval,FL,Passenger,0,2,2,360,362,0.55
September 30 2020,Grays Harbor,WA,Truck,0,0,0,21092,21092,0.00
September 30 2020,Jefferson,WA,Passenger,257,148,405,24735,25140,1.61
September 30 2020,Montgomery,PA,Passenger,1,0,1,27,28,3.57
September 30 2020,Multnomah,OR,Passenger,4,6,10,696,706,1.42
September 30 2020,Nassau,NY,Passenger,4,0,4,28,32,12.50
September 30 2020,Okanogan,WA,Passenger,45,36,81,25967,26048,0.31
September 30 2020,Pacific,WA,Passenger,32,34,66,15718,15784,0.42
September 30 2020,Penobscot,ME,Passenger,0,1,1,12,13,7.69
September 30 2020,Pierce,WA,Passenger,2576,1711,4287,553915,558202,0.77
September 30 2020,Pinellas,FL,Passenger,1,1,2,104,106,1.89
September 30 2020,Prince George's,MD,Passenger,2,1,3,147,150,2.00
September 30 2020,Queens,NY,Passenger,1,0,1,52,53,1.89
September 30 2020,Randolph,NC,Passenger,1,0,1,7,8,12.50
September 30 2020,San Francisco,CA,Passenger,2,1,3,87,90,3.33
November 30 2020,Larimer,CO,Passenger,1,0,1,54,55,1.82
November 30 2020,Maui,HI,Passenger,1,0,1,28,29,3.45
November 30 2020,Missoula,MT,Passenger,1,0,1,63,64,1.56
November 30 2020,Oldham,KY,Passenger,0,1,1,4,5,20.00
September 30 2020,Montgomery,TX,Passenger,1,0,1,48,49,2.04
September 30 2020,New London,CT,Passenger,1,2,3,242,245,1.22
September 30 2020,Nueces,TX,Passenger,1,0,1,86,87,1.15
September 30 2020,Richland,SC,Passenger,0,1,1,149,150,0.67
September 30 2020,Saginaw,MI,Passenger,1,0,1,9,10,10.00
September 30 2020,Salt Lake,UT,Passenger,0,2,2,175,177,1.13
October 31 2020,Hampshire,MA,Passenger,1,0,1,6,7,14.29
October 31 2020,Harrison,MS,Passenger,1,0,1,55,56,1.79
October 31 2020,Hawaii,HI,Passenger,1,0,1,52,53,1.89
October 31 2020,Island,WA,Passenger,463,284,747,62904,63651,1.17
October 31 2020,Jefferson,WA,Truck,0,0,0,9575,9575,0.00
October 31 2020,Klickitat,WA,Passenger,59,44,103,15004,15107,0.68
September 30 2020,Lee,FL,Passenger,1,0,1,47,48,2.08
September 30 2020,Middlesex,MA,Passenger,1,1,2,96,98,2.04
September 30 2020,Okaloosa,FL,Passenger,0,1,1,143,144,0.69
August 31 2020,King,WA,Passenger,25177,7814,32991,1370973,1403964,2.35
August 31 2020,Kings,NY,Passenger,1,0,1,63,64,1.56
August 31 2020,Manassas,VA,Passenger,0,1,1,4,5,20.00
August 31 2020,Monterey,CA,Passenger,0,1,1,162,163,0.61
November 30 2020,Clark,WA,Truck,0,0,0,83228,83228,0.00
November 30 2020,Denver,CO,Passenger,1,0,1,115,116,0.86
November 30 2020,Douglas,WA,Truck,0,0,0,12452,12452,0.00
November 30 2020,DuPage,IL,Passenger,3,0,3,54,57,5.26
November 30 2020,El Paso,CO,Passenger,2,0,2,718,720,0.28
November 30 2020,El Paso,TX,Passenger,3,0,3,404,407,0.74
November 30 2020,Erie,NY,Passenger,1,0,1,45,46,2.17
November 30 2020,Garfield,WA,Truck,0,0,0,996,996,0.00
November 30 2020,Goochland,VA,Passenger,4,2,6,237,243,2.47
November 30 2020,Greene,MO,Passenger,0,1,1,32,33,3.03
November 30 2020,Gwinnett,GA,Passenger,1,0,1,69,70,1.43
October 31 2020,Wahkiakum,WA,Truck,0,0,0,1764,1764,0.00
October 31 2020,Washoe,NV,Passenger,1,0,1,100,101,0.99
October 31 2020,Whatcom,WA,Passenger,1169,532,1701,149679,151380,1.12
November 30 2020,Asotin,WA,Passenger,17,14,31,12412,12443,0.25
November 30 2020,Broward,FL,Passenger,2,1,3,109,112,2.68
November 30 2020,Cascade,MT,Passenger,0,1,1,54,55,1.82
November 30 2020,Chelan,WA,Passenger,271,84,355,54375,54730,0.65
November 30 2020,Chelan,WA,Truck,0,0,0,22780,22780,0.00
October 31 2020,Pacific,WA,Truck,0,0,0,7753,7753,0.00
October 31 2020,Pierce,WA,Passenger,2663,1741,4404,554849,559253,0.79
October 31 2020,Platte,MO,Passenger,1,0,1,16,17,5.88
October 31 2020,Portsmouth,VA,Passenger,0,1,1,75,76,1.32
October 31 2020,Prince George's,MD,Passenger,2,1,3,148,151,1.99
October 31 2020,Randolph,NC,Passenger,1,0,1,7,8,12.50
September 30 2020,San Joaquin,CA,Passenger,1,0,1,115,116,0.86
September 30 2020,Santa Clara,CA,Passenger,6,2,8,278,286,2.80
September 30 2020,Skagit,WA,Passenger,447,228,675,91508,92183,0.73
September 30 2020,Skamania,WA,Truck,0,0,0,4005,4005,0.00
September 30 2020,Spokane,WA,Truck,1,0,1,99867,99868,0.00
September 30 2020,Walla Walla,WA,Truck,0,0,0,13789,13789,0.00
September 30 2020,Wilson,TX,Passenger,0,1,1,5,6,16.67
November 30 2020,Harnett,NC,Passenger,1,0,1,191,192,0.52
November 30 2020,Honolulu,HI,Passenger,5,2,7,432,439,1.59
November 30 2020,Lake,FL,Passenger,1,0,1,23,24,4.17
September 30 2020,San Juan,WA,Truck,0,0,0,5847,5847,0.00
September 30 2020,Snohomish,WA,Passenger,4695,1808,6503,537233,543736,1.20
September 30 2020,Tulsa,OK,Passenger,1,1,2,38,40,5.00
September 30 2020,Ulster,NY,Passenger,1,0,1,8,9,11.11
September 30 2020,Wahkiakum,WA,Passenger,6,6,12,3016,3028,0.40
August 31 2020,Okanogan,WA,Truck,0,0,0,16541,16541,0.00
August 31 2020,Powhatan,VA,Passenger,1,0,1,0,1,100.00
August 31 2020,Richmond,GA,Passenger,0,1,1,86,87,1.15
August 31 2020,San Diego,CA,Passenger,15,5,20,2772,2792,0.72
August 31 2020,Shasta,CA,Passenger,1,0,1,36,37,2.70
August 31 2020,Suffolk,MA,Passenger,0,2,2,35,37,5.41
November 30 2020,Prince William,VA,Passenger,2,2,4,221,225,1.78
November 30 2020,RÃ­o Grande,PR,Passenger,1,0,1,1,2,50.00
November 30 2020,Sacramento,CA,Passenger,2,0,2,245,247,0.81
November 30 2020,San Diego,CA,Passenger,14,4,18,2735,2753,0.65
November 30 2020,Sedgwick,KS,Passenger,1,1,2,89,91,2.20
November 30 2020,Skamania,WA,Passenger,33,21,54,8304,8358,0.65
November 30 2020,Thurston,WA,Passenger,1291,763,2054,197237,199291,1.03
October 31 2020,Alexandria,VA,Passenger,2,0,2,136,138,1.45
October 31 2020,Carroll,MD,Passenger,0,1,1,21,22,4.55
October 31 2020,Clallam,WA,Truck,1,0,1,21766,21767,0.00
November 30 2020,Okanogan,WA,Passenger,51,37,88,25987,26075,0.34
November 30 2020,Owyhee,ID,Passenger,1,0,1,3,4,25.00
November 30 2020,Palm Beach,FL,Passenger,0,1,1,69,70,1.43
November 30 2020,Penobscot,ME,Passenger,0,1,1,10,11,9.09
November 30 2020,Pinellas,FL,Passenger,1,1,2,99,101,1.98
November 30 2020,Queens,NY,Passenger,1,0,1,51,52,1.92
November 30 2020,Richland,SC,Passenger,0,1,1,145,146,0.68
November 30 2020,Clallam,WA,Passenger,262,176,438,49873,50311,0.87
November 30 2020,Cowlitz,WA,Passenger,170,124,294,72011,72305,0.41
November 30 2020,Dakota,MN,Passenger,0,1,1,28,29,3.45
November 30 2020,Fairbanks North Star,AK,Passenger,0,1,1,95,96,1.04
November 30 2020,Fairfax,VA,Passenger,4,3,7,717,724,0.97
November 30 2020,Flathead,MT,Passenger,1,0,1,54,55,1.82
November 30 2020,Hampshire,MA,Passenger,1,0,1,6,7,14.29
November 30 2020,Harrison,MS,Passenger,1,0,1,57,58,1.72
October 31 2020,Sedgwick,KS,Passenger,1,1,2,91,93,2.15
October 31 2020,Skagit,WA,Passenger,466,231,697,91534,92231,0.76
October 31 2020,St. Mary's,MD,Passenger,1,0,1,218,219,0.46
October 31 2020,Thurston,WA,Passenger,1255,761,2016,197315,199331,1.01
September 30 2020,Pacific,WA,Truck,0,0,0,7743,7743,0.00
September 30 2020,Pend Oreille,WA,Passenger,8,4,12,9187,9199,0.13
September 30 2020,Pend Oreille,WA,Truck,0,0,0,5729,5729,0.00
September 30 2020,Placer,CA,Passenger,2,0,2,86,88,2.27
September 30 2020,Prince William,VA,Passenger,2,2,4,220,224,1.79
September 30 2020,RÃ­o Grande,PR,Passenger,1,0,1,1,2,50.00
September 30 2020,Ramsey,MN,Passenger,1,0,1,36,37,2.70
September 30 2020,Skamania,WA,Passenger,32,21,53,8372,8425,0.63
September 30 2020,Utah,UT,Passenger,0,1,1,130,131,0.76
September 30 2020,Walla Walla,WA,Passenger,86,62,148,35945,36093,0.41
August 31 2020,Ulster,NY,Passenger,1,0,1,8,9,11.11
August 31 2020,Virginia Beach,VA,Passenger,1,0,1,669,670,0.15
September 30 2020,Ada,ID,Passenger,0,1,1,249,250,0.40
September 30 2020,Albemarle,VA,Passenger,1,0,1,21,22,4.55
September 30 2020,Benton,WA,Passenger,394,329,723,134389,135112,0.54
September 30 2020,Broward,FL,Passenger,1,1,2,108,110,1.82
September 30 2020,Calvert,MD,Passenger,0,2,2,85,87,2.30
September 30 2020,Cascade,MT,Passenger,0,1,1,54,55,1.82
November 30 2020,Stevens,WA,Truck,0,0,0,18673,18673,0.00
November 30 2020,Twin Falls,ID,Passenger,0,1,1,23,24,4.17
November 30 2020,Vigo,IN,Passenger,1,0,1,6,7,14.29
November 30 2020,Whitman,WA,Truck,0,0,0,8487,8487,0.00
November 30 2020,Williamson,TX,Passenger,0,2,2,120,122,1.64
October 31 2020,Contra Costa,CA,Passenger,4,3,7,293,300,2.33
October 31 2020,Dallas,TX,Passenger,1,0,1,181,182,0.55
October 31 2020,Douglas,WA,Passenger,80,43,123,28071,28194,0.44
October 31 2020,Fort Bend,TX,Passenger,1,0,1,44,45,2.22
October 31 2020,Frederick,MD,Passenger,1,1,2,72,74,2.70
October 31 2020,Hamilton,IN,Passenger,2,0,2,38,40,5.00
October 31 2020,Benton,WA,Passenger,403,340,743,134691,135434,0.55
October 31 2020,Cascade,MT,Passenger,0,1,1,53,54,1.85
October 31 2020,Chelan,WA,Truck,0,0,0,22772,22772,0.00
October 31 2020,Columbia,WA,Passenger,4,3,7,2439,2446,0.29
October 31 2020,Columbia,WA,Truck,0,0,0,1532,1532,0.00
October 31 2020,Cowlitz,WA,Truck,0,0,0,28894,28894,0.00
October 31 2020,Dakota,MN,Passenger,0,1,1,28,29,3.45
September 30 2020,Cowlitz,WA,Truck,0,0,0,28936,28936,0.00
September 30 2020,Dakota,MN,Passenger,0,1,1,31,32,3.12
September 30 2020,DeKalb,IN,Passenger,1,0,1,1,2,50.00
September 30 2020,Douglas,CO,Passenger,0,1,1,77,78,1.28
September 30 2020,Fulton,GA,Passenger,1,2,3,94,97,3.09
November 30 2020,Hawaii,HI,Passenger,1,0,1,52,53,1.89
November 30 2020,Island,WA,Passenger,480,287,767,62939,63706,1.20
November 30 2020,Klickitat,WA,Passenger,62,42,104,14977,15081,0.69
November 30 2020,Montgomery,OH,Passenger,0,1,1,52,53,1.89
October 31 2020,Washington,OR,Passenger,1,0,1,421,422,0.24
November 30 2020,Adams,WA,Passenger,10,6,16,12943,12959,0.12
November 30 2020,Albemarle,VA,Passenger,1,0,1,22,23,4.35
November 30 2020,Arapahoe,CO,Passenger,1,0,1,123,124,0.81
November 30 2020,Asotin,WA,Truck,0,0,0,6663,6663,0.00
November 30 2020,Carroll,MD,Passenger,0,1,1,21,22,4.55
December 31 2020,Allegheny,PA,Passenger,1,1,2,64,66,3.03
December 31 2020,Carson City,NV,Passenger,1,0,1,12,13,7.69
December 31 2020,Clackamas,OR,Passenger,3,0,3,184,187,1.60
November 30 2020,Walla Walla,WA,Passenger,95,66,161,36070,36231,0.44
November 30 2020,Whitman,WA,Passenger,51,44,95,21964,22059,0.43
November 30 2020,Williams,ND,Passenger,0,1,1,10,11,9.09
December 31 2020,Adams,WA,Truck,0,0,0,5337,5337,0.00
December 31 2020,Asotin,WA,Passenger,16,13,29,12414,12443,0.23
December 31 2020,Asotin,WA,Truck,0,0,0,6672,6672,0.00
September 30 2020,Williams,ND,Passenger,0,1,1,11,12,8.33
September 30 2020,Yakima,WA,Passenger,154,124,278,166498,166776,0.17
October 31 2020,Ada,ID,Passenger,0,1,1,250,251,0.40
October 31 2020,Adams,WA,Truck,0,0,0,5335,5335,0.00
October 31 2020,Albemarle,VA,Passenger,1,0,1,22,23,4.35
October 31 2020,Anne Arundel,MD,Passenger,1,1,2,404,406,0.49
October 31 2020,Bexar,TX,Passenger,4,5,9,575,584,1.54
October 31 2020,Denver,CO,Passenger,1,0,1,115,116,0.86
October 31 2020,El Paso,TX,Passenger,3,0,3,415,418,0.72
October 31 2020,Fairbanks North Star,AK,Passenger,0,1,1,97,98,1.02
October 31 2020,Gwinnett,GA,Passenger,1,0,1,68,69,1.45
October 31 2020,Island,WA,Truck,1,0,1,21309,21310,0.00
October 31 2020,Harris,TX,Passenger,1,0,1,217,218,0.46
October 31 2020,Jones,GA,Passenger,1,0,1,1,2,50.00
October 31 2020,Lake,IL,Passenger,2,0,2,159,161,1.24
October 31 2020,Manassas,VA,Passenger,0,1,1,4,5,20.00
October 31 2020,Maricopa,AZ,Passenger,5,7,12,1326,1338,0.90
October 31 2020,Mason,WA,Passenger,165,135,300,47501,47801,0.63
October 31 2020,Maui,HI,Passenger,1,0,1,28,29,3.45
December 31 2020,Chesapeake,VA,Passenger,0,3,3,411,414,0.72
December 31 2020,DuPage,IL,Passenger,2,0,2,54,56,3.57
December 31 2020,El Paso,CO,Passenger,2,0,2,717,719,0.28
December 31 2020,Erie,NY,Passenger,1,0,1,43,44,2.27
December 31 2020,Franklin,WA,Truck,0,0,0,20435,20435,0.00
September 30 2020,Houston,GA,Passenger,1,0,1,53,54,1.85
September 30 2020,Island,WA,Truck,1,0,1,21259,21260,0.00
September 30 2020,Jefferson,NY,Passenger,0,1,1,212,213,0.47
September 30 2020,Kent,MI,Passenger,0,1,1,23,24,4.17
September 30 2020,King,WA,Passenger,25395,7896,33291,1371668,1404959,2.37
September 30 2020,Kootenai,ID,Passenger,1,0,1,218,219,0.46
September 30 2020,Lincoln,WA,Truck,0,0,0,4640,4640,0.00
September 30 2020,Mason,WA,Truck,0,0,0,20803,20803,0.00
October 31 2020,DeKalb,IN,Passenger,1,0,1,1,2,50.00
October 31 2020,Erie,NY,Passenger,1,0,1,46,47,2.13
October 31 2020,Garfield,WA,Passenger,0,1,1,1352,1353,0.07
October 31 2020,Garfield,WA,Truck,0,0,0,990,990,0.00
October 31 2020,Harnett,NC,Passenger,1,0,1,192,193,0.52
October 31 2020,Honolulu,HI,Passenger,5,2,7,431,438,1.60
October 31 2020,Houston,GA,Passenger,1,0,1,52,53,1.89
November 30 2020,DeKalb,IN,Passenger,1,0,1,0,1,100.00
November 30 2020,District of Columbia,DC,Passenger,3,1,4,196,200,2.00
November 30 2020,Franklin,WA,Truck,0,0,0,20379,20379,0.00
November 30 2020,Frederick,MD,Passenger,1,1,2,73,75,2.67
November 30 2020,Fresno,CA,Passenger,1,0,1,171,172,0.58
November 30 2020,Fulton,GA,Passenger,1,2,3,89,92,3.26
November 30 2020,Garfield,WA,Passenger,0,1,1,1363,1364,0.07
November 30 2020,Grant,WA,Passenger,78,79,157,65772,65929,0.24
November 30 2020,Grays Harbor,WA,Truck,0,0,0,21131,21131,0.00
November 30 2020,Pierce,WA,Passenger,2762,1757,4519,554950,559469,0.81
November 30 2020,Polk,FL,Passenger,1,0,1,58,59,1.69
November 30 2020,Portsmouth,VA,Passenger,0,1,1,77,78,1.28
November 30 2020,Prince George's,MD,Passenger,2,1,3,146,149,2.01
November 30 2020,Randolph,NC,Passenger,1,0,1,6,7,14.29
November 30 2020,San Joaquin,CA,Passenger,1,0,1,110,111,0.90
November 30 2020,Shelby,OH,Passenger,0,1,1,1,2,50.00
November 30 2020,Skagit,WA,Passenger,481,235,716,91415,92131,0.78
November 30 2020,Spokane,WA,Passenger,859,542,1401,320316,321717,0.44
November 30 2020,Spokane,WA,Truck,0,0,0,100381,100381,0.00
November 30 2020,St. Louis,MO,Passenger,1,0,1,95,96,1.04
December 31 2020,Columbia,WA,Passenger,5,3,8,2441,2449,0.33
December 31 2020,Contra Costa,CA,Passenger,3,3,6,285,291,2.06
December 31 2020,Cumberland,NC,Passenger,0,3,3,451,454,0.66
December 31 2020,Douglas,NE,Passenger,0,1,1,50,51,1.96
December 31 2020,Fairbanks North Star,AK,Passenger,0,1,1,93,94,1.06
December 31 2020,Ferry,WA,Truck,0,0,0,3604,3604,0.00
December 31 2020,Franklin,WA,Passenger,85,83,168,61373,61541,0.27
December 31 2020,Grays Harbor,WA,Passenger,127,122,249,48654,48903,0.51
December 31 2020,Harrison,MS,Passenger,2,0,2,56,58,3.45
October 31 2020,Montgomery,TX,Passenger,1,0,1,48,49,2.04
October 31 2020,Multnomah,OR,Passenger,3,6,9,700,709,1.27
October 31 2020,Newport,RI,Passenger,1,0,1,83,84,1.19
October 31 2020,Pend Oreille,WA,Truck,0,0,0,5716,5716,0.00
October 31 2020,Placer,CA,Passenger,2,0,2,86,88,2.27
October 31 2020,Plaquemines,LA,Passenger,0,1,1,13,14,7.14
October 31 2020,Ramsey,MN,Passenger,1,0,1,34,35,2.86
October 31 2020,Klickitat,WA,Truck,0,0,0,8089,8089,0.00
October 31 2020,Lake,FL,Passenger,1,0,1,23,24,4.17
October 31 2020,Montgomery,OH,Passenger,0,1,1,48,49,2.04
October 31 2020,New York,NY,Passenger,1,0,1,57,58,1.72
October 31 2020,Okaloosa,FL,Passenger,0,1,1,140,141,0.71
October 31 2020,Pacific,WA,Passenger,34,34,68,15727,15795,0.43
October 31 2020,Pierce,WA,Truck,0,0,0,144384,144384,0.00
September 30 2020,Monterey,CA,Passenger,0,1,1,158,159,0.63
September 30 2020,Montgomery,AL,Passenger,0,1,1,41,42,2.38
September 30 2020,Morris,NJ,Passenger,1,0,1,18,19,5.26
September 30 2020,New York,NY,Passenger,1,0,1,56,57,1.75
September 30 2020,Norfolk,VA,Passenger,2,2,4,353,357,1.12
September 30 2020,Pierce,WA,Truck,0,0,0,143984,143984,0.00
September 30 2020,Putnam,TN,Passenger,0,1,1,2,3,33.33
December 31 2020,Hampshire,MA,Passenger,1,0,1,6,7,14.29
December 31 2020,Jones,GA,Passenger,1,0,1,1,2,50.00
December 31 2020,Kent,MI,Passenger,0,1,1,23,24,4.17
December 31 2020,Kern,CA,Passenger,0,1,1,218,219,0.46
December 31 2020,Kitsap,WA,Truck,0,0,0,54373,54373,0.00
December 31 2020,Kittitas,WA,Truck,0,0,0,14644,14644,0.00
December 31 2020,Lewis,WA,Passenger,123,122,245,58844,59089,0.41
November 30 2020,Stevens,WA,Passenger,36,39,75,30279,30354,0.25
December 31 2020,Alexandria,VA,Passenger,2,0,2,136,138,1.45
October 31 2020,King,WA,Passenger,25882,8013,33895,1373050,1406945,2.41
October 31 2020,Kings,NY,Passenger,1,0,1,63,64,1.56
October 31 2020,Lincoln,WA,Truck,0,0,0,4661,4661,0.00
October 31 2020,Saginaw,MI,Passenger,1,0,1,9,10,10.00
October 31 2020,San Diego,CA,Passenger,14,4,18,2748,2766,0.65
October 31 2020,San Francisco,CA,Passenger,1,1,2,88,90,2.22
October 31 2020,Skamania,WA,Truck,0,0,0,3996,3996,0.00
October 31 2020,Washtenaw,MI,Passenger,1,0,1,31,32,3.12
November 30 2020,Howard,MD,Passenger,0,1,1,64,65,1.54
November 30 2020,Jefferson,NY,Passenger,0,1,1,211,212,0.47
November 30 2020,Kern,CA,Passenger,0,1,1,218,219,0.46
November 30 2020,Kitsap,WA,Passenger,1521,737,2258,179794,182052,1.24
November 30 2020,Lincoln,WA,Truck,0,0,0,4660,4660,0.00
November 30 2020,Manassas,VA,Passenger,0,1,1,4,5,20.00
December 31 2020,Montgomery,TX,Passenger,1,0,1,47,48,2.08
December 31 2020,New London,CT,Passenger,1,2,3,237,240,1.25
December 31 2020,Nueces,TX,Passenger,1,0,1,82,83,1.20
December 31 2020,Orange,FL,Passenger,1,0,1,114,115,0.87
December 31 2020,Owyhee,ID,Passenger,1,0,1,3,4,25.00
December 31 2020,Portsmouth,VA,Passenger,0,1,1,78,79,1.27
December 31 2020,Richland,SC,Passenger,0,1,1,145,146,0.68
December 31 2020,Saginaw,MI,Passenger,2,0,2,9,11,18.18
December 31 2020,Hennepin,MN,Passenger,2,0,2,82,84,2.38
December 31 2020,Kittitas,WA,Passenger,127,51,178,29827,30005,0.59
December 31 2020,Klamath,OR,Passenger,1,0,1,28,29,3.45
December 31 2020,Klickitat,WA,Passenger,62,43,105,14980,15085,0.70
December 31 2020,Lewis,WA,Truck,0,0,0,26622,26622,0.00
December 31 2020,Los Angeles,CA,Passenger,10,11,21,944,965,2.18
December 31 2020,Maricopa,AZ,Passenger,6,7,13,1301,1314,0.99
December 31 2020,Carroll,NH,Passenger,0,1,1,5,6,16.67
December 31 2020,Clark,WA,Truck,0,0,0,83499,83499,0.00
December 31 2020,Dallas,TX,Passenger,1,0,1,173,174,0.57
December 31 2020,Denton,TX,Passenger,1,0,1,86,87,1.15
December 31 2020,Douglas,WA,Passenger,86,44,130,28195,28325,0.46
December 31 2020,Frederick,MD,Passenger,1,1,2,72,74,2.70
October 31 2020,Pinellas,FL,Passenger,1,1,2,100,102,1.96
October 31 2020,Polk,FL,Passenger,1,0,1,59,60,1.67
October 31 2020,Powhatan,VA,Passenger,1,0,1,0,1,100.00
October 31 2020,Richmond,GA,Passenger,0,1,1,83,84,1.19
October 31 2020,San Joaquin,CA,Passenger,1,0,1,113,114,0.88
October 31 2020,San Mateo,CA,Passenger,1,1,2,106,108,1.85
October 31 2020,Skagit,WA,Truck,1,0,1,32684,32685,0.00
October 31 2020,Spokane,WA,Truck,0,0,0,100211,100211,0.00
October 31 2020,Stevens,WA,Passenger,36,39,75,30370,30445,0.25
October 31 2020,Stevens,WA,Truck,0,0,0,18697,18697,0.00
October 31 2020,Suffolk,MA,Passenger,0,2,2,34,36,5.56
October 31 2020,Utah,UT,Passenger,0,1,1,129,130,0.77
September 30 2020,Santa Cruz,CA,Passenger,1,0,1,32,33,3.03
September 30 2020,Shelby,TN,Passenger,0,1,1,79,80,1.25
September 30 2020,Skagit,WA,Truck,1,0,1,32645,32646,0.00
September 30 2020,Spartanburg,SC,Passenger,0,1,1,49,50,2.00
September 30 2020,St. Clair,IL,Passenger,1,0,1,139,140,0.71
September 30 2020,Virginia Beach,VA,Passenger,1,0,1,666,667,0.15
September 30 2020,Whatcom,WA,Truck,3,0,3,43384,43387,0.01
September 30 2020,Yakima,WA,Truck,0,0,0,60577,60577,0.00
October 31 2020,Alameda,CA,Passenger,2,0,2,254,256,0.78
October 31 2020,Arlington,VA,Passenger,0,2,2,145,147,1.36
October 31 2020,Montgomery,AL,Passenger,0,1,1,42,43,2.33
October 31 2020,Nassau,NY,Passenger,4,0,4,28,32,12.50
October 31 2020,Okanogan,WA,Passenger,47,36,83,25994,26077,0.32
October 31 2020,Okanogan,WA,Truck,0,0,0,16572,16572,0.00
October 31 2020,Penobscot,ME,Passenger,0,1,1,12,13,7.69
October 31 2020,Queens,NY,Passenger,1,0,1,51,52,1.92
October 31 2020,Richland,SC,Passenger,0,1,1,149,150,0.67
November 30 2020,Mason,WA,Truck,0,0,0,20859,20859,0.00
November 30 2020,Middlesex,MA,Passenger,1,1,2,96,98,2.04
November 30 2020,Monroe,IL,Passenger,1,0,1,3,4,25.00
November 30 2020,Monterey,CA,Passenger,0,1,1,156,157,0.64
November 30 2020,Montgomery,AL,Passenger,0,1,1,42,43,2.33
November 30 2020,Moore,NC,Passenger,0,1,1,153,154,0.65
November 30 2020,New London,CT,Passenger,1,2,3,242,245,1.22
November 30 2020,Orange,CA,Passenger,4,3,7,460,467,1.50
November 30 2020,Pima,AZ,Passenger,3,1,4,329,333,1.20
October 31 2020,Yakima,WA,Passenger,157,122,279,166893,167172,0.17
November 30 2020,Anchorage,AK,Passenger,1,0,1,146,147,0.68
November 30 2020,Benton,WA,Passenger,426,348,774,134799,135573,0.57
November 30 2020,Bexar,TX,Passenger,4,5,9,567,576,1.56
November 30 2020,Chesapeake,VA,Passenger,0,3,3,412,415,0.72
November 30 2020,Collin,TX,Passenger,1,1,2,118,120,1.67
November 30 2020,Columbia,WA,Truck,0,0,0,1530,1530,0.00
December 31 2020,Grant,WA,Passenger,80,81,161,65935,66096,0.24
December 31 2020,Grays Harbor,WA,Truck,0,0,0,21202,21202,0.00
December 31 2020,Juneau,AK,Passenger,0,1,1,25,26,3.85
December 31 2020,Lee,FL,Passenger,1,0,1,43,44,2.27
October 31 2020,Whatcom,WA,Truck,3,0,3,43456,43459,0.01
November 30 2020,Allegheny,PA,Passenger,1,1,2,64,66,3.03
November 30 2020,Arlington,VA,Passenger,0,2,2,144,146,1.37
November 30 2020,Benton,WA,Truck,0,0,0,43111,43111,0.00
November 30 2020,Bradley,TN,Passenger,1,0,1,0,1,100.00
November 30 2020,Charles,MD,Passenger,1,1,2,75,77,2.60
October 31 2020,Ulster,NY,Passenger,1,0,1,8,9,11.11
October 31 2020,Virginia Beach,VA,Passenger,1,0,1,657,658,0.15
October 31 2020,Walla Walla,WA,Truck,0,0,0,13797,13797,0.00
October 31 2020,Whitman,WA,Truck,0,0,0,8487,8487,0.00
October 31 2020,Williamson,TX,Passenger,0,2,2,125,127,1.57
November 30 2020,Ada,ID,Passenger,0,1,1,245,246,0.41
November 30 2020,Alexandria,VA,Passenger,2,0,2,135,137,1.46
December 31 2020,San Juan,WA,Truck,0,0,0,5873,5873,0.00
December 31 2020,Snohomish,WA,Passenger,5037,1848,6885,538628,545513,1.26
December 31 2020,Spokane,WA,Passenger,886,547,1433,321154,322587,0.44
December 31 2020,St. Louis,MO,Passenger,1,0,1,96,97,1.03
December 31 2020,Ventura,CA,Passenger,1,1,2,280,282,0.71
December 31 2020,Whitman,WA,Truck,0,0,0,8508,8508,0.00
November 30 2020,Putnam,TN,Passenger,0,1,1,2,3,33.33
November 30 2020,Riverside,CA,Passenger,4,1,5,599,604,0.83
November 30 2020,San Juan,WA,Truck,0,0,0,5865,5865,0.00
November 30 2020,Spartanburg,SC,Passenger,0,1,1,48,49,2.04
November 30 2020,Stafford,VA,Passenger,1,1,2,92,94,2.13
November 30 2020,Sumter,FL,Passenger,0,1,1,10,11,9.09
November 30 2020,Thurston,WA,Truck,0,0,0,56295,56295,0.00
November 30 2020,Ulster,NY,Passenger,1,0,1,8,9,11.11
December 31 2020,Montgomery,PA,Passenger,1,0,1,25,26,3.85
December 31 2020,Pacific,WA,Passenger,34,35,69,15728,15797,0.44
December 31 2020,Plaquemines,LA,Passenger,0,1,1,13,14,7.14
December 31 2020,Prince George's,MD,Passenger,2,1,3,143,146,2.05
December 31 2020,Randolph,NC,Passenger,1,0,1,6,7,14.29
December 31 2020,San Joaquin,CA,Passenger,1,0,1,108,109,0.92
December 31 2020,San Juan,WA,Passenger,365,111,476,14023,14499,3.28
December 31 2020,Santa Clara,CA,Passenger,7,2,9,269,278,3.24
December 31 2020,Sedgwick,KS,Passenger,1,1,2,89,91,2.20
December 31 2020,Snohomish,WA,Truck,0,0,0,125706,125706,0.00
October 31 2020,Boulder,CO,Passenger,0,1,1,42,43,2.33
October 31 2020,Bradley,TN,Passenger,1,0,1,0,1,100.00
October 31 2020,Bucks,PA,Passenger,1,0,1,18,19,5.26
October 31 2020,Cape May,NJ,Passenger,0,1,1,12,13,7.69
October 31 2020,Charles,MD,Passenger,1,1,2,77,79,2.53
October 31 2020,Charleston,SC,Passenger,2,0,2,93,95,2.11
October 31 2020,Chelan,WA,Passenger,265,82,347,54373,54720,0.63
October 31 2020,Clallam,WA,Passenger,252,173,425,49894,50319,0.84
October 31 2020,Clark,NV,Passenger,3,3,6,663,669,0.90
October 31 2020,Denton,TX,Passenger,1,0,1,86,87,1.15
November 30 2020,Boone,MO,Passenger,0,1,1,10,11,9.09
November 30 2020,Calvert,MD,Passenger,0,2,2,85,87,2.30
November 30 2020,Camden,NJ,Passenger,0,1,1,22,23,4.35
November 30 2020,Dallas,TX,Passenger,1,0,1,176,177,0.56
November 30 2020,Douglas,CO,Passenger,0,1,1,78,79,1.27
November 30 2020,El Dorado,CA,Passenger,1,0,1,33,34,2.94
November 30 2020,Cowlitz,WA,Truck,0,0,0,28869,28869,0.00
November 30 2020,DeKalb,GA,Passenger,1,0,1,71,72,1.39
November 30 2020,Ferry,WA,Passenger,8,3,11,4347,4358,0.25
November 30 2020,Houston,GA,Passenger,1,0,1,52,53,1.89
November 30 2020,Island,WA,Truck,0,0,0,21305,21305,0.00
December 31 2020,Maui,HI,Passenger,1,0,1,27,28,3.57
December 31 2020,Middlesex,MA,Passenger,1,1,2,99,101,1.98
December 31 2020,Montgomery,MD,Passenger,1,0,1,231,232,0.43
December 31 2020,New Haven,CT,Passenger,0,2,2,36,38,5.26
December 31 2020,Pend Oreille,WA,Passenger,12,4,16,9169,9185,0.17
December 31 2020,Pend Oreille,WA,Truck,0,0,0,5714,5714,0.00
December 31 2020,Placer,CA,Passenger,2,0,2,84,86,2.33
December 31 2020,RÃ­o Grande,PR,Passenger,1,0,1,1,2,50.00
December 31 2020,Ramsey,MN,Passenger,1,0,1,34,35,2.86
November 30 2020,Fort Bend,TX,Passenger,1,0,1,43,44,2.27
November 30 2020,Jefferson,WA,Truck,0,0,0,9581,9581,0.00
November 30 2020,Juneau,AK,Passenger,0,1,1,26,27,3.70
October 31 2020,Duval,FL,Passenger,0,2,2,361,363,0.55
October 31 2020,Fairfax,VA,Passenger,4,3,7,723,730,0.96
October 31 2020,Grant,WA,Truck,0,0,0,27392,27392,0.00
October 31 2020,Howard,IN,Passenger,0,1,1,3,4,25.00
October 31 2020,Jefferson,WA,Passenger,260,151,411,24724,25135,1.64
November 30 2020,Charleston,SC,Passenger,2,0,2,93,95,2.11
November 30 2020,Clallam,WA,Truck,1,0,1,21782,21783,0.00
November 30 2020,Clark,WA,Passenger,2284,1140,3424,318858,322282,1.06
November 30 2020,Cumberland,NC,Passenger,0,3,3,456,459,0.65
November 30 2020,Grays Harbor,WA,Passenger,122,117,239,48546,48785,0.49
December 31 2020,Williamson,TX,Passenger,0,2,2,120,122,1.64
January 31 2021,Allegheny,PA,Passenger,1,1,2,63,65,3.08
January 31 2021,Benton,WA,Passenger,453,358,811,135166,135977,0.60
January 31 2021,Carroll,NH,Passenger,0,1,1,5,6,16.67
January 31 2021,Carson City,NV,Passenger,1,0,1,12,13,7.69
January 31 2021,Columbia,WA,Passenger,5,3,8,2452,2460,0.33
January 31 2021,Cowlitz,WA,Truck,0,0,0,28970,28970,0.00
December 31 2020,Solano,CA,Passenger,1,0,1,209,210,0.48
December 31 2020,Spokane,WA,Truck,0,0,0,100714,100714,0.00
December 31 2020,Thurston,WA,Passenger,1322,780,2102,197416,199518,1.05
December 31 2020,Washtenaw,MI,Passenger,1,0,1,31,32,3.12
December 31 2020,Whatcom,WA,Passenger,1218,551,1769,150042,151811,1.17
December 31 2020,Wilson,TX,Passenger,0,1,1,5,6,16.67
January 31 2021,Alexandria,VA,Passenger,2,0,2,135,137,1.46
November 30 2020,Multnomah,OR,Passenger,3,6,9,690,699,1.29
November 30 2020,Nassau,NY,Passenger,4,0,4,28,32,12.50
November 30 2020,New Haven,CT,Passenger,0,2,2,35,37,5.41
December 31 2020,Adams,WA,Passenger,10,7,17,12961,12978,0.13
December 31 2020,Albemarle,VA,Passenger,1,0,1,22,23,4.35
December 31 2020,Arapahoe,CO,Passenger,1,0,1,122,123,0.81
December 31 2020,Benton,WA,Passenger,440,355,795,134999,135794,0.59
December 31 2020,Broward,FL,Passenger,2,1,3,107,110,2.73
December 31 2020,Bucks,PA,Passenger,1,0,1,18,19,5.26
December 31 2020,Cape May,NJ,Passenger,0,1,1,10,11,9.09
December 31 2020,Cascade,MT,Passenger,0,1,1,56,57,1.75
December 31 2020,Clallam,WA,Passenger,273,185,458,49922,50380,0.91
November 30 2020,King,WA,Passenger,26605,8084,34689,1371250,1405939,2.47
November 30 2020,Kings,NY,Passenger,1,0,1,63,64,1.56
November 30 2020,Kittitas,WA,Truck,0,0,0,14643,14643,0.00
November 30 2020,Klickitat,WA,Truck,0,0,0,8086,8086,0.00
November 30 2020,New York,NY,Passenger,1,0,1,55,56,1.79
October 31 2020,Kauai,HI,Passenger,1,0,1,14,15,6.67
October 31 2020,King,WA,Truck,5,1,6,184065,184071,0.00
October 31 2020,Lee,FL,Passenger,1,0,1,47,48,2.08
October 31 2020,Nassau,FL,Passenger,1,0,1,36,37,2.70
January 31 2021,Collin,TX,Passenger,1,1,2,116,118,1.69
January 31 2021,Cowlitz,WA,Passenger,188,129,317,72159,72476,0.44
January 31 2021,Dallas,TX,Passenger,1,0,1,168,169,0.59
December 31 2020,San Diego,CA,Passenger,13,4,17,2732,2749,0.62
December 31 2020,Skamania,WA,Passenger,33,22,55,8351,8406,0.65
December 31 2020,Walla Walla,WA,Passenger,98,67,165,36139,36304,0.45
December 31 2020,Yakima,WA,Passenger,170,128,298,167301,167599,0.18
December 31 2020,Cowlitz,WA,Truck,0,0,0,28929,28929,0.00
December 31 2020,Dakota,MN,Passenger,0,1,1,26,27,3.70
December 31 2020,DeKalb,IN,Passenger,1,0,1,0,1,100.00
December 31 2020,Douglas,CO,Passenger,0,1,1,78,79,1.27
December 31 2020,Fairfax,VA,Passenger,4,3,7,711,718,0.97
October 31 2020,Oldham,KY,Passenger,0,1,1,4,5,20.00
October 31 2020,Prince William,VA,Passenger,2,2,4,221,225,1.78
October 31 2020,RÃ­o Grande,PR,Passenger,1,0,1,1,2,50.00
October 31 2020,Shelby,OH,Passenger,0,1,1,1,2,50.00
October 31 2020,Skamania,WA,Passenger,32,20,52,8330,8382,0.62
November 30 2020,Pacific,WA,Truck,0,0,0,7763,7763,0.00
November 30 2020,Pend Oreille,WA,Truck,0,0,0,5717,5717,0.00
November 30 2020,Placer,CA,Passenger,2,0,2,86,88,2.27
November 30 2020,Ramsey,MN,Passenger,1,0,1,34,35,2.86
November 30 2020,Rockingham,NH,Passenger,1,0,1,24,25,4.00
November 30 2020,Rogers,OK,Passenger,1,0,1,5,6,16.67
November 30 2020,San Francisco,CA,Passenger,1,1,2,87,89,2.25
November 30 2020,Skamania,WA,Truck,0,0,0,4008,4008,0.00
November 30 2020,St. Clair,IL,Passenger,1,0,1,140,141,0.71
November 30 2020,St. Mary's,MD,Passenger,1,0,1,218,219,0.46
January 31 2021,Cumberland,NC,Passenger,0,2,2,450,452,0.44
January 31 2021,Dakota,MN,Passenger,0,1,1,26,27,3.70
January 31 2021,Douglas,NE,Passenger,1,1,2,50,52,3.85
January 31 2021,Fairbanks North Star,AK,Passenger,0,1,1,90,91,1.10
January 31 2021,Fulton,GA,Passenger,0,2,2,86,88,2.27
January 31 2021,Grant,WA,Passenger,87,84,171,66113,66284,0.26
January 31 2021,Grays Harbor,WA,Passenger,133,126,259,48783,49042,0.53
January 31 2021,Island,WA,Truck,0,0,0,21411,21411,0.00
November 30 2020,Hamilton,IN,Passenger,2,0,2,35,37,5.41
November 30 2020,Harris,TX,Passenger,1,0,1,212,213,0.47
November 30 2020,Jones,GA,Passenger,1,0,1,1,2,50.00
November 30 2020,Kent,MI,Passenger,0,1,1,24,25,4.00
November 30 2020,Kitsap,WA,Truck,0,0,0,54294,54294,0.00
November 30 2020,Lake,IL,Passenger,2,0,2,157,159,1.26
November 30 2020,Leavenworth,KS,Passenger,0,1,1,129,130,0.77
November 30 2020,Lewis,WA,Passenger,117,117,234,58634,58868,0.40
November 30 2020,Lewis,WA,Truck,0,0,0,26546,26546,0.00
November 30 2020,Los Angeles,CA,Passenger,9,10,19,961,980,1.94
November 30 2020,Okaloosa,FL,Passenger,0,1,1,136,137,0.73
November 30 2020,Okanogan,WA,Truck,0,0,0,16578,16578,0.00
November 30 2020,Pierce,WA,Truck,0,0,0,144533,144533,0.00
November 30 2020,Platte,MO,Passenger,1,0,1,16,17,5.88
November 30 2020,Powhatan,VA,Passenger,1,0,1,0,1,100.00
November 30 2020,Richmond,GA,Passenger,0,1,1,83,84,1.19
November 30 2020,San Mateo,CA,Passenger,1,1,2,109,111,1.80
November 30 2020,Skagit,WA,Truck,1,0,1,32715,32716,0.00
November 30 2020,Suffolk,MA,Passenger,0,2,2,33,35,5.71
November 30 2020,Suffolk,VA,Passenger,1,0,1,124,125,0.80
January 31 2021,Flathead,MT,Passenger,1,0,1,49,50,2.00
January 31 2021,Fort Bend,TX,Passenger,1,0,1,43,44,2.27
January 31 2021,Hamilton,IN,Passenger,2,0,2,35,37,5.41
January 31 2021,Hampshire,MA,Passenger,1,0,1,6,7,14.29
January 31 2021,Harris,TX,Passenger,1,1,2,206,208,0.96
January 31 2021,Hawaii,HI,Passenger,1,0,1,51,52,1.92
January 31 2021,Island,WA,Passenger,527,294,821,62981,63802,1.29
January 31 2021,Jefferson,WA,Truck,0,0,0,9596,9596,0.00
January 31 2021,Jones,GA,Passenger,1,0,1,1,2,50.00
January 31 2021,Adams,WA,Passenger,10,6,16,12972,12988,0.12
January 31 2021,Adams,WA,Truck,0,0,0,5347,5347,0.00
January 31 2021,Albemarle,VA,Passenger,1,0,1,22,23,4.35
January 31 2021,Anne Arundel,MD,Passenger,3,1,4,400,404,0.99
January 31 2021,Arapahoe,CO,Passenger,1,0,1,121,122,0.82
January 31 2021,Asotin,WA,Truck,0,0,0,6687,6687,0.00
January 31 2021,Clackamas,OR,Passenger,3,0,3,181,184,1.63
October 31 2020,Tulsa,OK,Passenger,1,1,2,38,40,5.00
October 31 2020,Wahkiakum,WA,Passenger,6,6,12,3035,3047,0.39
October 31 2020,Walla Walla,WA,Passenger,86,65,151,36017,36168,0.42
October 31 2020,Williams,ND,Passenger,0,1,1,11,12,8.33
November 30 2020,Alameda,CA,Passenger,3,0,3,258,261,1.15
December 31 2020,Howard,IN,Passenger,0,1,1,3,4,25.00
December 31 2020,Howard,MD,Passenger,0,1,1,66,67,1.49
December 31 2020,Island,WA,Truck,0,0,0,21369,21369,0.00
December 31 2020,Kitsap,WA,Passenger,1556,756,2312,179855,182167,1.27
December 31 2020,Klickitat,WA,Truck,0,0,0,8088,8088,0.00
December 31 2020,Lincoln,WA,Truck,0,0,0,4673,4673,0.00
December 31 2020,Montgomery,OH,Passenger,0,1,1,52,53,1.89
January 31 2021,Jefferson,NY,Passenger,0,1,1,213,214,0.47
January 31 2021,Lewis,WA,Truck,0,0,0,26714,26714,0.00
January 31 2021,Los Angeles,CA,Passenger,10,11,21,933,954,2.20
January 31 2021,Mason,WA,Truck,0,0,0,21023,21023,0.00
January 31 2021,Monterey,CA,Passenger,0,1,1,151,152,0.66
January 31 2021,Morris,NJ,Passenger,1,0,1,16,17,5.88
January 31 2021,New York,NY,Passenger,1,0,1,53,54,1.85
November 30 2020,Maricopa,AZ,Passenger,5,7,12,1312,1324,0.91
November 30 2020,Mason,WA,Passenger,169,136,305,47503,47808,0.64
November 30 2020,Montgomery,TX,Passenger,1,0,1,48,49,2.04
November 30 2020,Morris,NJ,Passenger,1,0,1,17,18,5.56
November 30 2020,Nassau,FL,Passenger,1,0,1,36,37,2.70
November 30 2020,Newport,RI,Passenger,1,0,1,84,85,1.18
November 30 2020,Norfolk,VA,Passenger,2,3,5,347,352,1.42
November 30 2020,Nueces,TX,Passenger,1,0,1,83,84,1.19
November 30 2020,Orange,FL,Passenger,1,0,1,115,116,0.86
November 30 2020,Plaquemines,LA,Passenger,0,1,1,13,14,7.14
November 30 2020,Travis,TX,Passenger,2,0,2,171,173,1.16
November 30 2020,Ventura,CA,Passenger,1,1,2,277,279,0.72
November 30 2020,Virginia Beach,VA,Passenger,1,0,1,654,655,0.15
November 30 2020,Whatcom,WA,Truck,3,0,3,43478,43481,0.01
December 31 2020,Ada,ID,Passenger,0,1,1,243,244,0.41
December 31 2020,Arlington,VA,Passenger,0,2,2,141,143,1.40
December 31 2020,Bartow,GA,Passenger,0,1,1,4,5,20.00
December 31 2020,Bradley,TN,Passenger,1,0,1,0,1,100.00
November 30 2020,Walla Walla,WA,Truck,0,0,0,13820,13820,0.00
November 30 2020,Washington,OR,Passenger,1,0,1,416,417,0.24
November 30 2020,Yakima,WA,Passenger,166,122,288,167017,167305,0.17
November 30 2020,Yakima,WA,Truck,0,0,0,60775,60775,0.00
December 31 2020,Alameda,CA,Passenger,3,0,3,259,262,1.15
December 31 2020,Anchorage,AK,Passenger,1,0,1,147,148,0.68
December 31 2020,Bexar,TX,Passenger,3,5,8,567,575,1.39
November 30 2020,Carroll,NH,Passenger,0,1,1,5,6,16.67
November 30 2020,Carson City,NV,Passenger,1,0,1,12,13,7.69
November 30 2020,Columbia,WA,Passenger,4,3,7,2439,2446,0.29
November 30 2020,Douglas,NE,Passenger,0,1,1,47,48,2.08
November 30 2020,Franklin,WA,Passenger,78,80,158,61171,61329,0.26
January 31 2021,Mason,WA,Passenger,179,138,317,47692,48009,0.66
January 31 2021,Milwaukee,WI,Passenger,1,0,1,40,41,2.44
January 31 2021,Montgomery,TX,Passenger,1,0,1,47,48,2.08
January 31 2021,Multnomah,OR,Passenger,3,5,8,672,680,1.18
January 31 2021,Newport,RI,Passenger,1,0,1,82,83,1.20
January 31 2021,Orange,FL,Passenger,1,0,1,112,113,0.88
January 31 2021,Pacific,WA,Truck,0,0,0,7803,7803,0.00
January 31 2021,Pend Oreille,WA,Truck,0,0,0,5716,5716,0.00
January 31 2021,Pierce,WA,Passenger,2966,1791,4757,555748,560505,0.85
December 31 2020,New York,NY,Passenger,1,0,1,55,56,1.79
December 31 2020,Orange,CA,Passenger,4,3,7,455,462,1.52
December 31 2020,Philadelphia,PA,Passenger,1,0,1,61,62,1.61
December 31 2020,Pierce,WA,Truck,0,0,0,144779,144779,0.00
December 31 2020,Polk,FL,Passenger,1,0,1,56,57,1.75
December 31 2020,Riverside,CA,Passenger,4,1,5,593,598,0.84
December 31 2020,San Mateo,CA,Passenger,1,1,2,108,110,1.82
December 31 2020,Shelby,OH,Passenger,0,1,1,1,2,50.00
December 31 2020,Skagit,WA,Truck,1,0,1,32781,32782,0.00
December 31 2020,Calvert,MD,Passenger,0,2,2,85,87,2.30
December 31 2020,Charleston,SC,Passenger,2,0,2,91,93,2.15
December 31 2020,Clark,WA,Passenger,2356,1180,3536,319541,323077,1.09
December 31 2020,DeKalb,GA,Passenger,1,0,1,69,70,1.43
December 31 2020,District of Columbia,DC,Passenger,3,1,4,198,202,1.98
January 31 2021,DeKalb,IN,Passenger,1,0,1,0,1,100.00
January 31 2021,DuPage,IL,Passenger,2,0,2,55,57,3.51
January 31 2021,Erie,NY,Passenger,1,0,1,44,45,2.22
January 31 2021,Franklin,WA,Passenger,89,85,174,61505,61679,0.28
January 31 2021,Franklin,WA,Truck,0,0,0,20493,20493,0.00
January 31 2021,Garfield,WA,Passenger,0,2,2,1362,1364,0.15
January 31 2021,Harnett,NC,Passenger,1,0,1,186,187,0.53
January 31 2021,Honolulu,HI,Passenger,5,2,7,418,425,1.65
January 31 2021,Howard,MD,Passenger,0,1,1,65,66,1.52
December 31 2020,Carroll,MD,Passenger,0,1,1,21,22,4.55
December 31 2020,Charles,MD,Passenger,1,1,2,72,74,2.70
December 31 2020,Chelan,WA,Passenger,278,88,366,54502,54868,0.67
December 31 2020,Clallam,WA,Truck,1,0,1,21831,21832,0.00
December 31 2020,Garfield,WA,Passenger,0,2,2,1367,1369,0.15
November 30 2020,Saginaw,MI,Passenger,1,0,1,9,10,10.00
November 30 2020,Santa Cruz,CA,Passenger,1,0,1,30,31,3.23
November 30 2020,Sarasota,FL,Passenger,2,0,2,27,29,6.90
November 30 2020,Snohomish,WA,Passenger,4957,1823,6780,538076,544856,1.24
November 30 2020,Snohomish,WA,Truck,0,0,0,125476,125476,0.00
November 30 2020,Tulsa,OK,Passenger,1,1,2,37,39,5.13
November 30 2020,Wahkiakum,WA,Passenger,6,6,12,3040,3052,0.39
November 30 2020,Wahkiakum,WA,Truck,0,0,0,1766,1766,0.00
November 30 2020,Washoe,NV,Passenger,1,0,1,103,104,0.96
November 30 2020,Washtenaw,MI,Passenger,1,0,1,31,32,3.12
January 31 2021,Placer,CA,Passenger,2,0,2,82,84,2.38
January 31 2021,Portsmouth,VA,Passenger,0,1,1,77,78,1.28
January 31 2021,Ramsey,MN,Passenger,1,0,1,34,35,2.86
January 31 2021,Saginaw,MI,Passenger,2,0,2,9,11,18.18
January 31 2021,San Francisco,CA,Passenger,1,1,2,87,89,2.25
January 31 2021,Skagit,WA,Passenger,517,243,760,91440,92200,0.82
January 31 2021,Skamania,WA,Truck,0,0,0,4016,4016,0.00
January 31 2021,St. Mary's,MD,Passenger,1,0,1,216,217,0.46
November 30 2020,Jefferson,WA,Passenger,276,153,429,24730,25159,1.71
November 30 2020,Kauai,HI,Passenger,1,0,1,15,16,6.25
November 30 2020,King,WA,Truck,6,1,7,184182,184189,0.00
November 30 2020,Klamath,OR,Passenger,1,0,1,29,30,3.33
November 30 2020,Lee,FL,Passenger,1,0,1,45,46,2.17
November 30 2020,Lincoln,WA,Passenger,5,11,16,7617,7633,0.21
November 30 2020,Loudoun,VA,Passenger,1,0,1,78,79,1.27
January 31 2021,Pacific,WA,Passenger,35,37,72,15799,15871,0.45
January 31 2021,Pend Oreille,WA,Passenger,12,3,15,9180,9195,0.16
January 31 2021,Pierce,WA,Truck,0,0,0,144882,144882,0.00
January 31 2021,Powhatan,VA,Passenger,1,0,1,1,2,50.00
January 31 2021,Putnam,TN,Passenger,0,1,1,2,3,33.33
January 31 2021,Ray,MO,Passenger,0,1,1,1,2,50.00
January 31 2021,Richmond,GA,Passenger,0,1,1,81,82,1.22
January 31 2021,Skagit,WA,Truck,1,0,1,32862,32863,0.00
January 31 2021,Snohomish,WA,Truck,1,0,1,125699,125700,0.00
January 31 2021,Spartanburg,SC,Passenger,0,1,1,50,51,1.96
January 31 2021,Spokane,WA,Truck,0,0,0,100880,100880,0.00
January 31 2021,Suffolk,MA,Passenger,0,2,2,30,32,6.25
January 31 2021,Kern,CA,Passenger,0,1,1,216,217,0.46
January 31 2021,Kitsap,WA,Passenger,1607,765,2372,179345,181717,1.31
January 31 2021,Klamath,OR,Passenger,1,0,1,28,29,3.45
January 31 2021,Lincoln,WA,Truck,0,0,0,4693,4693,0.00
January 31 2021,Loudoun,VA,Passenger,1,0,1,74,75,1.33
December 31 2020,Ferry,WA,Passenger,9,3,12,4361,4373,0.27
December 31 2020,Fresno,CA,Passenger,1,0,1,171,172,0.58
December 31 2020,Fulton,GA,Passenger,1,2,3,89,92,3.26
December 31 2020,Grant,WA,Truck,0,0,0,27511,27511,0.00
December 31 2020,Houston,GA,Passenger,1,0,1,51,52,1.92
December 31 2020,Jefferson,NY,Passenger,0,1,1,210,211,0.47
December 31 2020,King,WA,Passenger,26923,8172,35095,1370220,1405315,2.50
December 31 2020,Larimer,CO,Passenger,1,0,1,55,56,1.79
December 31 2020,Leavenworth,KS,Passenger,0,1,1,128,129,0.78
December 31 2020,,,Passenger,4,1,5,382,387,1.29
December 31 2020,Boone,MO,Passenger,0,1,1,10,11,9.09
December 31 2020,Boulder,CO,Passenger,0,1,1,44,45,2.22
December 31 2020,Camden,NJ,Passenger,0,1,1,19,20,5.00
December 31 2020,Clark,NV,Passenger,3,3,6,651,657,0.91
December 31 2020,Collin,TX,Passenger,1,1,2,117,119,1.68
December 31 2020,Stafford,VA,Passenger,2,1,3,91,94,3.19
December 31 2020,Stevens,WA,Passenger,36,40,76,30238,30314,0.25
December 31 2020,Sumter,FL,Passenger,0,1,1,10,11,9.09
December 31 2020,Thurston,WA,Truck,0,0,0,56404,56404,0.00
December 31 2020,Whatcom,WA,Truck,3,0,3,43537,43540,0.01
January 31 2021,Asotin,WA,Passenger,16,13,29,12442,12471,0.23
December 31 2020,Kauai,HI,Passenger,1,0,1,15,16,6.25
December 31 2020,King,WA,Truck,6,1,7,184372,184379,0.00
December 31 2020,Kings,NY,Passenger,1,0,1,62,63,1.59
December 31 2020,Lake,IL,Passenger,2,0,2,157,159,1.26
December 31 2020,Lincoln,WA,Passenger,5,12,17,7644,7661,0.22
December 31 2020,Loudoun,VA,Passenger,1,0,1,76,77,1.30
January 31 2021,Washington,OR,Passenger,1,0,1,400,401,0.25
January 31 2021,Yakima,WA,Passenger,178,129,307,167576,167883,0.18
February 28 2021,Adams,WA,Passenger,10,6,16,12976,12992,0.12
February 28 2021,Arapahoe,CO,Passenger,1,0,1,119,120,0.83
February 28 2021,Bartow,GA,Passenger,0,1,1,4,5,20.00
February 28 2021,Bradley,TN,Passenger,1,0,1,0,1,100.00
February 28 2021,Cape May,NJ,Passenger,0,1,1,9,10,10.00
December 31 2020,Manassas,VA,Passenger,0,1,1,4,5,20.00
December 31 2020,Okanogan,WA,Truck,0,0,0,16606,16606,0.00
December 31 2020,Pennington,SD,Passenger,1,0,1,34,35,2.86
December 31 2020,Platte,MO,Passenger,1,0,1,16,17,5.88
December 31 2020,Mason,WA,Truck,0,0,0,20947,20947,0.00
December 31 2020,Monroe,IL,Passenger,1,0,1,3,4,25.00
December 31 2020,Monterey,CA,Passenger,0,1,1,157,158,0.63
December 31 2020,Moore,NC,Passenger,0,1,1,148,149,0.67
December 31 2020,Morris,NJ,Passenger,1,0,1,16,17,5.88
December 31 2020,Nassau,FL,Passenger,1,0,1,35,36,2.78
December 31 2020,Norfolk,VA,Passenger,2,3,5,344,349,1.43
December 31 2020,Oldham,KY,Passenger,0,1,1,4,5,20.00
November 30 2020,Montgomery,PA,Passenger,1,0,1,24,25,4.00
November 30 2020,Pacific,WA,Passenger,36,34,70,15738,15808,0.44
November 30 2020,Pend Oreille,WA,Passenger,9,4,13,9144,9157,0.14
November 30 2020,Salt Lake,UT,Passenger,0,2,2,171,173,1.16
November 30 2020,San Juan,WA,Passenger,355,106,461,14019,14480,3.18
November 30 2020,Santa Clara,CA,Passenger,6,2,8,272,280,2.86
December 31 2020,Columbia,WA,Truck,0,0,0,1543,1543,0.00
December 31 2020,Denver,CO,Passenger,1,0,1,116,117,0.85
December 31 2020,Deschutes,OR,Passenger,1,0,1,116,117,0.85
December 31 2020,Douglas,WA,Truck,0,0,0,12495,12495,0.00
December 31 2020,Duval,FL,Passenger,0,2,2,357,359,0.56
December 31 2020,El Dorado,CA,Passenger,1,0,1,33,34,2.94
December 31 2020,Gwinnett,GA,Passenger,1,0,1,67,68,1.47
January 31 2021,New London,CT,Passenger,1,2,3,234,237,1.27
January 31 2021,Orange,CA,Passenger,4,3,7,449,456,1.54
January 31 2021,Richland,SC,Passenger,0,1,1,145,146,0.68
January 31 2021,Riverside,CA,Passenger,4,1,5,583,588,0.85
January 31 2021,Salt Lake,UT,Passenger,0,2,2,171,173,1.16
January 31 2021,San Juan,WA,Passenger,377,113,490,14025,14515,3.38
January 31 2021,San Juan,WA,Truck,0,0,0,5866,5866,0.00
January 31 2021,Solano,CA,Passenger,1,0,1,202,203,0.49
January 31 2021,Stafford,VA,Passenger,2,1,3,93,96,3.12
January 31 2021,Utah,UT,Passenger,0,1,1,125,126,0.79
January 31 2021,Whatcom,WA,Passenger,1253,565,1818,150098,151916,1.20
January 31 2021,Whatcom,WA,Truck,3,0,3,43595,43598,0.01
January 31 2021,Wichita,TX,Passenger,1,0,1,42,43,2.33
February 28 2021,Adams,WA,Truck,0,0,0,5344,5344,0.00
February 28 2021,Anchorage,AK,Passenger,1,0,1,143,144,0.69
February 28 2021,Asotin,WA,Passenger,17,14,31,12488,12519,0.25
February 28 2021,Bexar,TX,Passenger,4,5,9,554,563,1.60
February 28 2021,Broward,FL,Passenger,2,0,2,107,109,1.83
January 31 2021,Broward,FL,Passenger,2,1,3,106,109,2.75
January 31 2021,Calvert,MD,Passenger,0,2,2,85,87,2.30
January 31 2021,Cascade,MT,Passenger,0,1,1,56,57,1.75
January 31 2021,Chelan,WA,Passenger,294,87,381,54479,54860,0.69
January 31 2021,Clallam,WA,Passenger,281,190,471,49973,50444,0.93
January 31 2021,El Paso,CO,Passenger,2,0,2,708,710,0.28
December 31 2020,Salt Lake,UT,Passenger,0,2,2,171,173,1.16
December 31 2020,Tulsa,OK,Passenger,1,1,2,37,39,5.13
December 31 2020,Ulster,NY,Passenger,1,0,1,8,9,11.11
December 31 2020,Wahkiakum,WA,Passenger,6,7,13,3037,3050,0.43
December 31 2020,Pima,AZ,Passenger,2,1,3,325,328,0.91
December 31 2020,Putnam,TN,Passenger,0,1,1,2,3,33.33
December 31 2020,Sacramento,CA,Passenger,2,0,2,237,239,0.84
December 31 2020,Santa Cruz,CA,Passenger,1,0,1,28,29,3.45
December 31 2020,Sarasota,FL,Passenger,2,0,2,27,29,6.90
December 31 2020,Spartanburg,SC,Passenger,0,1,1,49,50,2.00
December 31 2020,St. Clair,IL,Passenger,1,0,1,139,140,0.71
December 31 2020,Suffolk,VA,Passenger,1,0,1,123,124,0.81
December 31 2020,Travis,TX,Passenger,2,1,3,169,172,1.74
November 30 2020,Solano,CA,Passenger,1,0,1,210,211,0.47
November 30 2020,Utah,UT,Passenger,0,1,1,129,130,0.77
November 30 2020,Whatcom,WA,Passenger,1203,535,1738,149746,151484,1.15
November 30 2020,Wichita,TX,Passenger,1,0,1,41,42,2.38
November 30 2020,Wilson,TX,Passenger,0,1,1,5,6,16.67
December 31 2020,Anne Arundel,MD,Passenger,1,1,2,399,401,0.50
December 31 2020,Jefferson,WA,Passenger,285,155,440,24815,25255,1.74
December 31 2020,Lake,FL,Passenger,1,0,1,23,24,4.17
December 31 2020,Missoula,MT,Passenger,1,0,1,64,65,1.54
January 31 2021,Sumter,FL,Passenger,0,1,1,10,11,9.09
January 31 2021,Thurston,WA,Truck,0,0,0,56462,56462,0.00
January 31 2021,Ulster,NY,Passenger,1,0,1,7,8,12.50
February 28 2021,,,Passenger,3,1,4,377,381,1.05
February 28 2021,Boone,MO,Passenger,0,1,1,10,11,9.09
February 28 2021,Charleston,SC,Passenger,2,0,2,85,87,2.30
February 28 2021,Clallam,WA,Passenger,282,195,477,49993,50470,0.95
February 28 2021,Clark,WA,Passenger,2505,1245,3750,318982,322732,1.16
February 28 2021,DeKalb,GA,Passenger,1,0,1,65,66,1.52
February 28 2021,District of Columbia,DC,Passenger,3,1,4,198,202,1.98
February 28 2021,Fairfax,VA,Passenger,4,4,8,701,709,1.13
February 28 2021,Ferry,WA,Passenger,10,3,13,4332,4345,0.30
February 28 2021,Fresno,CA,Passenger,1,0,1,171,172,0.58
February 28 2021,Carroll,MD,Passenger,0,1,1,20,21,4.76
February 28 2021,Clallam,WA,Truck,1,0,1,21901,21902,0.00
February 28 2021,DuPage,IL,Passenger,2,0,2,55,57,3.51
February 28 2021,El Paso,CO,Passenger,2,0,2,705,707,0.28
February 28 2021,Erie,NY,Passenger,1,0,1,44,45,2.22
February 28 2021,Garfield,WA,Passenger,0,2,2,1356,1358,0.15
January 31 2021,Fairfax,VA,Passenger,4,3,7,703,710,0.99
January 31 2021,Grant,WA,Truck,0,0,0,27600,27600,0.00
January 31 2021,Juneau,AK,Passenger,0,1,1,25,26,3.85
January 31 2021,King,WA,Truck,6,1,7,184349,184356,0.00
December 31 2020,Okaloosa,FL,Passenger,0,1,1,135,136,0.74
December 31 2020,Pacific,WA,Truck,0,0,0,7793,7793,0.00
December 31 2020,Palm Beach,FL,Passenger,0,1,1,69,70,1.43
December 31 2020,Powhatan,VA,Passenger,1,0,1,1,2,50.00
December 31 2020,Prince William,VA,Passenger,1,2,3,218,221,1.36
December 31 2020,Richmond,GA,Passenger,0,1,1,81,82,1.22
December 31 2020,Rockingham,NH,Passenger,1,0,1,23,24,4.17
December 31 2020,Rogers,OK,Passenger,1,0,1,4,5,20.00
January 31 2021,Lee,FL,Passenger,1,0,1,42,43,2.33
January 31 2021,New Haven,CT,Passenger,0,2,2,36,38,5.26
January 31 2021,Oldham,KY,Passenger,0,1,1,4,5,20.00
January 31 2021,Owyhee,ID,Passenger,1,0,1,3,4,25.00
January 31 2021,RÃ­o Grande,PR,Passenger,1,0,1,1,2,50.00
December 31 2020,Virginia Beach,VA,Passenger,2,0,2,648,650,0.31
December 31 2020,Whitman,WA,Passenger,51,44,95,21905,22000,0.43
December 31 2020,Yakima,WA,Truck,0,0,0,60986,60986,0.00
January 31 2021,Alameda,CA,Passenger,3,0,3,258,261,1.15
January 31 2021,Arlington,VA,Passenger,0,1,1,138,139,0.72
January 31 2021,Boone,MO,Passenger,0,1,1,10,11,9.09
January 31 2021,Boulder,CO,Passenger,0,1,1,43,44,2.27
January 31 2021,Bradley,TN,Passenger,1,0,1,0,1,100.00
January 31 2021,Bucks,PA,Passenger,1,0,1,18,19,5.26
January 31 2021,Camden,NJ,Passenger,0,1,1,18,19,5.26
January 31 2021,Cape May,NJ,Passenger,0,1,1,9,10,10.00
January 31 2021,Benton,WA,Truck,0,0,0,43331,43331,0.00
January 31 2021,Chelan,WA,Truck,0,0,0,22845,22845,0.00
January 31 2021,Clark,WA,Passenger,2459,1211,3670,319436,323106,1.14
January 31 2021,Clark,WA,Truck,0,0,0,83565,83565,0.00
January 31 2021,Columbia,WA,Truck,0,0,0,1547,1547,0.00
December 31 2020,Benton,WA,Truck,0,0,0,43207,43207,0.00
December 31 2020,Chelan,WA,Truck,0,0,0,22806,22806,0.00
December 31 2020,Cowlitz,WA,Passenger,177,127,304,72114,72418,0.42
December 31 2020,El Paso,TX,Passenger,3,0,3,400,403,0.74
February 28 2021,Howard,IN,Passenger,0,1,1,3,4,25.00
February 28 2021,Howard,MD,Passenger,0,1,1,64,65,1.54
February 28 2021,Kitsap,WA,Passenger,1642,777,2419,179373,181792,1.33
February 28 2021,Klickitat,WA,Truck,0,0,0,8118,8118,0.00
February 28 2021,Larimer,CO,Passenger,1,0,1,54,55,1.82
February 28 2021,Leavenworth,KS,Passenger,0,1,1,124,125,0.80
February 28 2021,Boulder,CO,Passenger,0,1,1,44,45,2.22
February 28 2021,Bucks,PA,Passenger,1,0,1,18,19,5.26
February 28 2021,Camden,NJ,Passenger,0,1,1,16,17,5.88
February 28 2021,Clark,NV,Passenger,4,3,7,649,656,1.07
February 28 2021,Collin,TX,Passenger,1,1,2,115,117,1.71
February 28 2021,Columbia,WA,Truck,0,0,0,1543,1543,0.00
February 28 2021,Deschutes,OR,Passenger,1,0,1,118,119,0.84
February 28 2021,Douglas,WA,Truck,0,0,0,12519,12519,0.00
February 28 2021,Duval,FL,Passenger,0,2,2,350,352,0.57
February 28 2021,El Dorado,CA,Passenger,1,0,1,32,33,3.03
December 31 2020,Stevens,WA,Truck,0,0,0,18718,18718,0.00
December 31 2020,Suffolk,MA,Passenger,0,2,2,33,35,5.71
December 31 2020,Utah,UT,Passenger,0,1,1,127,128,0.78
December 31 2020,Wichita,TX,Passenger,1,0,1,41,42,2.38
December 31 2020,Williams,ND,Passenger,0,1,1,10,11,9.09
January 31 2021,Anchorage,AK,Passenger,1,0,1,146,147,0.68
February 28 2021,Harrison,MS,Passenger,2,0,2,58,60,3.33
February 28 2021,Kent,MI,Passenger,0,1,1,25,26,3.85
February 28 2021,Kings,NY,Passenger,1,0,1,64,65,1.54
February 28 2021,Kitsap,WA,Truck,0,0,0,54281,54281,0.00
February 28 2021,Lake,IL,Passenger,2,0,2,151,153,1.31
February 28 2021,Lewis,WA,Passenger,127,132,259,58861,59120,0.44
January 31 2021,Charles,MD,Passenger,1,1,2,74,76,2.63
January 31 2021,Charleston,SC,Passenger,2,0,2,87,89,2.25
January 31 2021,Clark,NV,Passenger,4,3,7,646,653,1.07
January 31 2021,Douglas,CO,Passenger,0,1,1,78,79,1.27
January 31 2021,Duval,FL,Passenger,0,2,2,356,358,0.56
January 31 2021,El Dorado,CA,Passenger,1,0,1,32,33,3.03
January 31 2021,Bartow,GA,Passenger,0,1,1,4,5,20.00
January 31 2021,Bexar,TX,Passenger,3,5,8,562,570,1.40
January 31 2021,Chesapeake,VA,Passenger,0,3,3,408,411,0.73
January 31 2021,DeKalb,GA,Passenger,1,0,1,64,65,1.54
February 28 2021,Gwinnett,GA,Passenger,1,0,1,68,69,1.45
February 28 2021,Jefferson,WA,Passenger,295,168,463,24793,25256,1.83
February 28 2021,Lake,FL,Passenger,1,0,1,22,23,4.35
January 31 2021,Sevier,AR,Passenger,0,1,1,0,1,100.00
January 31 2021,Shelby,OH,Passenger,0,1,1,1,2,50.00
January 31 2021,Skamania,WA,Passenger,34,23,57,8338,8395,0.68
January 31 2021,Spokane,WA,Passenger,910,551,1461,321045,322506,0.45
January 31 2021,St. Clair,IL,Passenger,1,0,1,137,138,0.72
January 31 2021,St. Louis,MO,Passenger,1,0,1,95,96,1.04
January 31 2021,Walla Walla,WA,Passenger,103,68,171,36169,36340,0.47
February 28 2021,Manassas,VA,Passenger,0,1,1,5,6,16.67
February 28 2021,Nueces,TX,Passenger,1,0,1,79,80,1.25
February 28 2021,Okanogan,WA,Truck,0,0,0,16630,16630,0.00
February 28 2021,Owyhee,ID,Passenger,1,0,1,3,4,25.00
February 28 2021,Platte,MO,Passenger,1,0,1,17,18,5.56
February 28 2021,Prince George's,MD,Passenger,2,1,3,137,140,2.14
February 28 2021,Richland,SC,Passenger,0,1,1,144,145,0.69
February 28 2021,Monroe,IL,Passenger,1,0,1,3,4,25.00
February 28 2021,Montgomery,OH,Passenger,0,1,1,54,55,1.82
February 28 2021,Moore,NC,Passenger,0,1,1,139,140,0.71
February 28 2021,Oldham,KY,Passenger,0,1,1,4,5,20.00
February 28 2021,Orange,CA,Passenger,4,3,7,445,452,1.55
February 28 2021,Philadelphia,PA,Passenger,1,0,1,57,58,1.72
February 28 2021,Pima,AZ,Passenger,2,1,3,312,315,0.95
February 28 2021,Polk,FL,Passenger,1,0,1,53,54,1.85
February 28 2021,Riverside,CA,Passenger,4,1,5,582,587,0.85
February 28 2021,Sacramento,CA,Passenger,2,0,2,236,238,0.84
February 28 2021,San Mateo,CA,Passenger,1,1,2,104,106,1.89
February 28 2021,Sarasota,FL,Passenger,2,0,2,26,28,7.14
January 31 2021,Denver,CO,Passenger,1,0,1,117,118,0.85
January 31 2021,District of Columbia,DC,Passenger,3,1,4,198,202,1.98
January 31 2021,Douglas,WA,Truck,0,0,0,12507,12507,0.00
January 31 2021,El Paso,TX,Passenger,3,0,3,392,395,0.76
January 31 2021,Fresno,CA,Passenger,1,0,1,172,173,0.58
January 31 2021,Goochland,VA,Passenger,4,3,7,233,240,2.92
January 31 2021,Grays Harbor,WA,Truck,0,0,0,21242,21242,0.00
January 31 2021,Greene,MO,Passenger,0,1,1,32,33,3.03
January 31 2021,Gwinnett,GA,Passenger,1,0,1,66,67,1.49
December 31 2020,Flathead,MT,Passenger,1,0,1,51,52,1.92
December 31 2020,Fort Bend,TX,Passenger,1,0,1,43,44,2.27
December 31 2020,Garfield,WA,Truck,0,0,0,995,995,0.00
December 31 2020,Goochland,VA,Passenger,4,3,7,238,245,2.86
December 31 2020,Greene,MO,Passenger,0,1,1,32,33,3.03
December 31 2020,Hamilton,IN,Passenger,2,0,2,35,37,5.41
December 31 2020,Harnett,NC,Passenger,1,0,1,189,190,0.53
December 31 2020,Harris,TX,Passenger,1,1,2,211,213,0.94
December 31 2020,Hawaii,HI,Passenger,1,0,1,53,54,1.85
December 31 2020,Honolulu,HI,Passenger,5,2,7,419,426,1.64
December 31 2020,Island,WA,Passenger,507,289,796,63007,63803,1.25
December 31 2020,Jefferson,WA,Truck,0,0,0,9587,9587,0.00
February 28 2021,Missoula,MT,Passenger,1,0,1,65,66,1.52
February 28 2021,Okaloosa,FL,Passenger,0,1,1,133,134,0.75
February 28 2021,Pacific,WA,Truck,0,0,0,7830,7830,0.00
February 28 2021,Palm Beach,FL,Passenger,0,1,1,68,69,1.45
January 31 2021,Howard,IN,Passenger,0,1,1,3,4,25.00
January 31 2021,Jefferson,WA,Passenger,290,166,456,24804,25260,1.81
January 31 2021,Kauai,HI,Passenger,1,0,1,14,15,6.67
January 31 2021,Kent,MI,Passenger,0,1,1,23,24,4.17
January 31 2021,Kitsap,WA,Truck,0,0,0,54302,54302,0.00
January 31 2021,Lewis,WA,Passenger,126,131,257,58906,59163,0.43
January 31 2021,Yakima,WA,Truck,0,0,0,61085,61085,0.00
February 28 2021,Allegheny,PA,Passenger,1,1,2,63,65,3.08
February 28 2021,Benton,WA,Truck,0,0,0,43383,43383,0.00
February 28 2021,Carroll,NH,Passenger,0,1,1,5,6,16.67
February 28 2021,Carson City,NV,Passenger,1,0,1,12,13,7.69
January 31 2021,Klickitat,WA,Truck,0,0,0,8117,8117,0.00
January 31 2021,Lake,FL,Passenger,1,0,1,22,23,4.35
January 31 2021,Leavenworth,KS,Passenger,0,1,1,125,126,0.79
January 31 2021,Middlesex,MA,Passenger,1,1,2,96,98,2.04
January 31 2021,Monroe,IL,Passenger,1,0,1,3,4,25.00
January 31 2021,Montgomery,OH,Passenger,0,1,1,53,54,1.85
January 31 2021,Moore,NC,Passenger,0,1,1,142,143,0.70
January 31 2021,Okaloosa,FL,Passenger,0,1,1,136,137,0.73
January 31 2021,Ferry,WA,Passenger,9,3,12,4341,4353,0.28
January 31 2021,Garfield,WA,Truck,0,0,0,1002,1002,0.00
January 31 2021,Houston,GA,Passenger,1,0,1,52,53,1.89
January 31 2021,King,WA,Passenger,27799,8325,36124,1367320,1403444,2.57
January 31 2021,Kings,NY,Passenger,1,0,1,62,63,1.59
January 31 2021,Kittitas,WA,Passenger,134,52,186,29837,30023,0.62
January 31 2021,Kittitas,WA,Truck,0,0,0,14673,14673,0.00
January 31 2021,Larimer,CO,Passenger,1,0,1,53,54,1.85
February 28 2021,Powhatan,VA,Passenger,1,0,1,1,2,50.00
February 28 2021,Prince William,VA,Passenger,1,1,2,213,215,0.93
February 28 2021,Rockingham,NH,Passenger,1,0,1,24,25,4.00
February 28 2021,Rogers,OK,Passenger,1,0,1,5,6,16.67
February 28 2021,Suffolk,MA,Passenger,0,2,2,32,34,5.88
February 28 2021,Thurston,WA,Passenger,1383,811,2194,197249,199443,1.10
February 28 2021,Utah,UT,Passenger,0,1,1,124,125,0.80
February 28 2021,Sevier,AR,Passenger,0,1,1,0,1,100.00
February 28 2021,Snohomish,WA,Passenger,5271,1894,7165,538275,545440,1.31
February 28 2021,Spokane,WA,Passenger,923,560,1483,321465,322948,0.46
February 28 2021,St. Louis,MO,Passenger,1,0,1,91,92,1.09
February 28 2021,Ulster,NY,Passenger,1,0,1,7,8,12.50
January 31 2021,Missoula,MT,Passenger,1,0,1,64,65,1.54
January 31 2021,Nassau,FL,Passenger,1,0,1,34,35,2.86
January 31 2021,Norfolk,VA,Passenger,2,3,5,341,346,1.45
January 31 2021,Nueces,TX,Passenger,1,0,1,81,82,1.22
January 31 2021,Palm Beach,FL,Passenger,0,1,1,68,69,1.45
January 31 2021,Prince William,VA,Passenger,1,1,2,217,219,0.91
January 31 2021,Rockingham,NH,Passenger,1,0,1,24,25,4.00
February 28 2021,Shelby,OH,Passenger,0,1,1,1,2,50.00
February 28 2021,Stafford,VA,Passenger,2,1,3,94,97,3.09
February 28 2021,Stevens,WA,Passenger,38,42,80,30232,30312,0.26
February 28 2021,Suffolk,VA,Passenger,1,0,1,123,124,0.81
February 28 2021,Sumter,FL,Passenger,0,1,1,10,11,9.09
February 28 2021,Thurston,WA,Truck,0,0,0,56459,56459,0.00
February 28 2021,Travis,TX,Passenger,2,3,5,161,166,3.01
February 28 2021,Whitman,WA,Passenger,53,46,99,21854,21953,0.45
December 31 2020,Mason,WA,Passenger,173,134,307,47651,47958,0.64
December 31 2020,Multnomah,OR,Passenger,3,6,9,686,695,1.29
December 31 2020,Nassau,NY,Passenger,4,0,4,28,32,12.50
December 31 2020,Newport,RI,Passenger,1,0,1,84,85,1.18
December 31 2020,Okanogan,WA,Passenger,55,36,91,26072,26163,0.35
December 31 2020,Penobscot,ME,Passenger,0,1,1,9,10,10.00
February 28 2021,Washtenaw,MI,Passenger,1,0,1,30,31,3.23
March 31 2021,Carroll,NH,Passenger,0,1,1,5,6,16.67
March 31 2021,Carson City,NV,Passenger,1,0,1,12,13,7.69
February 28 2021,Williams,ND,Passenger,0,1,1,10,11,9.09
March 31 2021,Anchorage,AK,Passenger,1,0,1,143,144,0.69
March 31 2021,Bexar,TX,Passenger,4,5,9,546,555,1.62
January 31 2021,Philadelphia,PA,Passenger,1,0,1,59,60,1.67
January 31 2021,Pima,AZ,Passenger,2,1,3,314,317,0.95
January 31 2021,Pinellas,FL,Passenger,1,1,2,97,99,2.02
January 31 2021,Polk,FL,Passenger,1,0,1,55,56,1.79
January 31 2021,San Mateo,CA,Passenger,1,1,2,107,109,1.83
January 31 2021,Sarasota,FL,Passenger,2,0,2,26,28,7.14
January 31 2021,Stevens,WA,Passenger,37,40,77,30276,30353,0.25
January 31 2021,Stevens,WA,Truck,0,0,0,18753,18753,0.00
January 31 2021,Twin Falls,ID,Passenger,0,1,1,24,25,4.00
February 28 2021,Clark,WA,Truck,0,0,0,83537,83537,0.00
February 28 2021,Cumberland,NC,Passenger,0,2,2,451,453,0.44
February 28 2021,Douglas,NE,Passenger,1,1,2,49,51,3.92
February 28 2021,Fort Bend,TX,Passenger,1,0,1,41,42,2.38
February 28 2021,Garfield,WA,Truck,0,0,0,1005,1005,0.00
February 28 2021,Goochland,VA,Passenger,4,3,7,230,237,2.95
February 28 2021,Grays Harbor,WA,Passenger,142,130,272,48801,49073,0.55
March 31 2021,Asotin,WA,Passenger,17,14,31,12571,12602,0.25
March 31 2021,Boone,MO,Passenger,0,1,1,10,11,9.09
March 31 2021,Broward,FL,Passenger,1,0,1,109,110,0.91
March 31 2021,Calvert,MD,Passenger,0,2,2,85,87,2.30
March 31 2021,Camden,NJ,Passenger,0,1,1,14,15,6.67
March 31 2021,Dakota,MN,Passenger,0,1,1,25,26,3.85
January 31 2021,Rogers,OK,Passenger,1,0,1,5,6,16.67
January 31 2021,Santa Cruz,CA,Passenger,1,0,1,28,29,3.45
January 31 2021,Snohomish,WA,Passenger,5178,1876,7054,538401,545455,1.29
January 31 2021,Tulsa,OK,Passenger,1,1,2,37,39,5.13
January 31 2021,Wahkiakum,WA,Passenger,7,6,13,3041,3054,0.43
January 31 2021,Lincoln,WA,Passenger,6,12,18,7632,7650,0.24
January 31 2021,Montgomery,PA,Passenger,1,0,1,26,27,3.70
January 31 2021,Nassau,NY,Passenger,4,0,4,27,31,12.90
January 31 2021,Okanogan,WA,Passenger,56,36,92,26141,26233,0.35
January 31 2021,Okanogan,WA,Truck,0,0,0,16593,16593,0.00
December 31 2020,Pierce,WA,Passenger,2828,1772,4600,555678,560278,0.82
December 31 2020,Pinellas,FL,Passenger,1,1,2,98,100,2.00
December 31 2020,Queens,NY,Passenger,1,0,1,51,52,1.92
December 31 2020,San Francisco,CA,Passenger,1,1,2,88,90,2.22
December 31 2020,Skagit,WA,Passenger,497,238,735,91429,92164,0.80
December 31 2020,Skamania,WA,Truck,0,0,0,4004,4004,0.00
December 31 2020,St. Mary's,MD,Passenger,1,0,1,213,214,0.47
December 31 2020,Twin Falls,ID,Passenger,0,1,1,23,24,4.17
December 31 2020,Vigo,IN,Passenger,1,0,1,6,7,14.29
March 31 2021,Chesapeake,VA,Passenger,0,3,3,404,407,0.74
March 31 2021,DeKalb,GA,Passenger,1,0,1,63,64,1.56
March 31 2021,El Paso,CO,Passenger,3,0,3,701,704,0.43
March 31 2021,Ferry,WA,Passenger,10,3,13,4349,4362,0.30
March 31 2021,Garfield,WA,Truck,0,0,0,1011,1011,0.00
January 31 2021,Vigo,IN,Passenger,1,0,1,6,7,14.29
January 31 2021,Wahkiakum,WA,Truck,0,0,0,1769,1769,0.00
January 31 2021,Washoe,NV,Passenger,1,0,1,99,100,1.00
February 28 2021,Alameda,CA,Passenger,3,0,3,252,255,1.18
February 28 2021,Arlington,VA,Passenger,0,1,1,139,140,0.71
February 28 2021,Asotin,WA,Truck,0,0,0,6693,6693,0.00
March 31 2021,Douglas,CO,Passenger,0,1,1,77,78,1.28
March 31 2021,El Dorado,CA,Passenger,1,0,1,30,31,3.23
March 31 2021,Juneau,AK,Passenger,0,1,1,26,27,3.70
March 31 2021,Kent,MI,Passenger,0,1,1,26,27,3.70
March 31 2021,Kitsap,WA,Truck,0,0,0,54395,54395,0.00
March 31 2021,Collin,TX,Passenger,1,1,2,114,116,1.72
March 31 2021,Columbia,WA,Passenger,5,4,9,2466,2475,0.36
March 31 2021,Columbia,WA,Truck,0,0,0,1549,1549,0.00
March 31 2021,District of Columbia,DC,Passenger,3,1,4,197,201,1.99
March 31 2021,Douglas,NE,Passenger,1,1,2,48,50,4.00
March 31 2021,Fresno,CA,Passenger,1,0,1,169,170,0.59
March 31 2021,Grays Harbor,WA,Truck,0,0,0,21266,21266,0.00
January 31 2021,Williams,ND,Passenger,0,1,1,10,11,9.09
February 28 2021,Anne Arundel,MD,Passenger,3,1,4,395,399,1.00
February 28 2021,Chelan,WA,Truck,0,0,0,22879,22879,0.00
February 28 2021,Clackamas,OR,Passenger,3,0,3,178,181,1.66
February 28 2021,Columbia,WA,Passenger,5,4,9,2453,2462,0.37
February 28 2021,Cowlitz,WA,Passenger,194,130,324,71933,72257,0.45
January 31 2021,Pennington,SD,Passenger,1,0,1,34,35,2.86
January 31 2021,Penobscot,ME,Passenger,0,1,1,9,10,10.00
January 31 2021,Queens,NY,Passenger,1,0,1,49,50,2.00
January 31 2021,Sacramento,CA,Passenger,2,0,2,235,237,0.84
January 31 2021,Santa Clara,CA,Passenger,7,2,9,266,275,3.27
January 31 2021,Suffolk,VA,Passenger,1,0,1,123,124,0.81
January 31 2021,Travis,TX,Passenger,2,3,5,163,168,2.98
January 31 2021,Ventura,CA,Passenger,1,1,2,276,278,0.72
January 31 2021,Virginia Beach,VA,Passenger,3,0,3,639,642,0.47
January 31 2021,Walla Walla,WA,Truck,0,0,0,13898,13898,0.00
December 31 2020,Wahkiakum,WA,Truck,0,0,0,1770,1770,0.00
December 31 2020,Walla Walla,WA,Truck,0,0,0,13872,13872,0.00
December 31 2020,Washington,OR,Passenger,1,0,1,409,410,0.24
December 31 2020,Washoe,NV,Passenger,1,0,1,101,102,0.98
January 31 2021,,,Passenger,4,1,5,383,388,1.29
February 28 2021,Greene,MO,Passenger,0,1,1,31,32,3.12
February 28 2021,Harris,TX,Passenger,1,1,2,201,203,0.99
February 28 2021,Hennepin,MN,Passenger,2,0,2,77,79,2.53
February 28 2021,Kittitas,WA,Passenger,142,53,195,29828,30023,0.65
February 28 2021,Lewis,WA,Truck,0,0,0,26705,26705,0.00
February 28 2021,Lincoln,WA,Passenger,6,13,19,7648,7667,0.25
February 28 2021,Los Angeles,CA,Passenger,10,10,20,923,943,2.12
February 28 2021,Maricopa,AZ,Passenger,5,6,11,1259,1270,0.87
March 31 2021,Lane,OR,Passenger,0,1,1,125,126,0.79
March 31 2021,Lewis,WA,Passenger,130,134,264,59293,59557,0.44
March 31 2021,Morris,NJ,Passenger,1,0,1,16,17,5.88
March 31 2021,New Haven,CT,Passenger,0,2,2,33,35,5.71
March 31 2021,Norfolk,VA,Passenger,2,3,5,333,338,1.48
March 31 2021,Nueces,TX,Passenger,1,0,1,79,80,1.25
February 28 2021,Charles,MD,Passenger,1,1,2,74,76,2.63
February 28 2021,Chelan,WA,Passenger,301,88,389,54490,54879,0.71
February 28 2021,Chesapeake,VA,Passenger,0,3,3,406,409,0.73
February 28 2021,Franklin,WA,Truck,0,0,0,20512,20512,0.00
February 28 2021,Hamilton,IN,Passenger,2,0,2,35,37,5.41
February 28 2021,Hampshire,MA,Passenger,1,0,1,6,7,14.29
March 31 2021,Jefferson,WA,Passenger,302,174,476,24832,25308,1.88
March 31 2021,Klickitat,WA,Truck,0,0,0,8173,8173,0.00
March 31 2021,Lee,FL,Passenger,1,0,1,38,39,2.56
March 31 2021,Lewis,WA,Truck,0,0,0,26813,26813,0.00
March 31 2021,Los Angeles,CA,Passenger,10,10,20,914,934,2.14
March 31 2021,Middlesex,MA,Passenger,1,1,2,98,100,2.00
March 31 2021,Monroe,IL,Passenger,1,0,1,3,4,25.00
March 31 2021,Montgomery,OH,Passenger,0,1,1,55,56,1.79
March 31 2021,Moore,NC,Passenger,0,1,1,135,136,0.74
January 31 2021,Whitman,WA,Passenger,51,46,97,21847,21944,0.44
January 31 2021,Whitman,WA,Truck,0,0,0,8512,8512,0.00
January 31 2021,Williamson,TX,Passenger,0,2,2,118,120,1.67
January 31 2021,Wilson,TX,Passenger,0,1,1,5,6,16.67
February 28 2021,Alexandria,VA,Passenger,2,0,2,135,137,1.46
March 31 2021,Houston,GA,Passenger,1,0,1,49,50,2.00
March 31 2021,King,WA,Passenger,28528,8568,37096,1365251,1402347,2.65
March 31 2021,King,WA,Truck,6,1,7,184562,184569,0.00
March 31 2021,Kings,NY,Passenger,1,0,1,66,67,1.49
March 31 2021,Kittitas,WA,Passenger,146,55,201,29893,30094,0.67
March 31 2021,Kittitas,WA,Truck,0,0,0,14756,14756,0.00
March 31 2021,Lincoln,WA,Passenger,5,13,18,7691,7709,0.23
February 28 2021,Denver,CO,Passenger,1,0,1,115,116,0.86
February 28 2021,El Paso,TX,Passenger,3,0,3,388,391,0.77
February 28 2021,Fairbanks North Star,AK,Passenger,0,1,1,89,90,1.11
February 28 2021,Ferry,WA,Truck,0,0,0,3621,3621,0.00
February 28 2021,Flathead,MT,Passenger,1,0,1,47,48,2.08
February 28 2021,Franklin,WA,Passenger,92,87,179,61612,61791,0.29
February 28 2021,Harnett,NC,Passenger,1,0,1,183,184,0.54
February 28 2021,Hawaii,HI,Passenger,1,0,1,49,50,2.00
February 28 2021,Honolulu,HI,Passenger,5,2,7,411,418,1.67
March 31 2021,Rockingham,NH,Passenger,1,0,1,25,26,3.85
March 31 2021,Rogers,OK,Passenger,1,0,1,5,6,16.67
March 31 2021,Santa Cruz,CA,Passenger,1,0,1,30,31,3.23
March 31 2021,Sevier,AR,Passenger,0,1,1,0,1,100.00
March 31 2021,Snohomish,WA,Passenger,5385,1931,7316,538917,546233,1.34
March 31 2021,Spokane,WA,Passenger,952,584,1536,322718,324254,0.47
March 31 2021,St. Clair,IL,Passenger,1,0,1,140,141,0.71
March 31 2021,St. Louis,MO,Passenger,1,0,1,91,92,1.09
January 31 2021,Carroll,MD,Passenger,0,1,1,20,21,4.76
January 31 2021,Clallam,WA,Truck,1,0,1,21869,21870,0.00
January 31 2021,Contra Costa,CA,Passenger,3,3,6,285,291,2.06
January 31 2021,Deschutes,OR,Passenger,1,0,1,118,119,0.84
January 31 2021,Douglas,WA,Passenger,84,46,130,28203,28333,0.46
June 30 2017,Howard,MD,Passenger,0,2,2,94,96,2.08
August 31 2017,Canyon,ID,Passenger,0,1,1,97,98,1.02
July 31 2017,Pima,AZ,Passenger,1,2,3,426,429,0.70
July 31 2017,Saratoga,NY,Passenger,1,1,2,74,76,2.63
July 31 2017,Snohomish,WA,Truck,1,0,1,121777,121778,0.00
July 31 2017,Douglas,WA,Passenger,35,26,61,26755,26816,0.23
July 31 2017,Franklin,WA,Truck,0,0,0,18175,18175,0.00
July 31 2017,Frederick,MD,Passenger,0,1,1,82,83,1.20
July 31 2017,Garfield,WA,Passenger,0,0,0,1296,1296,0.00
July 31 2017,Grant,WA,Passenger,19,30,49,61007,61056,0.08
July 31 2017,Grays Harbor,WA,Truck,0,0,0,19895,19895,0.00
July 31 2017,Jackson,MO,Passenger,1,0,1,58,59,1.69
July 31 2017,Kittitas,WA,Truck,0,0,0,13577,13577,0.00
August 31 2017,Benton,WA,Truck,0,0,0,40165,40165,0.00
August 31 2017,Chelan,WA,Truck,0,0,0,21363,21363,0.00
August 31 2017,Clark,WA,Truck,0,0,0,77899,77899,0.00
August 31 2017,Douglas,WA,Truck,0,0,0,11570,11570,0.00
June 30 2017,Marion,OR,Passenger,1,0,1,165,166,0.60
June 30 2017,Nantucket,MA,Passenger,1,0,1,3,4,25.00
June 30 2017,Norfolk,MA,Passenger,1,0,1,39,40,2.50
June 30 2017,Northampton,PA,Passenger,1,0,1,147,148,0.68
June 30 2017,Orleans,LA,Passenger,0,1,1,46,47,2.13
July 31 2017,DeKalb,GA,Passenger,1,0,1,84,85,1.18
July 31 2017,Ferry,WA,Passenger,1,1,2,4400,4402,0.05
July 31 2017,Ferry,WA,Truck,0,0,0,3526,3526,0.00
July 31 2017,Franklin,OH,Passenger,0,1,1,120,121,0.83
July 31 2017,Franklin,WA,Passenger,26,47,73,55737,55810,0.13
July 31 2017,Hamilton,TN,Passenger,1,0,1,18,19,5.26
July 31 2017,Latah,ID,Passenger,0,1,1,97,98,1.02
July 31 2017,Manassas,VA,Passenger,0,1,1,9,10,10.00
July 31 2017,Marin,CA,Passenger,1,0,1,58,59,1.69
July 31 2017,Maui,HI,Passenger,1,0,1,68,69,1.45
July 31 2017,Shelby,TN,Passenger,0,1,1,109,110,0.91
July 31 2017,Skamania,WA,Truck,0,0,0,3873,3873,0.00
July 31 2017,Virginia Beach,VA,Passenger,2,1,3,661,664,0.45
July 31 2017,Walla Walla,WA,Truck,0,0,0,13177,13177,0.00
August 31 2017,Dallas,TX,Passenger,0,1,1,182,183,0.55
August 31 2017,Douglas,WA,Passenger,35,27,62,26834,26896,0.23
August 31 2017,Frederick,MD,Passenger,0,1,1,83,84,1.19
July 31 2017,Tulare,CA,Passenger,1,0,1,196,197,0.51
July 31 2017,Twin Falls,ID,Passenger,0,1,1,23,24,4.17
July 31 2017,Wahkiakum,WA,Truck,0,0,0,1659,1659,0.00
July 31 2017,Whatcom,WA,Passenger,474,179,653,143192,143845,0.45
August 31 2017,,,Passenger,3,0,3,460,463,0.65
July 31 2017,Montgomery,TN,Passenger,1,0,1,282,283,0.35
July 31 2017,Okaloosa,FL,Passenger,1,0,1,183,184,0.54
July 31 2017,Okanogan,WA,Truck,0,0,0,16226,16226,0.00
July 31 2017,Pacific,WA,Truck,0,0,0,7495,7495,0.00
July 31 2017,Portsmouth,VA,Passenger,0,1,1,66,67,1.49
July 31 2017,Prince George's,MD,Passenger,0,1,1,186,187,0.53
June 30 2017,Pinal,AZ,Passenger,2,0,2,245,247,0.81
June 30 2017,Polk,FL,Passenger,1,0,1,64,65,1.54
June 30 2017,Prince William,VA,Passenger,0,3,3,269,272,1.10
June 30 2017,Stevens,WA,Passenger,8,23,31,31383,31414,0.10
June 30 2017,Travis,TX,Passenger,0,1,1,191,192,0.52
August 31 2017,Franklin,MA,Passenger,0,1,1,4,5,20.00
August 31 2017,Garfield,WA,Truck,0,0,0,932,932,0.00
August 31 2017,Gwinnett,GA,Passenger,0,1,1,84,85,1.18
August 31 2017,Honolulu,HI,Passenger,3,2,5,567,572,0.87
July 31 2017,Howard,MD,Passenger,0,2,2,93,95,2.11
July 31 2017,Kitsap,WA,Passenger,622,324,946,173384,174330,0.54
July 31 2017,Kittitas,WA,Passenger,24,19,43,27676,27719,0.16
July 31 2017,Marion,OR,Passenger,1,0,1,162,163,0.61
July 31 2017,Montgomery,MD,Passenger,1,0,1,305,306,0.33
July 31 2017,New London,CT,Passenger,1,1,2,254,256,0.78
July 31 2017,Orange,FL,Passenger,1,1,2,131,133,1.50
July 31 2017,Pend Oreille,WA,Truck,0,0,0,5582,5582,0.00
July 31 2017,Ramsey,MN,Passenger,1,0,1,40,41,2.44
August 31 2017,Grant,WA,Truck,0,0,0,25354,25354,0.00
August 31 2017,Hardin,KY,Passenger,0,1,1,123,124,0.81
August 31 2017,Juneau,AK,Passenger,0,1,1,43,44,2.27
August 31 2017,Lee,AL,Passenger,1,0,1,36,37,2.70
August 31 2017,Lumpkin,GA,Passenger,1,0,1,9,10,10.00
August 31 2017,Madison,ID,Passenger,1,0,1,37,38,2.63
July 31 2017,Yakima,WA,Truck,0,0,0,57470,57470,0.00
August 31 2017,Allegheny,PA,Passenger,1,0,1,87,88,1.14
August 31 2017,Arlington,VA,Passenger,1,2,3,166,169,1.78
August 31 2017,Charles,MD,Passenger,0,1,1,85,86,1.16
August 31 2017,Chelan,WA,Passenger,72,36,108,52309,52417,0.21
August 31 2017,Clallam,WA,Passenger,96,79,175,48547,48722,0.36
July 31 2017,San Diego,CA,Passenger,6,1,7,2708,2715,0.26
July 31 2017,San Juan,WA,Truck,0,0,0,5549,5549,0.00
July 31 2017,Santa Fe,NM,Passenger,0,1,1,43,44,2.27
July 31 2017,Santa Rosa,FL,Passenger,1,0,1,112,113,0.88
July 31 2017,Volusia,FL,Passenger,0,1,1,45,46,2.17
July 31 2017,Wayne,MI,Passenger,0,1,1,71,72,1.39
August 31 2017,Cape May,NJ,Passenger,0,1,1,18,19,5.26
August 31 2017,Clark,NV,Passenger,1,2,3,797,800,0.38
August 31 2017,Deschutes,OR,Passenger,1,0,1,193,194,0.52
August 31 2017,Duval,FL,Passenger,1,1,2,380,382,0.52
July 31 2017,Skagit,WA,Passenger,141,104,245,88186,88431,0.28
July 31 2017,Tarrant,TX,Passenger,1,0,1,243,244,0.41
July 31 2017,Thurston,WA,Passenger,418,350,768,187072,187840,0.41
July 31 2017,Montgomery,PA,Passenger,1,0,1,39,40,2.50
July 31 2017,Norfolk,MA,Passenger,1,0,1,37,38,2.63
July 31 2017,Orange,CA,Passenger,3,1,4,630,634,0.63
July 31 2017,Orleans,LA,Passenger,0,1,1,47,48,2.08
July 31 2017,Riverside,CA,Passenger,1,1,2,788,790,0.25
July 31 2017,San Juan,WA,Passenger,112,39,151,13563,13714,1.10
July 31 2017,Sangamon,IL,Passenger,1,0,1,11,12,8.33
July 31 2017,Santa Clara,CA,Passenger,5,2,7,399,406,1.72
August 31 2017,Maui,HI,Passenger,1,0,1,69,70,1.43
August 31 2017,Montgomery,MD,Passenger,1,0,1,306,307,0.33
August 31 2017,Multnomah,OR,Passenger,1,3,4,936,940,0.43
August 31 2017,Nassau,NY,Passenger,1,1,2,39,41,4.88
August 31 2017,New Haven,CT,Passenger,0,1,1,57,58,1.72
August 31 2017,Norfolk,MA,Passenger,1,0,1,38,39,2.56
August 31 2017,Pend Oreille,WA,Truck,0,0,0,5552,5552,0.00
August 31 2017,Okanogan,WA,Passenger,4,18,22,25675,25697,0.09
August 31 2017,Richland,SC,Passenger,0,1,1,189,190,0.53
August 31 2017,Saratoga,NY,Passenger,1,1,2,72,74,2.70
August 31 2017,Stevens,WA,Truck,0,0,0,18218,18218,0.00
August 31 2017,Bexar,TX,Passenger,1,1,2,852,854,0.23
June 30 2017,Wahkiakum,WA,Passenger,0,2,2,2832,2834,0.07
June 30 2017,Walla Walla,WA,Passenger,25,26,51,34843,34894,0.15
June 30 2017,Whitman,WA,Passenger,10,20,30,22039,22069,0.14
July 31 2017,Adams,WA,Truck,0,0,0,5123,5123,0.00
July 31 2017,Asotin,WA,Passenger,8,4,12,12439,12451,0.10
August 31 2017,Ferry,WA,Truck,0,0,0,3532,3532,0.00
August 31 2017,Franklin,OH,Passenger,0,1,1,116,117,0.85
August 31 2017,Jefferson,WA,Passenger,112,64,176,23955,24131,0.73
August 31 2017,Jefferson,WA,Truck,0,0,0,9429,9429,0.00
August 31 2017,Clallam,WA,Truck,0,0,0,21058,21058,0.00
August 31 2017,Clark,WA,Passenger,794,528,1322,300782,302104,0.44
August 31 2017,Fairfax,VA,Passenger,2,2,4,847,851,0.47
July 31 2017,Sedgwick,KS,Passenger,0,1,1,109,110,0.91
July 31 2017,Sumter,FL,Passenger,0,1,1,10,11,9.09
July 31 2017,Thurston,WA,Truck,0,0,0,53300,53300,0.00
July 31 2017,Travis,TX,Passenger,0,1,1,190,191,0.52
July 31 2017,Tuolumne,CA,Passenger,0,1,1,14,15,6.67
July 31 2017,Whitman,WA,Passenger,12,19,31,22107,22138,0.14
August 31 2017,Twin Falls,ID,Passenger,0,1,1,22,23,4.35
August 31 2017,Wahkiakum,WA,Truck,0,0,0,1655,1655,0.00
August 31 2017,Walla Walla,WA,Truck,0,0,0,13188,13188,0.00
August 31 2017,Whitman,WA,Truck,0,0,0,8451,8451,0.00
September 30 2017,Benton,WA,Truck,0,0,0,40274,40274,0.00
August 31 2017,Lane,OR,Passenger,0,1,1,223,224,0.45
August 31 2017,Missoula,MT,Passenger,1,0,1,70,71,1.41
July 31 2017,Yakima,WA,Passenger,49,62,111,159659,159770,0.07
August 31 2017,Adams,WA,Passenger,3,3,6,12183,12189,0.05
August 31 2017,Albemarle,VA,Passenger,0,1,1,33,34,2.94
August 31 2017,Asotin,WA,Truck,0,0,0,6515,6515,0.00
August 31 2017,Benton,WA,Passenger,161,147,308,129042,129350,0.24
August 31 2017,Bergen,NJ,Passenger,0,2,2,30,32,6.25
August 31 2017,Columbia,WA,Truck,0,0,0,1541,1541,0.00
August 31 2017,Ramsey,MN,Passenger,1,0,1,39,40,2.50
August 31 2017,San Diego,CA,Passenger,6,1,7,2671,2678,0.26
August 31 2017,Sangamon,IL,Passenger,1,0,1,11,12,8.33
August 31 2017,Santa Rosa,FL,Passenger,1,0,1,110,111,0.90
August 31 2017,Skamania,WA,Passenger,10,7,17,8571,8588,0.20
August 31 2017,Skamania,WA,Truck,0,0,0,3876,3876,0.00
August 31 2017,St. Clair,IL,Passenger,0,1,1,169,170,0.59
August 31 2017,DeKalb,GA,Passenger,1,0,1,86,87,1.15
August 31 2017,District of Columbia,DC,Passenger,0,2,2,206,208,0.96
August 31 2017,Ferry,WA,Passenger,1,1,2,4396,4398,0.05
August 31 2017,Fulton,GA,Passenger,1,0,1,109,110,0.91
August 31 2017,Asotin,WA,Passenger,8,5,13,12444,12457,0.10
July 31 2017,Clark,WA,Truck,0,0,0,77739,77739,0.00
July 31 2017,Cobb,GA,Passenger,0,1,1,77,78,1.28
July 31 2017,Douglas,WA,Truck,0,0,0,11515,11515,0.00
July 31 2017,El Paso,CO,Passenger,2,0,2,800,802,0.25
July 31 2017,Franklin,MA,Passenger,0,1,1,4,5,20.00
August 31 2017,Orleans,LA,Passenger,0,1,1,44,45,2.22
August 31 2017,Pacific,WA,Truck,0,0,0,7516,7516,0.00
August 31 2017,Palm Beach,FL,Passenger,0,1,1,95,96,1.04
August 31 2017,Pinal,AZ,Passenger,2,0,2,229,231,0.87
August 31 2017,Prince William,VA,Passenger,0,3,3,266,269,1.12
August 31 2017,Sedgwick,KS,Passenger,0,1,1,104,105,0.95
August 31 2017,King,WA,Truck,7,1,8,186778,186786,0.00
August 31 2017,Klickitat,WA,Passenger,21,24,45,14782,14827,0.30
August 31 2017,Manassas,VA,Passenger,0,1,1,9,10,10.00
August 31 2017,Maricopa,AZ,Passenger,2,1,3,1690,1693,0.18
September 30 2017,Chelan,WA,Truck,0,0,0,21414,21414,0.00
September 30 2017,Cowlitz,WA,Passenger,52,64,116,70274,70390,0.16
September 30 2017,Dallas,TX,Passenger,0,1,1,181,182,0.55
August 31 2017,Nantucket,MA,Passenger,1,0,1,3,4,25.00
August 31 2017,Northampton,PA,Passenger,0,1,1,97,98,1.02
August 31 2017,Prince George's,MD,Passenger,0,1,1,186,187,0.53
August 31 2017,Cowlitz,WA,Truck,0,0,0,27994,27994,0.00
August 31 2017,DeKalb,IN,Passenger,1,0,1,1,2,50.00
August 31 2017,Essex,NJ,Passenger,1,0,1,13,14,7.14
August 31 2017,Franklin,WA,Truck,0,0,0,18234,18234,0.00
August 31 2017,Garfield,WA,Passenger,1,0,1,1302,1303,0.08
July 31 2017,Gwinnett,GA,Passenger,0,1,1,82,83,1.20
July 31 2017,Hardin,KY,Passenger,0,1,1,122,123,0.81
July 31 2017,Juneau,AK,Passenger,0,1,1,45,46,2.17
July 31 2017,Kent,MI,Passenger,0,1,1,37,38,2.63
July 31 2017,Kitsap,WA,Truck,1,0,1,52512,52513,0.00
July 31 2017,Lane,OR,Passenger,0,1,1,228,229,0.44
July 31 2017,Lewis,WA,Passenger,52,36,88,55557,55645,0.16
August 31 2017,Cobb,GA,Passenger,0,1,1,73,74,1.35
August 31 2017,Cowlitz,WA,Passenger,50,62,112,70015,70127,0.16
August 31 2017,Dakota,MN,Passenger,0,2,2,36,38,5.26
August 31 2017,El Paso,CO,Passenger,2,0,2,789,791,0.25
August 31 2017,Flathead,MT,Passenger,1,0,1,59,60,1.67
August 31 2017,Hamilton,IN,Passenger,1,0,1,59,60,1.67
August 31 2017,Hawaii,HI,Passenger,1,0,1,77,78,1.28
August 31 2017,Thurston,WA,Passenger,421,359,780,187784,188564,0.41
August 31 2017,Grant,WA,Passenger,19,32,51,61195,61246,0.08
August 31 2017,Grays Harbor,WA,Truck,0,0,0,19936,19936,0.00
August 31 2017,Jackson,MO,Passenger,1,0,1,58,59,1.69
August 31 2017,Jefferson,NY,Passenger,1,0,1,248,249,0.40
August 31 2017,King,WA,Passenger,10442,4267,14709,1372441,1387150,1.06
August 31 2017,Kittitas,WA,Truck,0,0,0,13606,13606,0.00
August 31 2017,Tuolumne,CA,Passenger,0,1,1,14,15,6.67
August 31 2017,Volusia,FL,Passenger,0,1,1,46,47,2.13
August 31 2017,Walla Walla,WA,Passenger,27,27,54,34981,35035,0.15
August 31 2017,Whitman,WA,Passenger,11,22,33,22127,22160,0.15
August 31 2017,Yakima,WA,Passenger,54,67,121,160151,160272,0.08
August 31 2017,Yakima,WA,Truck,0,0,0,57645,57645,0.00
September 30 2017,,,Passenger,3,0,3,456,459,0.65
September 30 2017,Benton,WA,Passenger,163,150,313,129262,129575,0.24
September 30 2017,Flathead,MT,Passenger,1,0,1,56,57,1.75
September 30 2017,Hamilton,IN,Passenger,1,0,1,59,60,1.67
September 30 2017,Hawaii,HI,Passenger,1,0,1,77,78,1.28
September 30 2017,Honolulu,HI,Passenger,2,2,4,567,571,0.70
September 30 2017,Island,WA,Passenger,129,149,278,60847,61125,0.45
August 31 2017,Stevens,WA,Passenger,8,22,30,31513,31543,0.10
August 31 2017,Wahkiakum,WA,Passenger,0,2,2,2834,2836,0.07
August 31 2017,Wayne,MI,Passenger,0,1,1,69,70,1.43
July 31 2017,Lumpkin,GA,Passenger,1,0,1,9,10,10.00
July 31 2017,Madison,ID,Passenger,1,0,1,39,40,2.50
July 31 2017,New Haven,CT,Passenger,0,1,1,57,58,1.72
July 31 2017,Nueces,TX,Passenger,0,1,1,96,97,1.03
July 31 2017,Palm Beach,FL,Passenger,0,1,1,93,94,1.06
September 30 2017,Carroll,NH,Passenger,0,1,1,1,2,50.00
September 30 2017,Clark,WA,Truck,0,0,0,77869,77869,0.00
August 31 2017,Howard,MD,Passenger,0,2,2,90,92,2.17
August 31 2017,Island,WA,Truck,0,0,0,20516,20516,0.00
August 31 2017,Kitsap,WA,Passenger,637,336,973,173831,174804,0.56
August 31 2017,Klickitat,WA,Truck,0,0,0,7970,7970,0.00
August 31 2017,Latah,ID,Passenger,0,1,1,92,93,1.08
August 31 2017,Lincoln,WA,Truck,0,0,0,4457,4457,0.00
August 31 2017,Marin,CA,Passenger,1,0,1,58,59,1.69
September 30 2017,Alameda,CA,Passenger,0,1,1,350,351,0.28
September 30 2017,Albemarle,VA,Passenger,0,1,1,33,34,2.94
September 30 2017,Bexar,TX,Passenger,1,1,2,837,839,0.24
September 30 2017,Charles,MD,Passenger,0,1,1,84,85,1.18
September 30 2017,Clay,FL,Passenger,0,1,1,115,116,0.86
August 31 2017,Mason,WA,Truck,0,0,0,19335,19335,0.00
August 31 2017,Monterey,CA,Passenger,0,2,2,197,199,1.01
August 31 2017,Montgomery,TN,Passenger,1,0,1,284,285,0.35
August 31 2017,Moore,NC,Passenger,0,1,1,200,201,0.50
August 31 2017,Okanogan,WA,Truck,0,0,0,16242,16242,0.00
August 31 2017,Island,WA,Passenger,124,149,273,60577,60850,0.45
August 31 2017,Kent,MI,Passenger,0,1,1,38,39,2.56
August 31 2017,Kitsap,WA,Truck,1,0,1,52563,52564,0.00
August 31 2017,Lewis,WA,Passenger,55,38,93,55794,55887,0.17
August 31 2017,Manatee,FL,Passenger,1,0,1,42,43,2.33
August 31 2017,Mason,WA,Passenger,59,73,132,43923,44055,0.30
September 30 2017,Jefferson,WA,Truck,0,0,0,9421,9421,0.00
September 30 2017,Lee,AL,Passenger,1,0,1,34,35,2.86
September 30 2017,Mason,WA,Passenger,61,73,134,44174,44308,0.30
September 30 2017,Montgomery,TX,Passenger,1,0,1,61,62,1.61
September 30 2017,Multnomah,OR,Passenger,1,3,4,923,927,0.43
September 30 2017,Nassau,NY,Passenger,1,1,2,39,41,4.88
September 30 2017,Newport,RI,Passenger,1,0,1,116,117,0.85
September 30 2017,Essex,NJ,Passenger,1,0,1,13,14,7.14
September 30 2017,Garfield,WA,Passenger,1,0,1,1295,1296,0.08
September 30 2017,Hamilton,TN,Passenger,1,0,1,21,22,4.55
September 30 2017,Franklin,MA,Passenger,0,1,1,4,5,20.00
September 30 2017,Frederick,MD,Passenger,0,1,1,83,84,1.19
September 30 2017,Grant,WA,Passenger,20,33,53,61458,61511,0.09
September 30 2017,Grays Harbor,WA,Truck,0,0,0,19977,19977,0.00
September 30 2017,Columbia,WA,Truck,0,0,0,1557,1557,0.00
September 30 2017,Cowlitz,WA,Truck,0,0,0,28043,28043,0.00
September 30 2017,Dale,AL,Passenger,0,1,1,63,64,1.56
September 30 2017,Deschutes,OR,Passenger,1,0,1,192,193,0.52
September 30 2017,Douglas,WA,Truck,0,0,0,11592,11592,0.00
September 30 2017,El Paso,TX,Passenger,1,0,1,549,550,0.18
August 31 2017,Pima,AZ,Passenger,1,2,3,419,422,0.71
August 31 2017,Sacramento,CA,Passenger,1,0,1,347,348,0.29
August 31 2017,Shelby,TN,Passenger,0,1,1,103,104,0.96
August 31 2017,Travis,TX,Passenger,0,1,1,195,196,0.51
July 31 2017,Snohomish,WA,Passenger,1817,920,2737,513294,516031,0.53
July 31 2017,Spokane,WA,Passenger,262,213,475,296657,297132,0.16
July 31 2017,Stevens,WA,Truck,0,0,0,18211,18211,0.00
August 31 2017,New London,CT,Passenger,1,1,2,256,258,0.78
August 31 2017,Okaloosa,FL,Passenger,1,0,1,184,185,0.54
August 31 2017,Orange,CA,Passenger,3,1,4,614,618,0.65
August 31 2017,Pierce,WA,Truck,0,0,0,137226,137226,0.00
August 31 2017,Polk,FL,Passenger,1,0,1,64,65,1.54
August 31 2017,Richmond,GA,Passenger,0,1,1,90,91,1.10
August 31 2017,Riverside,CA,Passenger,1,2,3,770,773,0.39
September 30 2017,Jefferson,NY,Passenger,1,0,1,246,247,0.40
September 30 2017,Mason,WA,Truck,0,0,0,19381,19381,0.00
August 31 2017,Montgomery,TX,Passenger,1,0,1,60,61,1.64
August 31 2017,Morris,NJ,Passenger,1,0,1,23,24,4.17
August 31 2017,Newport,RI,Passenger,1,0,1,118,119,0.84
August 31 2017,Norfolk,VA,Passenger,1,1,2,316,318,0.63
August 31 2017,Nueces,TX,Passenger,0,1,1,94,95,1.05
August 31 2017,Orange,FL,Passenger,1,1,2,144,146,1.37
August 31 2017,Pierce,WA,Passenger,999,866,1865,524942,526807,0.35
August 31 2017,Portsmouth,VA,Passenger,0,1,1,65,66,1.52
August 31 2017,Virginia Beach,VA,Passenger,2,1,3,654,657,0.46
July 31 2017,Whitman,WA,Truck,0,0,0,8425,8425,0.00
August 31 2017,Alameda,CA,Passenger,0,1,1,357,358,0.28
September 30 2017,Gwinnett,GA,Passenger,0,1,1,84,85,1.18
September 30 2017,Island,WA,Truck,0,0,0,20561,20561,0.00
September 30 2017,Jefferson,WA,Passenger,114,65,179,24009,24188,0.74
September 30 2017,Klickitat,WA,Truck,0,0,0,7988,7988,0.00
September 30 2017,Lumpkin,GA,Passenger,1,0,1,9,10,10.00
September 30 2017,Madison,ID,Passenger,1,0,1,37,38,2.63
September 30 2017,King,WA,Passenger,10655,4350,15005,1372607,1387612,1.08
September 30 2017,King,WA,Truck,7,1,8,186374,186382,0.00
September 30 2017,Lincoln,WA,Passenger,2,6,8,7564,7572,0.11
September 30 2017,Lincoln,WA,Truck,0,0,0,4472,4472,0.00
September 30 2017,Manassas,VA,Passenger,0,1,1,9,10,10.00
September 30 2017,Marin,CA,Passenger,1,0,1,59,60,1.67
September 30 2017,Okanogan,WA,Passenger,5,18,23,25691,25714,0.09
September 30 2017,Pend Oreille,WA,Truck,0,0,0,5552,5552,0.00
September 30 2017,Pierce,WA,Passenger,1012,898,1910,525179,527089,0.36
September 30 2017,Portsmouth,VA,Passenger,0,1,1,66,67,1.49
September 30 2017,Ramsey,MN,Passenger,1,0,1,40,41,2.44
September 30 2017,Santa Rosa,FL,Passenger,1,0,1,109,110,0.91
September 30 2017,Saratoga,NY,Passenger,1,1,2,72,74,2.70
September 30 2017,Skagit,WA,Passenger,148,120,268,88645,88913,0.30
September 30 2017,Skamania,WA,Truck,0,0,0,3878,3878,0.00
August 31 2017,San Juan,WA,Truck,0,0,0,5551,5551,0.00
August 31 2017,San Mateo,CA,Passenger,0,1,1,151,152,0.66
August 31 2017,Santa Fe,NM,Passenger,0,1,1,43,44,2.27
August 31 2017,Skagit,WA,Truck,1,0,1,31517,31518,0.00
August 31 2017,St. Lucie,FL,Passenger,1,0,1,28,29,3.45
August 31 2017,Sumter,FL,Passenger,0,1,1,10,11,9.09
August 31 2017,Tarrant,TX,Passenger,1,0,1,234,235,0.43
August 31 2017,Thurston,WA,Truck,0,0,0,53432,53432,0.00
August 31 2017,Whatcom,WA,Truck,2,0,2,41762,41764,0.00
August 31 2017,Carroll,NH,Passenger,0,1,1,1,2,50.00
August 31 2017,Columbia,WA,Passenger,1,1,2,2352,2354,0.08
August 31 2017,Dale,AL,Passenger,0,1,1,63,64,1.56
September 30 2017,Monterey,CA,Passenger,0,2,2,197,199,1.01
September 30 2017,Moore,NC,Passenger,0,1,1,202,203,0.49
September 30 2017,Pend Oreille,WA,Passenger,3,4,7,9372,9379,0.07
September 30 2017,Pima,AZ,Passenger,1,1,2,419,421,0.48
September 30 2017,Skamania,WA,Passenger,10,7,17,8571,8588,0.20
September 30 2017,Cape May,NJ,Passenger,0,1,1,19,20,5.00
September 30 2017,Chelan,WA,Passenger,75,37,112,52502,52614,0.21
September 30 2017,Clallam,WA,Passenger,95,83,178,48610,48788,0.36
September 30 2017,Clark,NV,Passenger,1,2,3,776,779,0.39
September 30 2017,Dakota,MN,Passenger,0,2,2,36,38,5.26
September 30 2017,DeKalb,IN,Passenger,1,0,1,1,2,50.00
September 30 2017,Duval,FL,Passenger,1,1,2,370,372,0.54
August 31 2017,Skagit,WA,Passenger,140,112,252,88471,88723,0.28
August 31 2017,Snohomish,WA,Passenger,1846,942,2788,513737,516525,0.54
August 31 2017,Spokane,WA,Passenger,268,220,488,297415,297903,0.16
August 31 2017,Tulare,CA,Passenger,1,0,1,198,199,0.50
September 30 2017,Montgomery,PA,Passenger,1,0,1,37,38,2.63
September 30 2017,Montgomery,TN,Passenger,1,0,1,279,280,0.36
September 30 2017,Okanogan,WA,Truck,0,0,0,16235,16235,0.00
September 30 2017,San Juan,WA,Passenger,117,42,159,13676,13835,1.15
September 30 2017,Santa Clara,CA,Passenger,5,2,7,388,395,1.77
September 30 2017,Missoula,MT,Passenger,1,0,1,70,71,1.41
September 30 2017,Okaloosa,FL,Passenger,1,0,1,186,187,0.53
September 30 2017,Pacific,WA,Passenger,12,9,21,15264,15285,0.14
September 30 2017,Pacific,WA,Truck,0,0,0,7515,7515,0.00
September 30 2017,Palm Beach,FL,Passenger,0,1,1,93,94,1.06
September 30 2017,Pierce,WA,Truck,0,0,0,137068,137068,0.00
September 30 2017,Pinal,AZ,Passenger,2,0,2,228,230,0.87
September 30 2017,Prince William,VA,Passenger,0,3,3,267,270,1.11
September 30 2017,Richmond,GA,Passenger,0,1,1,92,93,1.08
September 30 2017,Arlington,VA,Passenger,1,2,3,163,166,1.81
September 30 2017,Clark,WA,Passenger,810,542,1352,301414,302766,0.45
September 30 2017,Fairfax,VA,Passenger,2,2,4,851,855,0.47
September 30 2017,Franklin,OH,Passenger,0,1,1,113,114,0.88
September 30 2017,Howard,MD,Passenger,0,2,2,89,91,2.20
September 30 2017,Lane,OR,Passenger,0,1,1,218,219,0.46
September 30 2017,Tulare,CA,Passenger,1,0,1,198,199,0.50
September 30 2017,Twin Falls,ID,Passenger,0,1,1,22,23,4.35
September 30 2017,Volusia,FL,Passenger,0,1,1,43,44,2.27
September 30 2017,Wahkiakum,WA,Truck,0,0,0,1667,1667,0.00
September 30 2017,Walla Walla,WA,Truck,0,0,0,13243,13243,0.00
September 30 2017,Yakima,WA,Passenger,57,69,126,160620,160746,0.08
October 31 2017,,,Passenger,3,0,3,458,461,0.65
August 31 2017,Franklin,WA,Passenger,27,48,75,55930,56005,0.13
August 31 2017,Grays Harbor,WA,Passenger,37,37,74,44962,45036,0.16
August 31 2017,Hamilton,TN,Passenger,1,0,1,20,21,4.76
August 31 2017,Kittitas,WA,Passenger,27,21,48,27889,27937,0.17
September 30 2017,Whatcom,WA,Passenger,496,190,686,143861,144547,0.47
October 31 2017,Adams,WA,Passenger,3,3,6,12283,12289,0.05
October 31 2017,Albemarle,VA,Passenger,0,1,1,33,34,2.94
October 31 2017,Anne Arundel,MD,Passenger,0,1,1,487,488,0.20
September 30 2017,Manatee,FL,Passenger,1,0,1,42,43,2.33
September 30 2017,Orleans,LA,Passenger,0,1,1,45,46,2.17
September 30 2017,Shelby,TN,Passenger,0,1,1,106,107,0.93
September 30 2017,Virginia Beach,VA,Passenger,2,1,3,665,668,0.45
October 31 2017,Cape May,NJ,Passenger,0,1,1,19,20,5.00
October 31 2017,DeKalb,IN,Passenger,1,0,1,1,2,50.00
September 30 2017,San Mateo,CA,Passenger,0,1,1,148,149,0.67
September 30 2017,Skagit,WA,Truck,1,0,1,31552,31553,0.00
September 30 2017,St. Lucie,FL,Passenger,1,0,1,27,28,3.57
September 30 2017,Stevens,WA,Truck,0,0,0,18251,18251,0.00
September 30 2017,Tarrant,TX,Passenger,1,0,1,236,237,0.42
September 30 2017,Utah,UT,Passenger,0,1,1,145,146,0.68
September 30 2017,Cobb,GA,Passenger,0,1,1,68,69,1.45
September 30 2017,District of Columbia,DC,Passenger,0,2,2,204,206,0.97
September 30 2017,Ferry,WA,Passenger,1,1,2,4380,4382,0.05
September 30 2017,Fulton,GA,Passenger,1,0,1,110,111,0.90
September 30 2017,Grant,WA,Truck,0,0,0,25426,25426,0.00
September 30 2017,Hardin,KY,Passenger,0,1,1,117,118,0.85
September 30 2017,Adams,WA,Passenger,3,3,6,12263,12269,0.05
September 30 2017,Adams,WA,Truck,0,0,0,5123,5123,0.00
September 30 2017,Anne Arundel,MD,Passenger,0,1,1,495,496,0.20
September 30 2017,Asotin,WA,Passenger,7,5,12,12463,12475,0.10
September 30 2017,Asotin,WA,Truck,0,0,0,6507,6507,0.00
October 31 2017,Bexar,TX,Passenger,1,1,2,823,825,0.24
October 31 2017,Clallam,WA,Truck,0,0,0,21146,21146,0.00
October 31 2017,Contra Costa,CA,Passenger,0,1,1,492,493,0.20
October 31 2017,Deschutes,OR,Passenger,1,0,1,184,185,0.54
October 31 2017,Canyon,ID,Passenger,0,1,1,92,93,1.08
September 30 2017,Polk,FL,Passenger,1,0,1,62,63,1.59
September 30 2017,Spokane,WA,Passenger,276,229,505,298159,298664,0.17
September 30 2017,Stevens,WA,Passenger,8,22,30,31545,31575,0.10
September 30 2017,Juneau,AK,Passenger,0,1,1,45,46,2.17
September 30 2017,Kent,MI,Passenger,0,1,1,36,37,2.70
September 30 2017,Lewis,WA,Passenger,53,38,91,56022,56113,0.16
September 30 2017,DeKalb,GA,Passenger,1,0,1,83,84,1.19
September 30 2017,El Paso,CO,Passenger,2,0,2,786,788,0.25
September 30 2017,Franklin,WA,Truck,0,0,0,18248,18248,0.00
September 30 2017,Garfield,WA,Truck,0,0,0,940,940,0.00
October 31 2017,Essex,NJ,Passenger,1,0,1,13,14,7.14
October 31 2017,Ferry,WA,Truck,0,0,0,3548,3548,0.00
October 31 2017,Franklin,OH,Passenger,0,1,1,113,114,0.88
October 31 2017,Franklin,WA,Passenger,31,49,80,56509,56589,0.14
October 31 2017,Hamilton,TN,Passenger,1,0,1,21,22,4.55
October 31 2017,Honolulu,HI,Passenger,2,2,4,562,566,0.71
October 31 2017,Howard,MD,Passenger,0,2,2,89,91,2.20
August 31 2017,Lewis,WA,Truck,0,0,0,25013,25013,0.00
August 31 2017,Lincoln,WA,Passenger,1,5,6,7572,7578,0.08
August 31 2017,Los Angeles,CA,Passenger,3,2,5,1249,1254,0.40
August 31 2017,Montgomery,PA,Passenger,1,0,1,40,41,2.44
August 31 2017,Pacific,WA,Passenger,10,9,19,15248,15267,0.12
August 31 2017,Pend Oreille,WA,Passenger,3,4,7,9359,9366,0.07
September 30 2017,Morris,NJ,Passenger,1,0,1,22,23,4.35
September 30 2017,Nantucket,MA,Passenger,1,0,1,3,4,25.00
September 30 2017,New Haven,CT,Passenger,0,1,1,54,55,1.82
September 30 2017,Norfolk,MA,Passenger,1,0,1,38,39,2.56
September 30 2017,Norfolk,VA,Passenger,1,1,2,315,317,0.63
September 30 2017,Northampton,PA,Passenger,0,1,1,83,84,1.19
September 30 2017,Nueces,TX,Passenger,0,1,1,93,94,1.06
October 31 2017,DeKalb,GA,Passenger,1,0,1,84,85,1.18
October 31 2017,Ferry,WA,Passenger,1,1,2,4396,4398,0.05
October 31 2017,Garfield,WA,Truck,0,0,0,943,943,0.00
October 31 2017,Benton,WA,Truck,0,0,0,40389,40389,0.00
October 31 2017,Chelan,WA,Truck,0,0,0,21490,21490,0.00
October 31 2017,Clallam,WA,Passenger,96,85,181,48724,48905,0.37
October 31 2017,Clark,WA,Passenger,829,559,1388,302269,303657,0.46
October 31 2017,Cowlitz,WA,Passenger,54,65,119,70432,70551,0.17
September 30 2017,Whatcom,WA,Truck,2,0,2,41835,41837,0.00
October 31 2017,Asotin,WA,Passenger,7,5,12,12479,12491,0.10
October 31 2017,Douglas,WA,Passenger,36,32,68,26966,27034,0.25
October 31 2017,Frederick,MD,Passenger,0,1,1,84,85,1.18
October 31 2017,Garfield,WA,Passenger,1,0,1,1315,1316,0.08
October 31 2017,Grant,WA,Passenger,20,33,53,61667,61720,0.09
October 31 2017,Jefferson,WA,Truck,0,0,0,9440,9440,0.00
October 31 2017,Kitsap,WA,Passenger,661,355,1016,174890,175906,0.58
October 31 2017,Lincoln,WA,Truck,0,0,0,4491,4491,0.00
September 30 2017,Kitsap,WA,Passenger,653,346,999,174309,175308,0.57
September 30 2017,Kitsap,WA,Truck,1,0,1,52599,52600,0.00
September 30 2017,Kittitas,WA,Truck,0,0,0,13653,13653,0.00
September 30 2017,Latah,ID,Passenger,0,1,1,91,92,1.09
October 31 2017,Manassas,VA,Passenger,0,1,1,9,10,10.00
October 31 2017,Marin,CA,Passenger,1,0,1,58,59,1.69
October 31 2017,Maui,HI,Passenger,1,0,1,69,70,1.43
September 30 2017,Sacramento,CA,Passenger,1,0,1,335,336,0.30
September 30 2017,Snohomish,WA,Passenger,1910,975,2885,514381,517266,0.56
September 30 2017,St. Clair,IL,Passenger,0,1,1,166,167,0.60
August 31 2017,San Juan,WA,Passenger,113,39,152,13645,13797,1.10
August 31 2017,Santa Clara,CA,Passenger,5,2,7,393,400,1.75
August 31 2017,Snohomish,WA,Truck,1,0,1,121676,121677,0.00
August 31 2017,Spokane,WA,Truck,1,0,1,90996,90997,0.00
August 31 2017,Utah,UT,Passenger,0,1,1,147,148,0.68
October 31 2017,King,WA,Passenger,10942,4483,15425,1372248,1387673,1.11
October 31 2017,Kittitas,WA,Passenger,33,23,56,28115,28171,0.20
October 31 2017,Lee,AL,Passenger,1,0,1,35,36,2.78
October 31 2017,Lincoln,WA,Passenger,2,5,7,7576,7583,0.09
October 31 2017,Chelan,WA,Passenger,77,36,113,52715,52828,0.21
October 31 2017,Clark,WA,Truck,0,0,0,78123,78123,0.00
October 31 2017,El Paso,CO,Passenger,2,0,2,781,783,0.26
October 31 2017,Franklin,MA,Passenger,0,1,1,4,5,20.00
October 31 2017,District of Columbia,DC,Passenger,0,3,3,204,207,1.45
October 31 2017,El Paso,TX,Passenger,1,0,1,531,532,0.19
October 31 2017,Fairfax,VA,Passenger,2,2,4,845,849,0.47
October 31 2017,Flathead,MT,Passenger,1,0,1,54,55,1.82
October 31 2017,Hawaii,HI,Passenger,1,0,1,74,75,1.33
October 31 2017,Island,WA,Passenger,138,153,291,61076,61367,0.47
October 31 2017,Orange,CA,Passenger,3,1,4,603,607,0.66
October 31 2017,Orleans,LA,Passenger,0,1,1,46,47,2.13
October 31 2017,Riverside,CA,Passenger,1,2,3,745,748,0.40
October 31 2017,San Juan,WA,Passenger,127,40,167,13759,13926,1.20
October 31 2017,Sedgwick,KS,Passenger,0,1,1,103,104,0.96
October 31 2017,Montgomery,MD,Passenger,1,0,1,302,303,0.33
October 31 2017,Montgomery,TN,Passenger,1,0,1,275,276,0.36
October 31 2017,Okanogan,WA,Truck,0,0,0,16246,16246,0.00
October 31 2017,Prince George's,MD,Passenger,0,1,1,179,180,0.56
October 31 2017,San Diego,CA,Passenger,5,1,6,2624,2630,0.23
August 31 2017,Whatcom,WA,Passenger,481,182,663,143565,144228,0.46
September 30 2017,Allegheny,PA,Passenger,1,0,1,85,86,1.16
September 30 2017,Canyon,ID,Passenger,0,1,1,92,93,1.08
October 31 2017,Montgomery,PA,Passenger,1,0,1,38,39,2.56
October 31 2017,Multnomah,OR,Passenger,1,3,4,910,914,0.44
October 31 2017,Nassau,NY,Passenger,1,1,2,38,40,5.00
October 31 2017,Norfolk,MA,Passenger,1,0,1,37,38,2.63
October 31 2017,Okanogan,WA,Passenger,5,17,22,25714,25736,0.09
September 30 2017,New London,CT,Passenger,1,1,2,252,254,0.79
September 30 2017,Orange,CA,Passenger,3,1,4,610,614,0.65
September 30 2017,Orange,FL,Passenger,1,1,2,144,146,1.37
September 30 2017,Richland,SC,Passenger,0,1,1,186,187,0.53
September 30 2017,Riverside,CA,Passenger,1,2,3,752,755,0.40
September 30 2017,San Juan,WA,Truck,0,0,0,5561,5561,0.00
September 30 2017,Santa Fe,NM,Passenger,0,1,1,42,43,2.33
October 31 2017,Grant,WA,Truck,0,0,0,25460,25460,0.00
October 31 2017,Hardin,KY,Passenger,0,1,1,118,119,0.84
October 31 2017,Juneau,AK,Passenger,0,1,1,45,46,2.17
October 31 2017,King,WA,Truck,7,1,8,185863,185871,0.00
October 31 2017,New Haven,CT,Passenger,0,1,1,52,53,1.89
October 31 2017,Klickitat,WA,Truck,0,0,0,8005,8005,0.00
October 31 2017,Mason,WA,Passenger,61,74,135,44452,44587,0.30
October 31 2017,Moore,NC,Passenger,0,1,1,202,203,0.49
October 31 2017,Newport,RI,Passenger,1,0,1,114,115,0.87
October 31 2017,Northampton,PA,Passenger,0,1,1,69,70,1.43
October 31 2017,Tarrant,TX,Passenger,1,0,1,229,230,0.43
October 31 2017,Thurston,WA,Passenger,442,371,813,188874,189687,0.43
October 31 2017,Wayne,MI,Passenger,0,1,1,70,71,1.41
November 30 2017,Albemarle,VA,Passenger,0,1,1,33,34,2.94
September 30 2017,Travis,TX,Passenger,0,1,1,191,192,0.52
September 30 2017,Wahkiakum,WA,Passenger,0,2,2,2836,2838,0.07
September 30 2017,Walla Walla,WA,Passenger,27,28,55,35036,35091,0.16
September 30 2017,Whitman,WA,Passenger,12,22,34,22192,22226,0.15
September 30 2017,Yakima,WA,Truck,0,0,0,57709,57709,0.00
October 31 2017,Adams,WA,Truck,0,0,0,5135,5135,0.00
October 31 2017,Alameda,CA,Passenger,0,1,1,351,352,0.28
October 31 2017,Arlington,VA,Passenger,1,2,3,168,171,1.75
October 31 2017,Sumter,FL,Passenger,0,1,1,10,11,9.09
October 31 2017,Thurston,WA,Truck,0,0,0,53578,53578,0.00
September 30 2017,Sumter,FL,Passenger,0,1,1,10,11,9.09
September 30 2017,Thurston,WA,Truck,0,0,0,53502,53502,0.00
September 30 2017,Whitman,WA,Truck,0,0,0,8428,8428,0.00
October 31 2017,Queens,NY,Passenger,1,0,1,62,63,1.59
October 31 2017,Sacramento,CA,Passenger,1,0,1,325,326,0.31
October 31 2017,Sangamon,IL,Passenger,1,0,1,11,12,8.33
October 31 2017,Santa Clara,CA,Passenger,6,1,7,386,393,1.78
October 31 2017,Shelby,TN,Passenger,0,1,1,104,105,0.95
October 31 2017,Skamania,WA,Truck,0,0,0,3892,3892,0.00
October 31 2017,Travis,TX,Passenger,0,1,1,194,195,0.51
October 31 2017,Tuolumne,CA,Passenger,0,1,1,15,16,6.25
October 31 2017,Virginia Beach,VA,Passenger,2,1,3,663,666,0.45
October 31 2017,Walla Walla,WA,Truck,0,0,0,13257,13257,0.00
November 30 2017,Contra Costa,CA,Passenger,0,1,1,474,475,0.21
November 30 2017,Benton,WA,Passenger,165,160,325,129883,130208,0.25
November 30 2017,Cowlitz,WA,Truck,0,0,0,28147,28147,0.00
November 30 2017,Dakota,MN,Passenger,0,2,2,37,39,5.13
October 31 2017,Allegheny,PA,Passenger,1,0,1,89,90,1.11
October 31 2017,Benton,WA,Passenger,164,155,319,129410,129729,0.25
October 31 2017,Carroll,NH,Passenger,0,1,1,1,2,50.00
September 30 2017,Clallam,WA,Truck,0,0,0,21084,21084,0.00
September 30 2017,Columbia,WA,Passenger,1,1,2,2378,2380,0.08
September 30 2017,Contra Costa,CA,Passenger,0,1,1,509,510,0.20
September 30 2017,Douglas,WA,Passenger,35,29,64,26925,26989,0.24
September 30 2017,Ferry,WA,Truck,0,0,0,3538,3538,0.00
September 30 2017,Franklin,WA,Passenger,29,48,77,56182,56259,0.14
October 31 2017,Pierce,WA,Passenger,1040,916,1956,525497,527453,0.37
October 31 2017,Pima,AZ,Passenger,1,1,2,415,417,0.48
October 31 2017,Polk,FL,Passenger,1,0,1,63,64,1.56
October 31 2017,San Mateo,CA,Passenger,0,1,1,150,151,0.66
October 31 2017,Saratoga,NY,Passenger,1,1,2,73,75,2.67
October 31 2017,St. Lucie,FL,Passenger,1,0,1,27,28,3.57
October 31 2017,Stevens,WA,Passenger,9,22,31,31530,31561,0.10
October 31 2017,Stevens,WA,Truck,0,0,0,18305,18305,0.00
October 31 2017,Charles,MD,Passenger,0,1,1,83,84,1.19
October 31 2017,Clark,NV,Passenger,1,2,3,769,772,0.39
October 31 2017,Clay,FL,Passenger,0,1,1,114,115,0.87
October 31 2017,Dale,AL,Passenger,0,1,1,61,62,1.61
October 31 2017,Douglas,WA,Truck,0,0,0,11656,11656,0.00
October 31 2017,Duval,FL,Passenger,1,1,2,371,373,0.54
October 31 2017,Skamania,WA,Passenger,10,7,17,8570,8587,0.20
October 31 2017,Spokane,WA,Passenger,286,238,524,298914,299438,0.17
October 31 2017,St. Clair,IL,Passenger,0,1,1,161,162,0.62
October 31 2017,Walla Walla,WA,Passenger,28,28,56,35147,35203,0.16
October 31 2017,Whitman,WA,Truck,0,0,0,8440,8440,0.00
November 30 2017,Anne Arundel,MD,Passenger,0,1,1,489,490,0.20
November 30 2017,DeKalb,IN,Passenger,1,0,1,1,2,50.00
November 30 2017,Essex,NJ,Passenger,1,0,1,10,11,9.09
November 30 2017,Fulton,GA,Passenger,1,0,1,109,110,0.91
November 30 2017,Garfield,WA,Passenger,1,0,1,1313,1314,0.08
November 30 2017,Island,WA,Truck,0,0,0,20691,20691,0.00
October 31 2017,Whitman,WA,Passenger,12,20,32,22298,22330,0.14
October 31 2017,Yakima,WA,Truck,0,0,0,57815,57815,0.00
November 30 2017,,,Passenger,3,0,3,457,460,0.65
November 30 2017,Dallas,TX,Passenger,0,1,1,183,184,0.54
November 30 2017,Douglas,WA,Passenger,37,33,70,27071,27141,0.26
November 30 2017,Frederick,MD,Passenger,0,1,1,87,88,1.14
November 30 2017,Grant,WA,Passenger,24,33,57,61893,61950,0.09
November 30 2017,Grant,WA,Truck,0,0,0,25521,25521,0.00
November 30 2017,Hardin,KY,Passenger,0,1,1,120,121,0.83
October 31 2017,Tulare,CA,Passenger,1,0,1,194,195,0.51
October 31 2017,Twin Falls,ID,Passenger,0,1,1,24,25,4.00
October 31 2017,Wahkiakum,WA,Truck,0,0,0,1672,1672,0.00
November 30 2017,Alameda,CA,Passenger,0,1,1,352,353,0.28
November 30 2017,Arlington,VA,Passenger,1,2,3,170,173,1.73
November 30 2017,Asotin,WA,Truck,0,0,0,6552,6552,0.00
November 30 2017,Juneau,AK,Passenger,0,1,1,45,46,2.17
November 30 2017,Maui,HI,Passenger,1,0,1,68,69,1.45
November 30 2017,Brevard,FL,Passenger,0,1,1,104,105,0.95
November 30 2017,Chelan,WA,Truck,0,0,0,21519,21519,0.00
November 30 2017,Columbia,WA,Passenger,2,1,3,2391,2394,0.13
October 31 2017,Columbia,WA,Passenger,1,1,2,2393,2395,0.08
October 31 2017,Cowlitz,WA,Truck,0,0,0,28115,28115,0.00
October 31 2017,Dakota,MN,Passenger,0,2,2,38,40,5.00
October 31 2017,Fulton,GA,Passenger,1,0,1,109,110,0.91
October 31 2017,Grays Harbor,WA,Passenger,38,41,79,45371,45450,0.17
October 31 2017,Gwinnett,GA,Passenger,0,1,1,85,86,1.16
October 31 2017,Jefferson,WA,Passenger,116,68,184,24072,24256,0.76
October 31 2017,Kent,MI,Passenger,0,1,1,34,35,2.86
October 31 2017,Kitsap,WA,Truck,1,0,1,52589,52590,0.00
October 31 2017,Lane,OR,Passenger,0,1,1,214,215,0.47
September 30 2017,Grays Harbor,WA,Passenger,38,38,76,45129,45205,0.17
September 30 2017,Kittitas,WA,Passenger,33,21,54,27986,28040,0.19
September 30 2017,Klickitat,WA,Passenger,22,26,48,14774,14822,0.32
November 30 2017,Clark,NV,Passenger,1,2,3,762,765,0.39
November 30 2017,Dale,AL,Passenger,0,1,1,63,64,1.56
November 30 2017,Deschutes,OR,Passenger,1,0,1,179,180,0.56
November 30 2017,Douglas,WA,Truck,0,0,0,11702,11702,0.00
November 30 2017,Duval,FL,Passenger,1,1,2,368,370,0.54
November 30 2017,Ferry,WA,Truck,0,0,0,3543,3543,0.00
November 30 2017,Montgomery,MD,Passenger,1,0,1,300,301,0.33
November 30 2017,New Haven,CT,Passenger,0,1,1,53,54,1.85
November 30 2017,Pend Oreille,WA,Truck,0,0,0,5595,5595,0.00
November 30 2017,Ramsey,MN,Passenger,1,0,1,39,40,2.50
November 30 2017,Jefferson,NY,Passenger,1,0,1,239,240,0.42
November 30 2017,King,WA,Passenger,11131,4614,15745,1371585,1387330,1.13
November 30 2017,Lincoln,WA,Truck,0,0,0,4484,4484,0.00
November 30 2017,Manatee,FL,Passenger,1,0,1,40,41,2.44
November 30 2017,Mason,WA,Truck,0,0,0,19541,19541,0.00
November 30 2017,Monterey,CA,Passenger,0,2,2,198,200,1.00
November 30 2017,Montgomery,TN,Passenger,1,0,1,274,275,0.36
October 31 2017,Lewis,WA,Passenger,53,39,92,56273,56365,0.16
October 31 2017,Lumpkin,GA,Passenger,1,0,1,9,10,10.00
October 31 2017,Madison,ID,Passenger,1,0,1,37,38,2.63
October 31 2017,Missoula,MT,Passenger,1,0,1,69,70,1.43
October 31 2017,Nantucket,MA,Passenger,1,0,1,3,4,25.00
October 31 2017,Nueces,TX,Passenger,0,1,1,93,94,1.06
November 30 2017,El Paso,TX,Passenger,1,0,1,528,529,0.19
November 30 2017,Franklin,WA,Passenger,31,48,79,56682,56761,0.14
November 30 2017,Gwinnett,GA,Passenger,0,1,1,83,84,1.19
November 30 2017,Hamilton,TN,Passenger,1,0,1,21,22,4.55
November 30 2017,Honolulu,HI,Passenger,2,2,4,562,566,0.71
September 30 2017,Lewis,WA,Truck,0,0,0,25113,25113,0.00
September 30 2017,Los Angeles,CA,Passenger,5,2,7,1232,1239,0.56
September 30 2017,Maricopa,AZ,Passenger,2,1,3,1647,1650,0.18
September 30 2017,Maui,HI,Passenger,1,0,1,70,71,1.41
September 30 2017,Montgomery,MD,Passenger,1,0,1,305,306,0.33
November 30 2017,Jefferson,WA,Passenger,116,71,187,24181,24368,0.77
November 30 2017,Jefferson,WA,Truck,0,0,0,9464,9464,0.00
November 30 2017,Lane,OR,Passenger,0,1,1,207,208,0.48
November 30 2017,Morris,NJ,Passenger,1,0,1,22,23,4.35
November 30 2017,Pierce,WA,Truck,0,0,0,137013,137013,0.00
November 30 2017,Richmond,GA,Passenger,0,1,1,93,94,1.06
November 30 2017,Charles,MD,Passenger,0,1,1,84,85,1.18
November 30 2017,Chelan,WA,Passenger,83,36,119,52829,52948,0.22
November 30 2017,Clallam,WA,Passenger,98,86,184,48867,49051,0.38
November 30 2017,Clay,FL,Passenger,0,1,1,110,111,0.90
November 30 2017,Cowlitz,WA,Passenger,54,65,119,70593,70712,0.17
November 30 2017,Fairfax,VA,Passenger,2,2,4,839,843,0.47
November 30 2017,Flathead,MT,Passenger,1,0,1,55,56,1.79
November 30 2017,Madison,ID,Passenger,1,0,1,39,40,2.50
November 30 2017,San Diego,CA,Passenger,5,1,6,2595,2601,0.23
November 30 2017,Sangamon,IL,Passenger,1,0,1,11,12,8.33
November 30 2017,Santa Rosa,FL,Passenger,1,0,1,105,106,0.94
November 30 2017,Skamania,WA,Passenger,10,7,17,8575,8592,0.20
November 30 2017,St. Clair,IL,Passenger,0,1,1,163,164,0.61
November 30 2017,Volusia,FL,Passenger,0,1,1,38,39,2.56
November 30 2017,Walla Walla,WA,Passenger,29,31,60,35239,35299,0.17
October 31 2017,Island,WA,Truck,0,0,0,20593,20593,0.00
October 31 2017,Jefferson,NY,Passenger,1,0,1,245,246,0.41
October 31 2017,Klickitat,WA,Passenger,22,27,49,14804,14853,0.33
October 31 2017,Lewis,WA,Truck,0,0,0,25209,25209,0.00
October 31 2017,Los Angeles,CA,Passenger,5,2,7,1217,1224,0.57
October 31 2017,Manatee,FL,Passenger,1,0,1,42,43,2.33
October 31 2017,Maricopa,AZ,Passenger,2,1,3,1627,1630,0.18
October 31 2017,Mason,WA,Truck,0,0,0,19472,19472,0.00
October 31 2017,Palm Beach,FL,Passenger,0,1,1,92,93,1.08
October 31 2017,Pinal,AZ,Passenger,2,0,2,224,226,0.88
October 31 2017,Prince William,VA,Passenger,0,3,3,268,271,1.11
October 31 2017,Richland,SC,Passenger,0,1,1,184,185,0.54
October 31 2017,Snohomish,WA,Passenger,1946,999,2945,515247,518192,0.57
November 30 2017,Lumpkin,GA,Passenger,1,0,1,9,10,10.00
November 30 2017,Missoula,MT,Passenger,1,0,1,68,69,1.45
November 30 2017,Okaloosa,FL,Passenger,1,0,1,187,188,0.53
November 30 2017,Orleans,LA,Passenger,0,1,1,46,47,2.13
November 30 2017,Pacific,WA,Truck,0,0,0,7535,7535,0.00
November 30 2017,Palm Beach,FL,Passenger,0,1,1,89,90,1.11
November 30 2017,Pinal,AZ,Passenger,2,0,2,223,225,0.89
November 30 2017,Prince William,VA,Passenger,0,3,3,271,274,1.09
September 30 2017,Prince George's,MD,Passenger,0,1,1,181,182,0.55
September 30 2017,San Diego,CA,Passenger,6,1,7,2652,2659,0.26
September 30 2017,Sangamon,IL,Passenger,1,0,1,11,12,8.33
September 30 2017,Sedgwick,KS,Passenger,0,1,1,102,103,0.97
September 30 2017,Snohomish,WA,Truck,1,0,1,121534,121535,0.00
September 30 2017,Spokane,WA,Truck,1,0,1,91173,91174,0.00
October 31 2017,Utah,UT,Passenger,0,1,1,142,143,0.70
October 31 2017,Wahkiakum,WA,Passenger,0,2,2,2849,2851,0.07
November 30 2017,Allegheny,PA,Passenger,1,0,1,89,90,1.11
November 30 2017,Franklin,WA,Truck,0,0,0,18414,18414,0.00
November 30 2017,Hamilton,IN,Passenger,1,0,1,55,56,1.79
November 30 2017,Hawaii,HI,Passenger,1,0,1,77,78,1.28
November 30 2017,Island,WA,Passenger,147,156,303,61339,61642,0.49
November 30 2017,King,WA,Truck,7,1,8,185515,185523,0.00
November 30 2017,Latah,ID,Passenger,0,1,1,77,78,1.28
November 30 2017,Shelby,TN,Passenger,0,1,1,104,105,0.95
November 30 2017,Skagit,WA,Truck,1,0,1,31690,31691,0.00
November 30 2017,Tarrant,TX,Passenger,1,0,1,231,232,0.43
November 30 2017,Virginia Beach,VA,Passenger,2,1,3,670,673,0.45
November 30 2017,Whatcom,WA,Truck,1,0,1,41927,41928,0.00
November 30 2017,Yakima,WA,Truck,0,0,0,57920,57920,0.00
December 31 2017,Arlington,VA,Passenger,1,2,3,172,175,1.71
November 30 2017,Thurston,WA,Passenger,457,380,837,189511,190348,0.44
October 31 2017,Monterey,CA,Passenger,0,2,2,195,197,1.02
October 31 2017,Morris,NJ,Passenger,1,0,1,22,23,4.35
October 31 2017,Norfolk,VA,Passenger,1,1,2,310,312,0.64
October 31 2017,Pacific,WA,Passenger,14,10,24,15324,15348,0.16
October 31 2017,Pend Oreille,WA,Passenger,3,4,7,9370,9377,0.07
October 31 2017,Pierce,WA,Truck,0,0,0,137006,137006,0.00
November 30 2017,Pacific,WA,Passenger,15,11,26,15336,15362,0.17
November 30 2017,Richland,SC,Passenger,0,1,1,179,180,0.56
November 30 2017,San Juan,WA,Passenger,126,41,167,13785,13952,1.20
November 30 2017,Sedgwick,KS,Passenger,0,1,1,105,106,0.94
November 30 2017,Spokane,WA,Truck,1,0,1,91423,91424,0.00
November 30 2017,Stevens,WA,Truck,0,0,0,18332,18332,0.00
September 30 2017,Thurston,WA,Passenger,435,363,798,188253,189051,0.42
September 30 2017,Tuolumne,CA,Passenger,0,1,1,15,16,6.25
September 30 2017,Wayne,MI,Passenger,0,1,1,69,70,1.43
October 31 2017,Asotin,WA,Truck,0,0,0,6524,6524,0.00
November 30 2017,Mason,WA,Passenger,63,72,135,44602,44737,0.30
November 30 2017,Montgomery,TX,Passenger,1,0,1,62,63,1.59
November 30 2017,Nantucket,MA,Passenger,1,0,1,3,4,25.00
November 30 2017,Newport,RI,Passenger,1,0,1,112,113,0.88
November 30 2017,Northampton,PA,Passenger,0,1,1,66,67,1.49
November 30 2017,Orange,FL,Passenger,1,1,2,144,146,1.37
November 30 2017,Pierce,WA,Passenger,1050,942,1992,526027,528019,0.38
November 30 2017,Yakima,WA,Passenger,57,73,130,161625,161755,0.08
December 31 2017,Adams,WA,Passenger,4,5,9,12408,12417,0.07
December 31 2017,Adams,WA,Truck,0,0,0,5128,5128,0.00
December 31 2017,Alameda,CA,Passenger,0,1,1,351,352,0.28
December 31 2017,Albemarle,VA,Passenger,0,1,1,33,34,2.94
December 31 2017,Anne Arundel,MD,Passenger,0,1,1,475,476,0.21
December 31 2017,Asotin,WA,Truck,0,0,0,6543,6543,0.00
December 31 2017,Charles,MD,Passenger,0,1,1,85,86,1.16
December 31 2017,Clay,FL,Passenger,0,1,1,108,109,0.92
November 30 2017,Benton,WA,Truck,0,0,0,40498,40498,0.00
November 30 2017,Canyon,ID,Passenger,0,1,1,91,92,1.09
November 30 2017,Carroll,NH,Passenger,0,1,1,1,2,50.00
November 30 2017,Clark,WA,Truck,0,0,0,78248,78248,0.00
November 30 2017,Utah,UT,Passenger,0,1,1,136,137,0.73
October 31 2017,Columbia,WA,Truck,0,0,0,1542,1542,0.00
October 31 2017,Dallas,TX,Passenger,0,1,1,182,183,0.55
December 31 2017,Asotin,WA,Passenger,8,5,13,12519,12532,0.10
December 31 2017,Bexar,TX,Passenger,1,2,3,823,826,0.36
December 31 2017,Cape May,NJ,Passenger,0,1,1,22,23,4.35
December 31 2017,Chelan,WA,Passenger,86,38,124,53025,53149,0.23
December 31 2017,Clallam,WA,Passenger,99,91,190,49057,49247,0.39
December 31 2017,Clark,NV,Passenger,1,2,3,754,757,0.40
December 31 2017,Clark,WA,Passenger,851,572,1423,304280,305703,0.47
December 31 2017,District of Columbia,DC,Passenger,0,3,3,201,204,1.47
December 31 2017,DuPage,IL,Passenger,1,0,1,62,63,1.59
December 31 2017,Essex,NJ,Passenger,1,0,1,10,11,9.09
December 31 2017,Franklin,WA,Truck,0,0,0,18491,18491,0.00
December 31 2017,Garfield,WA,Passenger,1,0,1,1321,1322,0.08
December 31 2017,DeKalb,GA,Passenger,1,0,1,86,87,1.15
December 31 2017,El Paso,CO,Passenger,2,0,2,776,778,0.26
November 30 2017,Portsmouth,VA,Passenger,0,1,1,67,68,1.47
November 30 2017,San Juan,WA,Truck,0,0,0,5576,5576,0.00
November 30 2017,Santa Fe,NM,Passenger,0,1,1,42,43,2.33
November 30 2017,Skagit,WA,Passenger,159,131,290,89318,89608,0.32
November 30 2017,Tulare,CA,Passenger,1,0,1,190,191,0.52
November 30 2017,Franklin,MA,Passenger,0,1,1,4,5,20.00
November 30 2017,Garfield,WA,Truck,0,0,0,937,937,0.00
November 30 2017,Grays Harbor,WA,Passenger,42,41,83,45579,45662,0.18
October 31 2017,Richmond,GA,Passenger,0,1,1,92,93,1.08
October 31 2017,Skagit,WA,Truck,1,0,1,31631,31632,0.00
October 31 2017,Snohomish,WA,Truck,1,0,1,121469,121470,0.00
October 31 2017,Spokane,WA,Truck,1,0,1,91333,91334,0.00
October 31 2017,Whatcom,WA,Passenger,510,202,712,144318,145030,0.49
October 31 2017,Whatcom,WA,Truck,2,0,2,41874,41876,0.00
October 31 2017,Franklin,WA,Truck,0,0,0,18324,18324,0.00
October 31 2017,Grays Harbor,WA,Truck,0,0,0,20005,20005,0.00
October 31 2017,Hamilton,IN,Passenger,1,0,1,59,60,1.67
October 31 2017,Kittitas,WA,Truck,0,0,0,13691,13691,0.00
October 31 2017,Latah,ID,Passenger,0,1,1,84,85,1.18
November 30 2017,Wahkiakum,WA,Passenger,0,2,2,2868,2870,0.07
December 31 2017,,,Passenger,3,0,3,455,458,0.66
December 31 2017,Benton,WA,Passenger,172,168,340,130229,130569,0.26
December 31 2017,Duval,FL,Passenger,1,2,3,373,376,0.80
December 31 2017,Fairfax,VA,Passenger,2,2,4,834,838,0.48
December 31 2017,Ferry,WA,Passenger,1,3,4,4402,4406,0.09
December 31 2017,Franklin,OH,Passenger,0,1,1,109,110,0.91
December 31 2017,Grant,WA,Truck,0,0,0,25588,25588,0.00
December 31 2017,Howard,MD,Passenger,0,2,2,88,90,2.22
December 31 2017,Canyon,ID,Passenger,0,1,1,92,93,1.08
December 31 2017,Chelan,WA,Truck,0,0,0,21619,21619,0.00
December 31 2017,Columbia,WA,Passenger,2,1,3,2403,2406,0.12
December 31 2017,Contra Costa,CA,Passenger,0,1,1,471,472,0.21
December 31 2017,Cowlitz,WA,Passenger,54,67,121,70748,70869,0.17
December 31 2017,Dallas,TX,Passenger,0,1,1,184,185,0.54
December 31 2017,Douglas,WA,Passenger,38,33,71,27170,27241,0.26
December 31 2017,Flathead,MT,Passenger,1,0,1,55,56,1.79
December 31 2017,Kitsap,WA,Passenger,693,377,1070,175867,176937,0.60
December 31 2017,Kitsap,WA,Truck,1,0,1,52690,52691,0.00
December 31 2017,Latah,ID,Passenger,0,1,1,77,78,1.28
December 31 2017,Lincoln,WA,Truck,0,0,0,4493,4493,0.00
December 31 2017,Manassas,VA,Passenger,0,1,1,9,10,10.00
December 31 2017,Marin,CA,Passenger,1,0,1,58,59,1.69
December 31 2017,Garfield,WA,Truck,0,0,0,943,943,0.00
December 31 2017,King,WA,Passenger,11278,4684,15962,1370848,1386810,1.15
December 31 2017,King,WA,Truck,8,1,9,185060,185069,0.00
December 31 2017,Kittitas,WA,Truck,0,0,0,13803,13803,0.00
October 31 2017,Montgomery,TX,Passenger,1,0,1,61,62,1.61
October 31 2017,New London,CT,Passenger,1,1,2,251,253,0.79
October 31 2017,Okaloosa,FL,Passenger,1,0,1,186,187,0.53
October 31 2017,Orange,FL,Passenger,1,1,2,145,147,1.36
October 31 2017,Pacific,WA,Truck,0,0,0,7521,7521,0.00
October 31 2017,Pend Oreille,WA,Truck,0,0,0,5562,5562,0.00
November 30 2017,Adams,WA,Truck,0,0,0,5141,5141,0.00
November 30 2017,Asotin,WA,Passenger,7,5,12,12514,12526,0.10
November 30 2017,Bexar,TX,Passenger,1,1,2,826,828,0.24
November 30 2017,Clallam,WA,Truck,0,0,0,21179,21179,0.00
November 30 2017,Kittitas,WA,Passenger,34,24,58,28269,28327,0.20
November 30 2017,Lee,AL,Passenger,1,0,1,35,36,2.78
November 30 2017,Lewis,WA,Truck,0,0,0,25233,25233,0.00
November 30 2017,Lincoln,WA,Passenger,2,5,7,7554,7561,0.09
November 30 2017,Los Angeles,CA,Passenger,5,2,7,1210,1217,0.58
November 30 2017,Maricopa,AZ,Passenger,2,1,3,1629,1632,0.18
November 30 2017,Montgomery,PA,Passenger,1,0,1,39,40,2.50
November 30 2017,Multnomah,OR,Passenger,3,3,6,900,906,0.66
November 30 2017,Nassau,NY,Passenger,1,1,2,38,40,5.00
December 31 2017,Nantucket,MA,Passenger,1,0,1,3,4,25.00
December 31 2017,Norfolk,MA,Passenger,1,0,1,38,39,2.56
December 31 2017,Northampton,PA,Passenger,0,1,1,67,68,1.47
December 31 2017,Orleans,LA,Passenger,0,1,1,47,48,2.08
December 31 2017,Polk,FL,Passenger,1,0,1,61,62,1.61
December 31 2017,Sacramento,CA,Passenger,1,0,1,313,314,0.32
December 31 2017,Lincoln,WA,Passenger,2,5,7,7571,7578,0.09
December 31 2017,Montgomery,PA,Passenger,1,0,1,39,40,2.50
December 31 2017,Montgomery,TN,Passenger,1,0,1,272,273,0.37
December 31 2017,Okanogan,WA,Truck,0,0,0,16268,16268,0.00
December 31 2017,Clark,WA,Truck,0,0,0,78388,78388,0.00
December 31 2017,Cowlitz,WA,Truck,0,0,0,28153,28153,0.00
December 31 2017,Deschutes,OR,Passenger,1,0,1,177,178,0.56
December 31 2017,Douglas,WA,Truck,0,0,0,11757,11757,0.00
December 31 2017,El Paso,TX,Passenger,1,0,1,527,528,0.19
December 31 2017,Franklin,MA,Passenger,0,1,1,4,5,20.00
December 31 2017,Frederick,MD,Passenger,0,1,1,88,89,1.12
November 30 2017,El Paso,CO,Passenger,2,0,2,776,778,0.26
December 31 2017,Hawaii,HI,Passenger,1,0,1,78,79,1.27
December 31 2017,Island,WA,Passenger,155,165,320,61566,61886,0.52
December 31 2017,Kittitas,WA,Passenger,35,26,61,28447,28508,0.21
December 31 2017,Klickitat,WA,Passenger,23,26,49,14901,14950,0.33
October 31 2017,Portsmouth,VA,Passenger,0,1,1,65,66,1.52
October 31 2017,Ramsey,MN,Passenger,1,0,1,40,41,2.44
October 31 2017,San Juan,WA,Truck,0,0,0,5571,5571,0.00
October 31 2017,Santa Fe,NM,Passenger,0,1,1,41,42,2.38
October 31 2017,Santa Rosa,FL,Passenger,1,0,1,108,109,0.92
October 31 2017,Skagit,WA,Passenger,151,126,277,88960,89237,0.31
October 31 2017,Ventura,CA,Passenger,0,1,1,339,340,0.29
December 31 2017,New London,CT,Passenger,1,1,2,251,253,0.79
December 31 2017,Orange,CA,Passenger,3,1,4,579,583,0.69
December 31 2017,Orange,FL,Passenger,1,1,2,139,141,1.42
December 31 2017,Prince George,VA,Passenger,0,1,1,75,76,1.32
December 31 2017,Richland,SC,Passenger,0,1,1,172,173,0.58
December 31 2017,Riverside,CA,Passenger,1,2,3,740,743,0.40
December 31 2017,San Juan,WA,Passenger,132,43,175,13853,14028,1.25
December 31 2017,San Juan,WA,Truck,0,0,0,5606,5606,0.00
December 31 2017,Santa Fe,NM,Passenger,0,1,1,43,44,2.27
December 31 2017,Queens,NY,Passenger,1,0,1,61,62,1.61
December 31 2017,Santa Clara,CA,Passenger,7,1,8,383,391,2.05
December 31 2017,Shelby,TN,Passenger,0,1,1,104,105,0.95
December 31 2017,Ventura,CA,Passenger,0,1,1,332,333,0.30
December 31 2017,Virginia Beach,VA,Passenger,2,1,3,678,681,0.44
December 31 2017,Lee,AL,Passenger,1,0,1,37,38,2.63
December 31 2017,Maui,HI,Passenger,1,0,1,67,68,1.47
December 31 2017,Montgomery,MD,Passenger,1,0,1,300,301,0.33
December 31 2017,Multnomah,OR,Passenger,3,3,6,878,884,0.68
December 31 2017,Nassau,NY,Passenger,1,1,2,38,40,5.00
December 31 2017,Okanogan,WA,Passenger,7,18,25,25742,25767,0.10
December 31 2017,Grant,WA,Passenger,26,35,61,62098,62159,0.10
December 31 2017,Gwinnett,GA,Passenger,0,1,1,83,84,1.19
December 31 2017,Hardin,KY,Passenger,0,1,1,120,121,0.83
December 31 2017,Island,WA,Truck,0,0,0,20751,20751,0.00
December 31 2017,Jefferson,NY,Passenger,1,0,1,236,237,0.42
December 31 2017,Sumter,FL,Passenger,0,1,1,10,11,9.09
December 31 2017,Thurston,WA,Truck,0,0,0,53757,53757,0.00
November 30 2017,Okanogan,WA,Passenger,5,17,22,25733,25755,0.09
November 30 2017,Pend Oreille,WA,Passenger,3,4,7,9428,9435,0.07
November 30 2017,Queens,NY,Passenger,1,0,1,61,62,1.61
November 30 2017,Santa Clara,CA,Passenger,7,1,8,385,393,2.04
November 30 2017,Saratoga,NY,Passenger,1,1,2,71,73,2.74
November 30 2017,Skamania,WA,Truck,0,0,0,3893,3893,0.00
November 30 2017,Snohomish,WA,Truck,1,0,1,121385,121386,0.00
November 30 2017,Kent,MI,Passenger,0,1,1,34,35,2.86
November 30 2017,Kitsap,WA,Truck,1,0,1,52630,52631,0.00
November 30 2017,Klickitat,WA,Passenger,23,26,49,14870,14919,0.33
November 30 2017,Lewis,WA,Passenger,53,39,92,56416,56508,0.16
November 30 2017,Manassas,VA,Passenger,0,1,1,9,10,10.00
November 30 2017,Marin,CA,Passenger,1,0,1,57,58,1.72
October 31 2017,Volusia,FL,Passenger,0,1,1,40,41,2.44
October 31 2017,Yakima,WA,Passenger,57,72,129,161007,161136,0.08
November 30 2017,Adams,WA,Passenger,3,5,8,12358,12366,0.06
December 31 2017,Stevens,WA,Passenger,10,21,31,31529,31560,0.10
December 31 2017,Travis,TX,Passenger,0,1,1,189,190,0.53
December 31 2017,Wahkiakum,WA,Passenger,0,2,2,2860,2862,0.07
December 31 2017,Walla Walla,WA,Passenger,29,32,61,35287,35348,0.17
December 31 2017,Whitman,WA,Passenger,17,20,37,22427,22464,0.16
January 31 2018,Adams,WA,Truck,0,0,0,5148,5148,0.00
January 31 2018,Asotin,WA,Passenger,8,5,13,12548,12561,0.10
December 31 2017,Whitman,WA,Truck,0,0,0,8450,8450,0.00
January 31 2018,Allegheny,PA,Passenger,1,0,1,81,82,1.22
January 31 2018,Benton,WA,Truck,0,0,0,40709,40709,0.00
December 31 2017,Lumpkin,GA,Passenger,1,0,1,9,10,10.00
December 31 2017,Madison,ID,Passenger,1,0,1,39,40,2.50
December 31 2017,Mason,WA,Truck,0,0,0,19594,19594,0.00
December 31 2017,Monterey,CA,Passenger,0,2,2,193,195,1.03
December 31 2017,Palm Beach,FL,Passenger,0,1,1,87,88,1.14
November 30 2017,Norfolk,VA,Passenger,1,1,2,308,310,0.65
November 30 2017,Nueces,TX,Passenger,1,1,2,92,94,2.13
November 30 2017,Okanogan,WA,Truck,0,0,0,16273,16273,0.00
November 30 2017,Prince George,VA,Passenger,0,1,1,72,73,1.37
November 30 2017,Prince George's,MD,Passenger,0,1,1,179,180,0.56
November 30 2017,Tuolumne,CA,Passenger,0,1,1,16,17,5.88
November 30 2017,Twin Falls,ID,Passenger,0,1,1,24,25,4.00
November 30 2017,Wahkiakum,WA,Truck,0,0,0,1661,1661,0.00
November 30 2017,Walla Walla,WA,Truck,0,0,0,13313,13313,0.00
November 30 2017,Whatcom,WA,Passenger,524,214,738,144660,145398,0.51
November 30 2017,Whitman,WA,Truck,0,0,0,8437,8437,0.00
December 31 2017,Allegheny,PA,Passenger,1,0,1,82,83,1.20
December 31 2017,Benton,WA,Truck,0,0,0,40574,40574,0.00
December 31 2017,Pierce,WA,Truck,0,0,0,137011,137011,0.00
December 31 2017,Richmond,GA,Passenger,0,1,1,95,96,1.04
December 31 2017,Skagit,WA,Truck,1,0,1,31733,31734,0.00
December 31 2017,Stevens,WA,Truck,0,0,0,18375,18375,0.00
December 31 2017,Tarrant,TX,Passenger,1,0,1,229,230,0.43
November 30 2017,Cape May,NJ,Passenger,0,1,1,21,22,4.55
November 30 2017,Clark,WA,Passenger,840,558,1398,303194,304592,0.46
November 30 2017,Columbia,WA,Truck,0,0,0,1537,1537,0.00
November 30 2017,DeKalb,GA,Passenger,1,0,1,84,85,1.18
November 30 2017,District of Columbia,DC,Passenger,0,3,3,206,209,1.44
November 30 2017,Ferry,WA,Passenger,1,3,4,4408,4412,0.09
November 30 2017,Franklin,OH,Passenger,0,1,1,110,111,0.90
January 31 2018,Carroll,NH,Passenger,0,1,1,1,2,50.00
January 31 2018,Clark,WA,Passenger,873,598,1471,305311,306782,0.48
January 31 2018,Clark,WA,Truck,0,0,0,78580,78580,0.00
January 31 2018,District of Columbia,DC,Passenger,0,3,3,198,201,1.49
December 31 2017,Pend Oreille,WA,Truck,0,0,0,5618,5618,0.00
December 31 2017,Pierce,WA,Passenger,1071,963,2034,526456,528490,0.38
December 31 2017,Portsmouth,VA,Passenger,0,1,1,67,68,1.47
December 31 2017,Prince George's,MD,Passenger,0,1,1,176,177,0.56
December 31 2017,Ramsey,MN,Passenger,1,0,1,38,39,2.56
December 31 2017,San Diego,CA,Passenger,6,1,7,2574,2581,0.27
December 31 2017,Sangamon,IL,Passenger,1,0,1,10,11,9.09
December 31 2017,Santa Rosa,FL,Passenger,1,0,1,103,104,0.96
December 31 2017,Skagit,WA,Passenger,167,138,305,89556,89861,0.34
December 31 2017,Skamania,WA,Truck,0,0,0,3896,3896,0.00
December 31 2017,Spokane,WA,Truck,1,0,1,91582,91583,0.00
January 31 2018,Benton,WA,Passenger,175,179,354,130623,130977,0.27
January 31 2018,Chelan,WA,Truck,0,0,0,21676,21676,0.00
January 31 2018,Clallam,WA,Passenger,106,95,201,49282,49483,0.41
January 31 2018,Columbia,WA,Passenger,2,1,3,2401,2404,0.12
January 31 2018,Cowlitz,WA,Passenger,54,69,123,70973,71096,0.17
January 31 2018,Cowlitz,WA,Truck,0,0,0,28205,28205,0.00
January 31 2018,Dakota,MN,Passenger,0,2,2,38,40,5.00
January 31 2018,Douglas,WA,Truck,0,0,0,11790,11790,0.00
January 31 2018,DuPage,IL,Passenger,1,0,1,65,66,1.52
January 31 2018,El Paso,CO,Passenger,2,0,2,774,776,0.26
January 31 2018,Franklin,MA,Passenger,0,1,1,3,4,25.00
January 31 2018,Gwinnett,GA,Passenger,0,1,1,81,82,1.22
January 31 2018,Hardin,KY,Passenger,0,1,1,119,120,0.83
January 31 2018,Juneau,AK,Passenger,0,1,1,44,45,2.22
January 31 2018,Kent,MI,Passenger,0,1,1,35,36,2.78
January 31 2018,Kitsap,WA,Truck,1,0,1,52755,52756,0.00
December 31 2017,Clallam,WA,Truck,0,0,0,21216,21216,0.00
November 30 2017,Snohomish,WA,Passenger,1986,1019,3005,516019,519024,0.58
November 30 2017,Spokane,WA,Passenger,291,239,530,299650,300180,0.18
December 31 2017,Tuolumne,CA,Passenger,0,1,1,14,15,6.67
December 31 2017,Volusia,FL,Passenger,0,1,1,37,38,2.63
December 31 2017,Walla Walla,WA,Truck,0,0,0,13293,13293,0.00
January 31 2018,Asotin,WA,Truck,0,0,0,6559,6559,0.00
January 31 2018,Adams,WA,Passenger,4,4,8,12443,12451,0.06
January 31 2018,Canyon,ID,Passenger,0,1,1,94,95,1.05
January 31 2018,Cape May,NJ,Passenger,0,1,1,22,23,4.35
December 31 2017,Brevard,FL,Passenger,0,1,1,101,102,0.98
December 31 2017,Carroll,NH,Passenger,0,1,1,1,2,50.00
January 31 2018,Lane,OR,Passenger,0,1,1,201,202,0.50
January 31 2018,Lewis,WA,Passenger,52,43,95,56803,56898,0.17
January 31 2018,Lumpkin,GA,Passenger,1,0,1,7,8,12.50
January 31 2018,New Haven,CT,Passenger,0,1,1,53,54,1.85
January 31 2018,Nueces,TX,Passenger,1,1,2,95,97,2.06
January 31 2018,Fulton,GA,Passenger,1,0,1,106,107,0.93
January 31 2018,Grays Harbor,WA,Passenger,42,42,84,45971,46055,0.18
January 31 2018,Jefferson,NY,Passenger,1,0,1,232,233,0.43
January 31 2018,El Paso,TX,Passenger,1,0,1,525,526,0.19
January 31 2018,Fairfax,VA,Passenger,2,2,4,827,831,0.48
January 31 2018,Flathead,MT,Passenger,1,0,1,52,53,1.89
January 31 2018,Hawaii,HI,Passenger,1,0,1,79,80,1.25
November 30 2017,Grays Harbor,WA,Truck,0,0,0,20016,20016,0.00
November 30 2017,Howard,MD,Passenger,0,2,2,92,94,2.13
November 30 2017,Kitsap,WA,Passenger,676,367,1043,175385,176428,0.59
November 30 2017,Kittitas,WA,Truck,0,0,0,13757,13757,0.00
November 30 2017,Klickitat,WA,Truck,0,0,0,8002,8002,0.00
January 31 2018,Cook,IL,Passenger,1,0,1,284,285,0.35
January 31 2018,DeKalb,GA,Passenger,1,0,1,83,84,1.19
January 31 2018,Ferry,WA,Passenger,1,3,4,4408,4412,0.09
January 31 2018,Ferry,WA,Truck,0,0,0,3542,3542,0.00
December 31 2017,Columbia,WA,Truck,0,0,0,1540,1540,0.00
December 31 2017,Dale,AL,Passenger,0,1,1,64,65,1.54
December 31 2017,Grays Harbor,WA,Truck,0,0,0,20059,20059,0.00
January 31 2018,Clallam,WA,Truck,0,0,0,21278,21278,0.00
January 31 2018,Contra Costa,CA,Passenger,0,1,1,473,474,0.21
January 31 2018,Dallas,TX,Passenger,0,1,1,188,189,0.53
January 31 2018,Douglas,WA,Passenger,43,33,76,27222,27298,0.28
December 31 2017,Ferry,WA,Truck,0,0,0,3521,3521,0.00
December 31 2017,Franklin,WA,Passenger,30,50,80,56861,56941,0.14
December 31 2017,Grays Harbor,WA,Passenger,42,41,83,45820,45903,0.18
December 31 2017,Hamilton,IN,Passenger,1,0,1,55,56,1.79
December 31 2017,Hamilton,TN,Passenger,1,0,1,21,22,4.55
December 31 2017,Honolulu,HI,Passenger,2,2,4,561,565,0.71
January 31 2018,Palm Beach,FL,Passenger,0,1,1,84,85,1.18
January 31 2018,Richland,SC,Passenger,0,1,1,174,175,0.57
January 31 2018,Snohomish,WA,Passenger,2072,1094,3166,518066,521232,0.61
January 31 2018,Spokane,WA,Passenger,300,255,555,300796,301351,0.18
January 31 2018,St. Clair,IL,Passenger,0,1,1,160,161,0.62
January 31 2018,Island,WA,Truck,0,0,0,20784,20784,0.00
January 31 2018,Klickitat,WA,Passenger,23,26,49,14933,14982,0.33
January 31 2018,Klickitat,WA,Truck,0,0,0,8000,8000,0.00
January 31 2018,Madison,ID,Passenger,1,0,1,39,40,2.50
January 31 2018,Manatee,FL,Passenger,1,0,1,39,40,2.50
November 30 2017,Moore,NC,Passenger,0,1,1,202,203,0.49
November 30 2017,New London,CT,Passenger,1,1,2,253,255,0.78
November 30 2017,Norfolk,MA,Passenger,1,0,1,38,39,2.56
November 30 2017,Orange,CA,Passenger,3,1,4,587,591,0.68
November 30 2017,Pima,AZ,Passenger,1,1,2,413,415,0.48
November 30 2017,Polk,FL,Passenger,1,0,1,62,63,1.59
January 31 2018,Lewis,WA,Truck,0,0,0,25324,25324,0.00
January 31 2018,Los Angeles,CA,Passenger,5,3,8,1193,1201,0.67
January 31 2018,Maricopa,AZ,Passenger,2,1,3,1621,1624,0.18
January 31 2018,Mason,WA,Truck,0,0,0,19647,19647,0.00
January 31 2018,Monterey,CA,Passenger,0,2,2,197,199,1.01
January 31 2018,Moore,NC,Passenger,0,1,1,199,200,0.50
January 31 2018,Morris,NJ,Passenger,1,0,1,20,21,4.76
January 31 2018,Newport,RI,Passenger,1,0,1,112,113,0.88
January 31 2018,Norfolk,VA,Passenger,1,1,2,319,321,0.62
January 31 2018,Northampton,PA,Passenger,0,1,1,65,66,1.52
February 28 2018,Benton,WA,Truck,0,0,0,40753,40753,0.00
January 31 2018,Franklin,OH,Passenger,0,1,1,111,112,0.89
January 31 2018,Franklin,WA,Passenger,31,51,82,57013,57095,0.14
January 31 2018,Hamilton,TN,Passenger,1,0,1,21,22,4.55
January 31 2018,Howard,MD,Passenger,0,2,2,88,90,2.22
January 31 2018,Kitsap,WA,Passenger,706,402,1108,176403,177511,0.62
January 31 2018,Kittitas,WA,Passenger,36,27,63,28635,28698,0.22
December 31 2017,Jefferson,WA,Passenger,121,74,195,24282,24477,0.80
December 31 2017,Klickitat,WA,Truck,0,0,0,8003,8003,0.00
December 31 2017,Missoula,MT,Passenger,1,0,1,68,69,1.45
December 31 2017,Moore,NC,Passenger,0,1,1,199,200,0.50
January 31 2018,Franklin,WA,Truck,0,0,0,18562,18562,0.00
January 31 2018,Frederick,MD,Passenger,0,1,1,90,91,1.10
January 31 2018,Garfield,WA,Passenger,1,0,1,1329,1330,0.08
January 31 2018,Grant,WA,Passenger,29,37,66,62284,62350,0.11
January 31 2018,Grays Harbor,WA,Truck,0,0,0,20084,20084,0.00
January 31 2018,Hamilton,IN,Passenger,1,0,1,54,55,1.82
December 31 2017,Jefferson,WA,Truck,0,0,0,9478,9478,0.00
December 31 2017,Lewis,WA,Truck,0,0,0,25310,25310,0.00
December 31 2017,Los Angeles,CA,Passenger,5,2,7,1207,1214,0.58
December 31 2017,Maricopa,AZ,Passenger,2,1,3,1621,1624,0.18
December 31 2017,Mason,WA,Passenger,66,75,141,44841,44982,0.31
December 31 2017,Montgomery,TX,Passenger,1,0,1,62,63,1.59
January 31 2018,Lincoln,WA,Passenger,2,5,7,7589,7596,0.09
January 31 2018,Montgomery,PA,Passenger,1,0,1,34,35,2.86
January 31 2018,Norfolk,MA,Passenger,1,0,1,36,37,2.70
January 31 2018,Orange,CA,Passenger,3,1,4,568,572,0.70
January 31 2018,Pacific,WA,Passenger,15,13,28,15455,15483,0.18
January 31 2018,Pierce,WA,Truck,0,0,0,137134,137134,0.00
January 31 2018,Polk,FL,Passenger,1,0,1,62,63,1.59
January 31 2018,Richmond,GA,Passenger,0,1,1,95,96,1.04
January 31 2018,San Mateo,CA,Passenger,0,1,1,143,144,0.69
January 31 2018,Skagit,WA,Truck,1,0,1,31842,31843,0.00
January 31 2018,Spokane,WA,Truck,1,0,1,91742,91743,0.00
January 31 2018,St. Lucie,FL,Passenger,1,0,1,27,28,3.57
November 30 2017,Riverside,CA,Passenger,1,2,3,749,752,0.40
November 30 2017,Sacramento,CA,Passenger,1,0,1,319,320,0.31
November 30 2017,San Mateo,CA,Passenger,0,1,1,148,149,0.67
November 30 2017,St. Lucie,FL,Passenger,1,0,1,26,27,3.70
November 30 2017,Stevens,WA,Passenger,10,21,31,31550,31581,0.10
November 30 2017,Sumter,FL,Passenger,0,1,1,10,11,9.09
November 30 2017,Thurston,WA,Truck,0,0,0,53687,53687,0.00
November 30 2017,Travis,TX,Passenger,0,1,1,187,188,0.53
November 30 2017,Ventura,CA,Passenger,0,1,1,331,332,0.30
February 28 2018,Chelan,WA,Truck,0,0,0,21667,21667,0.00
February 28 2018,Cowlitz,WA,Passenger,54,70,124,70938,71062,0.17
February 28 2018,Dallas,TX,Passenger,0,1,1,187,188,0.53
January 31 2018,Pend Oreille,WA,Passenger,4,4,8,9441,9449,0.08
January 31 2018,Pima,AZ,Passenger,1,1,2,413,415,0.48
January 31 2018,Saratoga,NY,Passenger,1,1,2,68,70,2.86
January 31 2018,Snohomish,WA,Truck,1,0,1,121557,121558,0.00
January 31 2018,Twin Falls,ID,Passenger,0,1,1,23,24,4.17
January 31 2018,Wahkiakum,WA,Truck,0,0,0,1681,1681,0.00
December 31 2017,Newport,RI,Passenger,1,0,1,112,113,0.88
December 31 2017,Saratoga,NY,Passenger,1,1,2,69,71,2.82
December 31 2017,Sedgwick,KS,Passenger,0,1,1,106,107,0.93
December 31 2017,Snohomish,WA,Truck,1,0,1,121410,121411,0.00
January 31 2018,Latah,ID,Passenger,0,1,1,76,77,1.30
January 31 2018,Manassas,VA,Passenger,0,1,1,9,10,10.00
January 31 2018,Marin,CA,Passenger,1,0,1,56,57,1.75
January 31 2018,Mason,WA,Passenger,65,77,142,44975,45117,0.31
January 31 2018,Maui,HI,Passenger,1,0,1,66,67,1.49
January 31 2018,Montgomery,MD,Passenger,1,0,1,298,299,0.33
January 31 2018,Montgomery,TX,Passenger,1,0,1,61,62,1.61
November 30 2017,Whitman,WA,Passenger,16,19,35,22387,22422,0.16
December 31 2017,Ada,ID,Passenger,0,1,1,350,351,0.28
December 31 2017,Okaloosa,FL,Passenger,1,0,1,185,186,0.54
December 31 2017,Pacific,WA,Passenger,15,13,28,15406,15434,0.18
December 31 2017,Pacific,WA,Truck,0,0,0,7545,7545,0.00
December 31 2017,Pend Oreille,WA,Passenger,3,4,7,9440,9447,0.07
December 31 2017,Pima,AZ,Passenger,1,1,2,410,412,0.49
December 31 2017,Pinal,AZ,Passenger,2,0,2,215,217,0.92
December 31 2017,Prince William,VA,Passenger,0,3,3,271,274,1.09
December 31 2017,San Mateo,CA,Passenger,0,1,1,148,149,0.67
December 31 2017,Skamania,WA,Passenger,10,7,17,8588,8605,0.20
December 31 2017,St. Lucie,FL,Passenger,1,0,1,26,27,3.70
December 31 2017,Dakota,MN,Passenger,0,2,2,38,40,5.00
December 31 2017,DeKalb,IN,Passenger,1,0,1,1,2,50.00
December 31 2017,Fulton,GA,Passenger,1,0,1,106,107,0.93
January 31 2018,Riverside,CA,Passenger,1,2,3,732,735,0.41
January 31 2018,Sacramento,CA,Passenger,1,0,1,305,306,0.33
January 31 2018,San Juan,WA,Passenger,137,46,183,13927,14110,1.30
January 31 2018,Sangamon,IL,Passenger,1,0,1,11,12,8.33
January 31 2018,Santa Clara,CA,Passenger,7,1,8,389,397,2.02
January 31 2018,Sedgwick,KS,Passenger,0,1,1,106,107,0.93
January 31 2018,Sumter,FL,Passenger,0,1,1,10,11,9.09
January 31 2018,Thurston,WA,Truck,0,0,0,53890,53890,0.00
January 31 2018,Travis,TX,Passenger,0,1,1,186,187,0.53
January 31 2018,Tuolumne,CA,Passenger,0,1,1,14,15,6.67
February 28 2018,Flathead,MT,Passenger,1,0,1,53,54,1.85
February 28 2018,Garfield,OK,Passenger,1,0,1,22,23,4.35
February 28 2018,Hamilton,IN,Passenger,1,0,1,52,53,1.89
February 28 2018,Hawaii,HI,Passenger,1,0,1,81,82,1.22
February 28 2018,Honolulu,HI,Passenger,2,2,4,560,564,0.71
February 28 2018,Island,WA,Passenger,165,171,336,61867,62203,0.54
February 28 2018,Jefferson,WA,Truck,0,0,0,9513,9513,0.00
January 31 2018,Whatcom,WA,Passenger,548,238,786,145510,146296,0.54
February 28 2018,Adams,WA,Truck,0,0,0,5139,5139,0.00
February 28 2018,Alameda,CA,Passenger,0,1,1,356,357,0.28
February 28 2018,Anne Arundel,MD,Passenger,0,1,1,474,475,0.21
February 28 2018,Asotin,WA,Truck,0,0,0,6580,6580,0.00
January 31 2018,Stevens,WA,Passenger,10,22,32,31594,31626,0.10
January 31 2018,Stevens,WA,Truck,0,0,0,18386,18386,0.00
January 31 2018,Whatcom,WA,Truck,1,0,1,42065,42066,0.00
February 28 2018,Asotin,WA,Passenger,8,5,13,12588,12601,0.10
February 28 2018,Bexar,TX,Passenger,2,2,4,799,803,0.50
December 31 2017,Thurston,WA,Passenger,470,391,861,190048,190909,0.45
December 31 2017,Twin Falls,ID,Passenger,0,1,1,24,25,4.00
December 31 2017,Wahkiakum,WA,Truck,0,0,0,1670,1670,0.00
January 31 2018,,,Passenger,3,1,4,451,455,0.88
January 31 2018,New London,CT,Passenger,1,1,2,253,255,0.78
January 31 2018,Orange,FL,Passenger,2,1,3,166,169,1.78
January 31 2018,Pend Oreille,WA,Truck,0,0,0,5618,5618,0.00
January 31 2018,Prince George,VA,Passenger,0,1,1,75,76,1.32
January 31 2018,Ramsey,MN,Passenger,1,0,1,39,40,2.50
January 31 2018,San Diego,CA,Passenger,6,1,7,2578,2585,0.27
January 31 2018,San Juan,WA,Truck,0,0,0,5646,5646,0.00
January 31 2018,Santa Fe,NM,Passenger,0,1,1,44,45,2.22
January 31 2018,Santa Rosa,FL,Passenger,1,0,1,102,103,0.97
February 28 2018,Caddo,LA,Passenger,0,1,1,22,23,4.35
February 28 2018,DeKalb,GA,Passenger,1,0,1,83,84,1.19
December 31 2017,Juneau,AK,Passenger,0,1,1,46,47,2.13
December 31 2017,Kent,MI,Passenger,0,1,1,34,35,2.86
December 31 2017,Lane,OR,Passenger,0,1,1,208,209,0.48
December 31 2017,Lewis,WA,Passenger,54,40,94,56569,56663,0.17
December 31 2017,Manatee,FL,Passenger,1,0,1,39,40,2.50
February 28 2018,Charles,MD,Passenger,0,1,1,82,83,1.20
February 28 2018,Clallam,WA,Truck,0,0,0,21287,21287,0.00
February 28 2018,Clay,FL,Passenger,0,1,1,105,106,0.94
February 28 2018,DuPage,IL,Passenger,1,0,1,66,67,1.49
February 28 2018,Essex,NJ,Passenger,1,0,1,10,11,9.09
February 28 2018,Franklin,WA,Truck,0,0,0,18576,18576,0.00
February 28 2018,Garfield,WA,Passenger,1,0,1,1323,1324,0.08
January 31 2018,Whitman,WA,Passenger,18,20,38,22475,22513,0.17
February 28 2018,,,Passenger,3,1,4,448,452,0.88
February 28 2018,Benton,WA,Passenger,175,179,354,130454,130808,0.27
February 28 2018,Brevard,FL,Passenger,0,1,1,102,103,0.97
February 28 2018,Carroll,NH,Passenger,0,1,1,1,2,50.00
December 31 2017,Utah,UT,Passenger,0,1,1,134,135,0.74
December 31 2017,Whatcom,WA,Passenger,532,227,759,145195,145954,0.52
December 31 2017,Yakima,WA,Passenger,59,75,134,162072,162206,0.08
January 31 2018,Ada,ID,Passenger,0,1,1,349,350,0.29
January 31 2018,Albemarle,VA,Passenger,0,1,1,31,32,3.12
January 31 2018,Anne Arundel,MD,Passenger,0,1,1,472,473,0.21
February 28 2018,Lee,AL,Passenger,1,0,1,34,35,2.86
February 28 2018,Mason,WA,Passenger,64,80,144,45047,45191,0.32
February 28 2018,Multnomah,OR,Passenger,3,4,7,834,841,0.83
February 28 2018,Nassau,NY,Passenger,1,0,1,37,38,2.63
February 28 2018,Newport,RI,Passenger,1,0,1,111,112,0.89
February 28 2018,Okanogan,WA,Passenger,7,19,26,25666,25692,0.10
December 31 2017,Morris,NJ,Passenger,1,0,1,21,22,4.55
December 31 2017,New Haven,CT,Passenger,0,1,1,54,55,1.82
December 31 2017,Norfolk,VA,Passenger,1,1,2,311,313,0.64
December 31 2017,Nueces,TX,Passenger,1,1,2,92,94,2.13
January 31 2018,Bexar,TX,Passenger,1,2,3,814,817,0.37
January 31 2018,Columbia,WA,Truck,0,0,0,1545,1545,0.00
January 31 2018,Deschutes,OR,Passenger,1,0,1,177,178,0.56
January 31 2018,DeKalb,IN,Passenger,1,0,1,1,2,50.00
January 31 2021,Ferry,WA,Truck,0,0,0,3603,3603,0.00
January 31 2021,Frederick,MD,Passenger,1,1,2,69,71,2.82
February 28 2021,Montgomery,PA,Passenger,1,0,1,25,26,3.85
February 28 2021,Multnomah,OR,Passenger,3,5,8,666,674,1.19
February 28 2021,Nassau,NY,Passenger,4,0,4,27,31,12.90
February 28 2021,Newport,RI,Passenger,1,0,1,80,81,1.23
February 28 2021,Okanogan,WA,Passenger,56,35,91,26134,26225,0.35
February 28 2021,Pend Oreille,WA,Passenger,12,4,16,9193,9209,0.17
February 28 2021,Penobscot,ME,Passenger,0,1,1,10,11,9.09
February 28 2021,Plaquemines,LA,Passenger,0,1,1,14,15,6.67
February 28 2021,Queens,NY,Passenger,2,0,2,48,50,4.00
February 28 2021,San Francisco,CA,Passenger,1,1,2,89,91,2.20
February 28 2021,Santa Clara,CA,Passenger,7,2,9,266,275,3.27
February 28 2021,Island,WA,Passenger,546,296,842,62875,63717,1.32
February 28 2021,Jones,GA,Passenger,1,0,1,1,2,50.00
February 28 2021,Kauai,HI,Passenger,1,0,1,15,16,6.25
February 28 2021,Kern,CA,Passenger,0,1,1,219,220,0.45
February 28 2021,King,WA,Truck,6,1,7,184325,184332,0.00
February 28 2021,Kittitas,WA,Truck,0,0,0,14692,14692,0.00
February 28 2021,Loudoun,VA,Passenger,1,0,1,73,74,1.35
February 28 2021,Mason,WA,Passenger,177,136,313,47649,47962,0.65
February 28 2021,Contra Costa,CA,Passenger,3,3,6,286,292,2.05
February 28 2021,Dallas,TX,Passenger,1,0,1,168,169,0.59
February 28 2021,Douglas,WA,Passenger,86,46,132,28253,28385,0.47
February 28 2021,Frederick,MD,Passenger,1,1,2,68,70,2.86
March 31 2021,Montgomery,PA,Passenger,1,0,1,24,25,4.00
March 31 2021,Okanogan,WA,Passenger,57,35,92,26228,26320,0.35
March 31 2021,Okanogan,WA,Truck,0,0,0,16672,16672,0.00
March 31 2021,Owyhee,ID,Passenger,1,0,1,3,4,25.00
March 31 2021,Pennington,SD,Passenger,1,0,1,32,33,3.03
March 31 2021,Penobscot,ME,Passenger,0,1,1,9,10,10.00
March 31 2021,Platte,MO,Passenger,1,0,1,18,19,5.26
March 31 2021,Queens,NY,Passenger,2,0,2,48,50,4.00
March 31 2021,Sacramento,CA,Passenger,2,0,2,236,238,0.84
February 28 2021,Jefferson,WA,Truck,0,0,0,9575,9575,0.00
February 28 2021,Klamath,OR,Passenger,1,0,1,27,28,3.57
February 28 2021,Klickitat,WA,Passenger,65,45,110,14999,15109,0.73
March 31 2021,Okaloosa,FL,Passenger,0,1,1,130,131,0.76
March 31 2021,Pacific,WA,Passenger,39,40,79,15921,16000,0.49
March 31 2021,Pend Oreille,WA,Passenger,12,6,18,9281,9299,0.19
March 31 2021,Philadelphia,PA,Passenger,1,0,1,56,57,1.75
March 31 2021,Pima,AZ,Passenger,2,1,3,308,311,0.96
March 31 2021,Polk,FL,Passenger,1,0,1,53,54,1.85
March 31 2021,San Mateo,CA,Passenger,1,1,2,103,105,1.90
January 31 2021,Harrison,MS,Passenger,2,0,2,56,58,3.45
January 31 2021,Hennepin,MN,Passenger,2,0,2,79,81,2.47
January 31 2021,Klickitat,WA,Passenger,63,43,106,14989,15095,0.70
January 31 2021,Lake,IL,Passenger,2,0,2,157,159,1.26
March 31 2021,Yakima,WA,Truck,0,0,0,61386,61386,0.00
April 30 2021,Adams,WA,Truck,0,0,0,5406,5406,0.00
April 30 2021,Allen,IN,Passenger,1,0,1,15,16,6.25
April 30 2021,Anne Arundel,MD,Passenger,4,2,6,394,400,1.50
April 30 2021,Asotin,WA,Passenger,19,14,33,12661,12694,0.26
February 28 2021,Montgomery,TX,Passenger,1,0,1,46,47,2.13
February 28 2021,Nassau,FL,Passenger,1,0,1,33,34,2.94
February 28 2021,New London,CT,Passenger,1,2,3,230,233,1.29
February 28 2021,Orange,FL,Passenger,1,0,1,111,112,0.89
February 28 2021,Pennington,SD,Passenger,1,0,1,34,35,2.86
February 28 2021,Pierce,WA,Passenger,3032,1811,4843,555531,560374,0.86
February 28 2021,Portsmouth,VA,Passenger,0,1,1,77,78,1.28
February 28 2021,Saginaw,MI,Passenger,2,0,2,9,11,18.18
February 28 2021,Salt Lake,UT,Passenger,0,2,2,170,172,1.16
February 28 2021,San Juan,WA,Truck,0,0,0,5866,5866,0.00
March 31 2021,Utah,UT,Passenger,0,1,1,120,121,0.83
March 31 2021,Whatcom,WA,Passenger,1298,577,1875,150459,152334,1.23
March 31 2021,Wichita,TX,Passenger,1,0,1,40,41,2.44
April 30 2021,Allegheny,PA,Passenger,1,1,2,62,64,3.12
April 30 2021,Arlington,VA,Passenger,0,1,1,139,140,0.71
April 30 2021,Bradley,TN,Passenger,1,0,1,0,1,100.00
January 31 2021,Manassas,VA,Passenger,0,1,1,4,5,20.00
January 31 2021,Maricopa,AZ,Passenger,5,6,11,1281,1292,0.85
January 31 2021,Maui,HI,Passenger,1,0,1,26,27,3.70
January 31 2021,Montgomery,MD,Passenger,1,0,1,230,231,0.43
January 31 2021,Plaquemines,LA,Passenger,0,1,1,14,15,6.67
January 31 2021,Platte,MO,Passenger,1,0,1,17,18,5.56
January 31 2021,Prince George's,MD,Passenger,2,1,3,142,145,2.07
February 28 2021,Grant,WA,Passenger,90,86,176,66084,66260,0.27
February 28 2021,Grant,WA,Truck,0,0,0,27668,27668,0.00
February 28 2021,Grays Harbor,WA,Truck,0,0,0,21249,21249,0.00
February 28 2021,Juneau,AK,Passenger,0,1,1,25,26,3.85
February 28 2021,Lee,FL,Passenger,1,0,1,39,40,2.50
February 28 2021,Skamania,WA,Truck,0,0,0,4029,4029,0.00
February 28 2021,Snohomish,WA,Truck,1,0,1,125741,125742,0.00
February 28 2021,Twin Falls,ID,Passenger,0,1,1,21,22,4.55
February 28 2021,Vigo,IN,Passenger,1,0,1,5,6,16.67
February 28 2021,Wahkiakum,WA,Truck,0,0,0,1782,1782,0.00
February 28 2021,Walla Walla,WA,Truck,0,0,0,13908,13908,0.00
February 28 2021,Washington,MD,Passenger,1,0,1,11,12,8.33
February 28 2021,Washoe,NV,Passenger,1,0,1,97,98,1.02
February 28 2021,Whatcom,WA,Passenger,1277,573,1850,150049,151899,1.22
February 28 2021,Whitman,WA,Truck,0,0,0,8514,8514,0.00
February 28 2021,Williamson,TX,Passenger,0,2,2,113,115,1.74
February 28 2021,Wilson,TX,Passenger,0,1,1,5,6,16.67
March 31 2021,Santa Clara,CA,Passenger,8,2,10,264,274,3.65
March 31 2021,Suffolk,VA,Passenger,1,0,1,123,124,0.81
March 31 2021,Travis,TX,Passenger,2,3,5,165,170,2.94
March 31 2021,Ventura,CA,Passenger,1,1,2,273,275,0.73
March 31 2021,Virginia Beach,VA,Passenger,3,0,3,635,638,0.47
March 31 2021,Walla Walla,WA,Truck,0,0,0,13967,13967,0.00
March 31 2021,Washington,MD,Passenger,1,0,1,12,13,7.69
March 31 2021,Whitman,WA,Truck,0,0,0,8553,8553,0.00
March 31 2021,Williamson,TX,Passenger,0,2,2,111,113,1.77
March 31 2021,Wilson,TX,Passenger,0,1,1,4,5,20.00
February 28 2021,Pacific,WA,Passenger,37,38,75,15823,15898,0.47
February 28 2021,Pinellas,FL,Passenger,1,1,2,98,100,2.00
February 28 2021,Randolph,NC,Passenger,1,0,1,6,7,14.29
February 28 2021,San Joaquin,CA,Passenger,1,0,1,108,109,0.92
February 28 2021,San Juan,WA,Passenger,383,118,501,14060,14561,3.44
February 28 2021,Sedgwick,KS,Passenger,1,1,2,89,91,2.20
February 28 2021,Solano,CA,Passenger,1,0,1,199,200,0.50
February 28 2021,Spokane,WA,Truck,0,0,0,101007,101007,0.00
February 28 2021,St. Mary's,MD,Passenger,1,0,1,215,216,0.46
February 28 2021,Stevens,WA,Truck,0,0,0,18725,18725,0.00
April 30 2021,Clark,WA,Truck,0,0,0,84199,84199,0.00
April 30 2021,Danville,VA,Passenger,1,0,1,0,1,100.00
April 30 2021,Denver,CO,Passenger,1,0,1,113,114,0.88
April 30 2021,Douglas,WA,Truck,0,0,0,12627,12627,0.00
April 30 2021,DuPage,IL,Passenger,2,0,2,56,58,3.45
April 30 2021,El Dorado,CA,Passenger,1,0,1,31,32,3.12
April 30 2021,El Paso,CO,Passenger,3,0,3,704,707,0.42
April 30 2021,El Paso,TX,Passenger,3,0,3,381,384,0.78
April 30 2021,Erie,NY,Passenger,1,0,1,40,41,2.44
April 30 2021,Garfield,WA,Truck,0,0,0,1006,1006,0.00
April 30 2021,Greene,MO,Passenger,0,1,1,31,32,3.12
February 28 2021,Maui,HI,Passenger,1,0,1,27,28,3.57
February 28 2021,Middlesex,MA,Passenger,1,1,2,99,101,1.98
February 28 2021,Milwaukee,WI,Passenger,1,0,1,41,42,2.38
February 28 2021,Montgomery,MD,Passenger,1,0,1,232,233,0.43
February 28 2021,New Haven,CT,Passenger,0,2,2,34,36,5.56
February 28 2021,Pend Oreille,WA,Truck,0,0,0,5721,5721,0.00
February 28 2021,Placer,CA,Passenger,2,0,2,80,82,2.44
February 28 2021,RÃ­o Grande,PR,Passenger,1,0,1,1,2,50.00
February 28 2021,Ramsey,MN,Passenger,1,0,1,34,35,2.86
March 31 2021,,,Passenger,3,1,4,376,380,1.05
March 31 2021,Allegheny,PA,Passenger,1,1,2,63,65,3.08
March 31 2021,Clackamas,OR,Passenger,3,0,3,178,181,1.66
March 31 2021,Clallam,WA,Truck,1,0,1,21955,21956,0.00
January 31 2021,Randolph,NC,Passenger,1,0,1,6,7,14.29
January 31 2021,San Diego,CA,Passenger,13,5,18,2710,2728,0.66
January 31 2021,San Joaquin,CA,Passenger,1,0,1,107,108,0.93
January 31 2021,Sedgwick,KS,Passenger,1,1,2,89,91,2.20
January 31 2021,Thurston,WA,Passenger,1351,796,2147,197467,199614,1.08
February 28 2021,Skagit,WA,Passenger,535,247,782,91351,92133,0.85
February 28 2021,Tulsa,OK,Passenger,1,1,2,38,40,5.00
February 28 2021,Ventura,CA,Passenger,1,1,2,274,276,0.72
February 28 2021,Wahkiakum,WA,Passenger,8,6,14,3046,3060,0.46
February 28 2021,Washington,OR,Passenger,1,0,1,398,399,0.25
February 28 2021,Wichita,TX,Passenger,1,0,1,41,42,2.38
March 31 2021,Alexandria,VA,Passenger,2,0,2,133,135,1.48
April 30 2021,Adams,WA,Passenger,11,9,20,13055,13075,0.15
April 30 2021,Arapahoe,CO,Passenger,1,0,1,117,118,0.85
April 30 2021,Boone,MO,Passenger,0,1,1,9,10,10.00
April 30 2021,Boulder,CO,Passenger,0,1,1,46,47,2.13
April 30 2021,Bucks,PA,Passenger,1,0,1,17,18,5.56
April 30 2021,Camden,NJ,Passenger,0,1,1,15,16,6.25
April 30 2021,Cape May,NJ,Passenger,0,1,1,8,9,11.11
April 30 2021,Clackamas,OR,Passenger,2,0,2,179,181,1.10
April 30 2021,Clark,NV,Passenger,4,3,7,636,643,1.09
April 30 2021,Gwinnett,GA,Passenger,1,0,1,66,67,1.49
April 30 2021,Kitsap,WA,Truck,0,0,0,54580,54580,0.00
April 30 2021,Lake,FL,Passenger,1,0,1,23,24,4.17
January 31 2021,Washtenaw,MI,Passenger,1,0,1,31,32,3.12
February 28 2021,Albemarle,VA,Passenger,1,0,1,22,23,4.35
February 28 2021,Benton,WA,Passenger,460,362,822,135094,135916,0.60
February 28 2021,Calvert,MD,Passenger,0,2,2,85,87,2.30
April 30 2021,Owyhee,ID,Passenger,1,0,1,3,4,25.00
April 30 2021,Penobscot,ME,Passenger,0,1,1,9,10,10.00
April 30 2021,Queens,NY,Passenger,2,0,2,48,50,4.00
April 30 2021,Richland,SC,Passenger,0,1,1,145,146,0.68
April 30 2021,Rogers,OK,Passenger,1,0,1,4,5,20.00
February 28 2021,San Diego,CA,Passenger,13,5,18,2686,2704,0.67
February 28 2021,Skamania,WA,Passenger,37,24,61,8291,8352,0.73
February 28 2021,St. Clair,IL,Passenger,1,0,1,139,140,0.71
February 28 2021,Walla Walla,WA,Passenger,105,69,174,36139,36313,0.48
March 31 2021,Cumberland,NC,Passenger,0,2,2,447,449,0.45
March 31 2021,Deschutes,OR,Passenger,1,0,1,118,119,0.84
March 31 2021,Ferry,WA,Truck,0,0,0,3621,3621,0.00
March 31 2021,Grays Harbor,WA,Passenger,150,131,281,49030,49311,0.57
March 31 2021,Hamilton,IN,Passenger,2,0,2,36,38,5.26
March 31 2021,Harris,TX,Passenger,1,1,2,199,201,1.00
February 28 2021,Cowlitz,WA,Truck,0,0,0,28973,28973,0.00
February 28 2021,Dakota,MN,Passenger,0,1,1,25,26,3.85
February 28 2021,DeKalb,IN,Passenger,1,0,1,0,1,100.00
February 28 2021,Douglas,CO,Passenger,0,1,1,76,77,1.30
February 28 2021,Fulton,GA,Passenger,0,2,2,85,87,2.30
April 30 2021,Carson City,NV,Passenger,1,0,1,11,12,8.33
April 30 2021,Charleston,SC,Passenger,2,0,2,87,89,2.25
April 30 2021,Chelan,WA,Passenger,314,93,407,54671,55078,0.74
April 30 2021,Clallam,WA,Passenger,309,206,515,50405,50920,1.01
April 30 2021,Clallam,WA,Truck,1,0,1,21992,21993,0.00
April 30 2021,Clark,WA,Passenger,2682,1330,4012,321660,325672,1.23
April 30 2021,Columbia,WA,Passenger,5,4,9,2478,2487,0.36
April 30 2021,Cumberland,NC,Passenger,0,2,2,444,446,0.45
April 30 2021,District of Columbia,DC,Passenger,4,1,5,191,196,2.55
April 30 2021,Fairbanks North Star,AK,Passenger,0,1,1,85,86,1.16
April 30 2021,Fairfax,VA,Passenger,4,4,8,700,708,1.13
April 30 2021,Fresno,CA,Passenger,1,0,1,172,173,0.58
April 30 2021,Douglas,CO,Passenger,0,1,1,76,77,1.30
April 30 2021,Duval,FL,Passenger,0,2,2,345,347,0.58
April 30 2021,Ferry,WA,Truck,0,0,0,3647,3647,0.00
April 30 2021,Franklin,WA,Passenger,109,95,204,61953,62157,0.33
April 30 2021,Harnett,NC,Passenger,1,1,2,177,179,1.12
April 30 2021,Honolulu,HI,Passenger,5,2,7,405,412,1.70
March 31 2021,Contra Costa,CA,Passenger,3,4,7,281,288,2.43
March 31 2021,Cowlitz,WA,Passenger,197,133,330,72160,72490,0.46
March 31 2021,Dallas,TX,Passenger,1,0,1,165,166,0.60
March 31 2021,Douglas,WA,Passenger,86,47,133,28382,28515,0.47
March 31 2021,Fairbanks North Star,AK,Passenger,0,1,1,88,89,1.12
March 31 2021,Flathead,MT,Passenger,1,0,1,46,47,2.13
March 31 2021,Fort Bend,TX,Passenger,1,0,1,40,41,2.44
March 31 2021,Frederick,MD,Passenger,1,1,2,71,73,2.74
April 30 2021,St. Louis,MO,Passenger,1,0,1,88,89,1.12
April 30 2021,Stevens,WA,Truck,0,0,0,18879,18879,0.00
April 30 2021,Whitman,WA,Truck,0,0,0,8564,8564,0.00
April 30 2021,Williamson,TX,Passenger,0,2,2,109,111,1.80
May 31 2021,Allegheny,PA,Passenger,1,1,2,62,64,3.12
May 31 2021,Carroll,NH,Passenger,0,1,1,5,6,16.67
May 31 2021,Carson City,NV,Passenger,1,0,1,10,11,9.09
May 31 2021,Clackamas,OR,Passenger,2,0,2,175,177,1.13
March 31 2021,Benton,WA,Passenger,466,369,835,135511,136346,0.61
March 31 2021,Benton,WA,Truck,0,0,0,43537,43537,0.00
March 31 2021,Chelan,WA,Truck,0,0,0,22988,22988,0.00
March 31 2021,Clark,WA,Truck,0,0,0,83850,83850,0.00
March 31 2021,Cowlitz,WA,Truck,0,0,0,29049,29049,0.00
March 31 2021,Denver,CO,Passenger,1,0,1,112,113,0.88
March 31 2021,Douglas,WA,Truck,0,0,0,12559,12559,0.00
March 31 2021,El Paso,TX,Passenger,3,0,3,386,389,0.77
March 31 2021,Jefferson,WA,Truck,0,0,0,9590,9590,0.00
March 31 2021,Jones,GA,Passenger,1,0,1,1,2,50.00
March 31 2021,Lake,IL,Passenger,2,0,2,151,153,1.31
March 31 2021,Manassas,VA,Passenger,0,1,1,5,6,16.67
March 31 2021,Maricopa,AZ,Passenger,5,5,10,1227,1237,0.81
March 31 2021,Mason,WA,Passenger,185,138,323,47896,48219,0.67
April 30 2021,Howard,IN,Passenger,0,1,1,3,4,25.00
April 30 2021,Howard,MD,Passenger,0,1,1,65,66,1.52
April 30 2021,Jefferson,WA,Truck,0,0,0,9622,9622,0.00
April 30 2021,Klamath,OR,Passenger,1,0,1,29,30,3.33
April 30 2021,Lane,OR,Passenger,0,1,1,127,128,0.78
April 30 2021,Lincoln,WA,Truck,0,0,0,4752,4752,0.00
March 31 2021,Hampshire,MA,Passenger,1,0,1,6,7,14.29
March 31 2021,Harrison,MS,Passenger,2,0,2,55,57,3.51
March 31 2021,Hawaii,HI,Passenger,1,0,1,48,49,2.04
March 31 2021,Hennepin,MN,Passenger,2,0,2,78,80,2.50
March 31 2021,Island,WA,Passenger,556,299,855,63001,63856,1.34
March 31 2021,Klickitat,WA,Passenger,65,46,111,15030,15141,0.73
March 31 2021,Maui,HI,Passenger,1,0,1,26,27,3.70
March 31 2021,Milwaukee,WI,Passenger,1,0,1,39,40,2.50
April 30 2021,Grays Harbor,WA,Passenger,156,134,290,49372,49662,0.58
April 30 2021,Harrison,MS,Passenger,2,0,2,54,56,3.57
April 30 2021,Klickitat,WA,Passenger,67,47,114,15189,15303,0.74
April 30 2021,Lake,IL,Passenger,2,0,2,153,155,1.29
April 30 2021,Leavenworth,KS,Passenger,0,1,1,123,124,0.81
April 30 2021,Lewis,WA,Truck,0,0,0,26910,26910,0.00
February 28 2021,Yakima,WA,Passenger,184,135,319,167513,167832,0.19
March 31 2021,Adams,WA,Passenger,10,7,17,12998,13015,0.13
March 31 2021,Adams,WA,Truck,0,0,0,5375,5375,0.00
March 31 2021,Alameda,CA,Passenger,3,0,3,250,253,1.19
March 31 2021,Albemarle,VA,Passenger,1,0,1,22,23,4.35
March 31 2021,Anne Arundel,MD,Passenger,4,1,5,395,400,1.25
March 31 2021,Arapahoe,CO,Passenger,1,0,1,116,117,0.85
March 31 2021,Asotin,WA,Truck,0,0,0,6722,6722,0.00
March 31 2021,Carroll,MD,Passenger,0,1,1,19,20,5.00
February 28 2021,Houston,GA,Passenger,1,0,1,50,51,1.96
February 28 2021,Island,WA,Truck,0,0,0,21434,21434,0.00
February 28 2021,Jefferson,NY,Passenger,0,1,1,214,215,0.47
February 28 2021,King,WA,Passenger,28236,8449,36685,1365009,1401694,2.62
February 28 2021,Lincoln,WA,Truck,0,0,0,4689,4689,0.00
February 28 2021,Mason,WA,Truck,0,0,0,21053,21053,0.00
February 28 2021,Monterey,CA,Passenger,0,1,1,150,151,0.66
February 28 2021,Morris,NJ,Passenger,1,0,1,16,17,5.88
April 30 2021,Rockingham,NH,Passenger,1,0,1,25,26,3.85
April 30 2021,San Juan,WA,Passenger,406,125,531,14149,14680,3.62
April 30 2021,Sedgwick,KS,Passenger,1,1,2,86,88,2.27
March 31 2021,Montgomery,TX,Passenger,1,1,2,44,46,4.35
March 31 2021,Newport,RI,Passenger,1,0,1,78,79,1.27
March 31 2021,Orange,FL,Passenger,1,0,1,112,113,0.88
March 31 2021,Pacific,WA,Truck,0,0,0,7881,7881,0.00
March 31 2021,Plaquemines,LA,Passenger,0,1,1,15,16,6.25
March 31 2021,Saginaw,MI,Passenger,2,0,2,10,12,16.67
March 31 2021,Sedgwick,KS,Passenger,1,1,2,86,88,2.27
March 31 2021,Snohomish,WA,Truck,1,0,1,125946,125947,0.00
March 31 2021,Fulton,GA,Passenger,0,2,2,81,83,2.41
March 31 2021,Goochland,VA,Passenger,4,3,7,231,238,2.94
March 31 2021,Grant,WA,Passenger,93,87,180,66449,66629,0.27
March 31 2021,Greene,MO,Passenger,0,1,1,31,32,3.12
March 31 2021,Gwinnett,GA,Passenger,1,0,1,66,67,1.49
March 31 2021,Island,WA,Truck,0,0,0,21463,21463,0.00
March 31 2021,Jefferson,NY,Passenger,0,1,1,213,214,0.47
April 30 2021,Los Angeles,CA,Passenger,10,11,21,907,928,2.26
April 30 2021,Maricopa,AZ,Passenger,5,5,10,1204,1214,0.82
April 30 2021,Montgomery,OH,Passenger,0,1,1,57,58,1.72
April 30 2021,Nassau,FL,Passenger,1,0,1,32,33,3.03
April 30 2021,Plaquemines,LA,Passenger,0,1,1,16,17,5.88
April 30 2021,Polk,FL,Passenger,1,0,1,54,55,1.82
April 30 2021,Prince George's,MD,Passenger,2,1,3,140,143,2.10
May 31 2021,Columbia,WA,Passenger,6,3,9,2476,2485,0.36
May 31 2021,Cumberland,NC,Passenger,0,2,2,440,442,0.45
May 31 2021,Douglas,NE,Passenger,1,1,2,48,50,4.00
May 31 2021,Fairbanks North Star,AK,Passenger,0,1,1,87,88,1.14
May 31 2021,Ferry,WA,Truck,0,0,0,3659,3659,0.00
May 31 2021,Franklin,WA,Passenger,117,95,212,61966,62178,0.34
May 31 2021,Grays Harbor,WA,Passenger,161,139,300,49373,49673,0.60
May 31 2021,Hennepin,MN,Passenger,2,0,2,74,76,2.63
February 28 2021,New York,NY,Passenger,1,0,1,52,53,1.89
February 28 2021,Norfolk,VA,Passenger,2,3,5,336,341,1.47
February 28 2021,Pierce,WA,Truck,0,0,0,145023,145023,0.00
February 28 2021,Putnam,TN,Passenger,0,1,1,2,3,33.33
February 28 2021,Ray,MO,Passenger,0,1,1,1,2,50.00
February 28 2021,Richmond,GA,Passenger,0,1,1,82,83,1.20
February 28 2021,Santa Cruz,CA,Passenger,1,0,1,31,32,3.12
February 28 2021,Skagit,WA,Truck,1,0,1,32854,32855,0.00
February 28 2021,Spartanburg,SC,Passenger,0,1,1,49,50,2.00
March 31 2021,Lake,FL,Passenger,1,0,1,22,23,4.35
March 31 2021,Mason,WA,Truck,0,0,0,21168,21168,0.00
March 31 2021,Monterey,CA,Passenger,0,1,1,149,150,0.67
March 31 2021,New York,NY,Passenger,1,0,1,50,51,1.96
March 31 2021,DuPage,IL,Passenger,2,0,2,55,57,3.51
March 31 2021,Erie,NY,Passenger,1,0,1,42,43,2.33
March 31 2021,Franklin,WA,Passenger,100,88,188,61673,61861,0.30
March 31 2021,Franklin,WA,Truck,0,0,0,20610,20610,0.00
March 31 2021,Garfield,WA,Passenger,0,2,2,1365,1367,0.15
March 31 2021,Harnett,NC,Passenger,1,1,2,179,181,1.10
March 31 2021,Honolulu,HI,Passenger,5,2,7,410,417,1.68
March 31 2021,Montgomery,MD,Passenger,1,0,1,232,233,0.43
March 31 2021,Multnomah,OR,Passenger,3,5,8,661,669,1.20
March 31 2021,Nassau,NY,Passenger,4,0,4,27,31,12.90
March 31 2021,Pend Oreille,WA,Truck,0,0,0,5723,5723,0.00
March 31 2021,Pierce,WA,Passenger,3129,1846,4975,556806,561781,0.89
March 31 2021,Placer,CA,Passenger,2,0,2,80,82,2.44
March 31 2021,Portsmouth,VA,Passenger,0,1,1,77,78,1.28
March 31 2021,Prince George's,MD,Passenger,2,1,3,138,141,2.13
March 31 2021,Ramsey,MN,Passenger,1,0,1,32,33,3.03
March 31 2021,Randolph,NC,Passenger,1,0,1,7,8,12.50
March 31 2021,San Diego,CA,Passenger,14,5,19,2661,2680,0.71
March 31 2021,San Francisco,CA,Passenger,1,1,2,88,90,2.22
March 31 2021,San Joaquin,CA,Passenger,1,0,1,104,105,0.95
March 31 2021,St. Mary's,MD,Passenger,1,0,1,216,217,0.46
March 31 2021,Thurston,WA,Passenger,1432,825,2257,197481,199738,1.13
March 31 2021,Wahkiakum,WA,Truck,0,0,0,1788,1788,0.00
March 31 2021,Washington,OR,Passenger,1,0,1,392,393,0.25
March 31 2021,Washoe,NV,Passenger,1,0,1,96,97,1.03
April 30 2021,Anchorage,AK,Passenger,1,0,1,144,145,0.69
April 30 2021,St. Mary's,MD,Passenger,1,0,1,214,215,0.47
April 30 2021,Thurston,WA,Passenger,1494,835,2329,198105,200434,1.16
April 30 2021,Thurston,WA,Truck,0,0,0,56728,56728,0.00
April 30 2021,Washington,OR,Passenger,1,0,1,392,393,0.25
April 30 2021,Williams,ND,Passenger,0,1,1,9,10,10.00
May 31 2021,Allen,IN,Passenger,1,0,1,16,17,5.88
May 31 2021,Anchorage,AK,Passenger,1,0,1,140,141,0.71
May 31 2021,Asotin,WA,Passenger,19,14,33,12702,12735,0.26
February 28 2021,Virginia Beach,VA,Passenger,3,0,3,635,638,0.47
February 28 2021,Whatcom,WA,Truck,3,0,3,43628,43631,0.01
February 28 2021,Yakima,WA,Truck,0,0,0,61150,61150,0.00
March 31 2021,Arlington,VA,Passenger,0,1,1,137,138,0.72
March 31 2021,Bartow,GA,Passenger,0,1,1,4,5,20.00
March 31 2021,Boulder,CO,Passenger,0,1,1,46,47,2.13
March 31 2021,Bradley,TN,Passenger,1,0,1,0,1,100.00
March 31 2021,Bucks,PA,Passenger,1,0,1,18,19,5.26
April 30 2021,Bexar,TX,Passenger,4,5,9,539,548,1.64
April 30 2021,Chesapeake,VA,Passenger,0,3,3,398,401,0.75
April 30 2021,Randolph,NC,Passenger,1,0,1,7,8,12.50
April 30 2021,San Joaquin,CA,Passenger,1,0,1,105,106,0.94
April 30 2021,Sarasota,FL,Passenger,2,0,2,28,30,6.67
April 30 2021,Shelby,OH,Passenger,0,1,1,1,2,50.00
April 30 2021,Snohomish,WA,Truck,1,0,1,126409,126410,0.00
April 30 2021,Spokane,WA,Truck,0,0,0,101939,101939,0.00
April 30 2021,Stevens,WA,Passenger,40,43,83,30585,30668,0.27
April 30 2021,Wahkiakum,WA,Passenger,11,6,17,3114,3131,0.54
March 31 2021,Pierce,WA,Truck,0,0,0,145341,145341,0.00
March 31 2021,Pinellas,FL,Passenger,1,1,2,96,98,2.04
March 31 2021,Powhatan,VA,Passenger,1,0,1,1,2,50.00
March 31 2021,Putnam,TN,Passenger,0,1,1,0,1,100.00
March 31 2021,Ray,MO,Passenger,0,1,1,1,2,50.00
March 31 2021,Richmond,GA,Passenger,0,1,1,79,80,1.25
March 31 2021,Skagit,WA,Truck,1,0,1,32933,32934,0.00
March 31 2021,Spartanburg,SC,Passenger,0,1,1,50,51,1.96
March 31 2021,Stevens,WA,Truck,0,0,0,18801,18801,0.00
March 31 2021,Suffolk,MA,Passenger,0,2,2,33,35,5.71
March 31 2021,Howard,MD,Passenger,0,1,1,65,66,1.52
March 31 2021,Kauai,HI,Passenger,1,0,1,15,16,6.25
March 31 2021,Kern,CA,Passenger,0,1,1,215,216,0.46
March 31 2021,Kitsap,WA,Passenger,1675,800,2475,179775,182250,1.36
March 31 2021,Klamath,OR,Passenger,1,0,1,27,28,3.57
March 31 2021,Lincoln,WA,Truck,0,0,0,4733,4733,0.00
March 31 2021,Loudoun,VA,Passenger,1,0,1,73,74,1.35
May 31 2021,Alexandria,VA,Passenger,2,0,2,132,134,1.49
May 31 2021,Boone,MO,Passenger,0,1,1,8,9,11.11
May 31 2021,Camden,NJ,Passenger,0,1,1,15,16,6.25
May 31 2021,Kittitas,WA,Passenger,155,62,217,29979,30196,0.72
May 31 2021,Klamath,OR,Passenger,1,0,1,29,30,3.33
May 31 2021,Klickitat,WA,Passenger,66,47,113,15239,15352,0.74
May 31 2021,Lewis,WA,Truck,0,0,0,26895,26895,0.00
May 31 2021,Lincoln,WA,Passenger,5,13,18,7733,7751,0.23
May 31 2021,Los Angeles,CA,Passenger,10,11,21,895,916,2.29
May 31 2021,Maricopa,AZ,Passenger,5,5,10,1174,1184,0.84
May 31 2021,Montgomery,PA,Passenger,1,0,1,24,25,4.00
March 31 2021,Skagit,WA,Passenger,539,260,799,91602,92401,0.86
March 31 2021,Skamania,WA,Truck,0,0,0,4026,4026,0.00
March 31 2021,Spokane,WA,Truck,0,0,0,101443,101443,0.00
March 31 2021,Yakima,WA,Passenger,188,135,323,168238,168561,0.19
April 30 2021,,,Passenger,3,1,4,379,383,1.04
April 30 2021,Albemarle,VA,Passenger,1,0,1,21,22,4.55
May 31 2021,Bexar,TX,Passenger,3,4,7,531,538,1.30
May 31 2021,Broward,FL,Passenger,1,0,1,103,104,0.96
May 31 2021,Chelan,WA,Passenger,322,98,420,54727,55147,0.76
May 31 2021,Chesapeake,VA,Passenger,0,4,4,394,398,1.01
May 31 2021,El Paso,CO,Passenger,3,0,3,697,700,0.43
March 31 2021,Twin Falls,ID,Passenger,0,1,1,20,21,4.76
March 31 2021,Vigo,IN,Passenger,1,0,1,5,6,16.67
March 31 2021,Whatcom,WA,Truck,4,0,4,43775,43779,0.01
April 30 2021,Benton,WA,Truck,0,0,0,43689,43689,0.00
April 30 2021,Broward,FL,Passenger,1,0,1,105,106,0.94
April 30 2021,DeKalb,GA,Passenger,1,0,1,62,63,1.59
April 30 2021,Frederick,MD,Passenger,1,1,2,70,72,2.78
April 30 2021,Grant,WA,Passenger,102,86,188,66816,67004,0.28
April 30 2021,Grays Harbor,WA,Truck,0,0,0,21412,21412,0.00
April 30 2021,Houston,GA,Passenger,1,0,1,50,51,1.96
May 31 2021,Collin,TX,Passenger,1,1,2,113,115,1.74
May 31 2021,Columbia,WA,Truck,0,0,0,1552,1552,0.00
May 31 2021,Dallas,TX,Passenger,1,0,1,160,161,0.62
May 31 2021,Douglas,WA,Truck,0,0,0,12666,12666,0.00
May 31 2021,El Dorado,CA,Passenger,1,0,1,29,30,3.33
May 31 2021,Grays Harbor,WA,Truck,0,0,0,21426,21426,0.00
May 31 2021,Gwinnett,GA,Passenger,1,0,1,63,64,1.56
March 31 2021,New London,CT,Passenger,1,2,3,228,231,1.30
March 31 2021,Orange,CA,Passenger,4,3,7,449,456,1.54
March 31 2021,Richland,SC,Passenger,0,1,1,142,143,0.70
March 31 2021,Riverside,CA,Passenger,5,1,6,574,580,1.03
March 31 2021,Salt Lake,UT,Passenger,0,2,2,170,172,1.16
March 31 2021,San Juan,WA,Passenger,394,123,517,14119,14636,3.53
March 31 2021,San Juan,WA,Truck,0,0,0,5884,5884,0.00
April 30 2021,Asotin,WA,Truck,0,0,0,6766,6766,0.00
April 30 2021,Benton,WA,Passenger,496,377,873,136110,136983,0.64
April 30 2021,Carroll,MD,Passenger,0,1,1,18,19,5.26
April 30 2021,Collin,TX,Passenger,1,1,2,115,117,1.71
April 30 2021,Columbia,WA,Truck,0,0,0,1560,1560,0.00
April 30 2021,Cowlitz,WA,Truck,0,0,0,29172,29172,0.00
April 30 2021,Deschutes,OR,Passenger,1,0,1,115,116,0.86
March 31 2021,Cape May,NJ,Passenger,0,1,1,8,9,11.11
March 31 2021,Charles,MD,Passenger,1,1,2,72,74,2.70
March 31 2021,Charleston,SC,Passenger,2,0,2,86,88,2.27
March 31 2021,Chelan,WA,Passenger,304,94,398,54535,54933,0.72
March 31 2021,Clallam,WA,Passenger,299,199,498,50125,50623,0.98
March 31 2021,Clark,NV,Passenger,4,3,7,643,650,1.08
March 31 2021,Clark,WA,Passenger,2578,1276,3854,320054,323908,1.19
March 31 2021,Duval,FL,Passenger,0,2,2,350,352,0.57
March 31 2021,Fairfax,VA,Passenger,4,4,8,703,711,1.13
May 31 2021,Hampshire,MA,Passenger,1,0,1,6,7,14.29
May 31 2021,Harrison,MS,Passenger,2,0,2,53,55,3.64
May 31 2021,Island,WA,Passenger,599,310,909,63243,64152,1.42
May 31 2021,King,WA,Truck,6,1,7,184694,184701,0.00
May 31 2021,Kings,NY,Passenger,1,0,1,65,66,1.52
May 31 2021,Kittitas,WA,Truck,0,0,0,14768,14768,0.00
May 31 2021,Juneau,AK,Passenger,0,1,1,25,26,3.85
May 31 2021,Lake,FL,Passenger,1,0,1,23,24,4.17
May 31 2021,Lane,OR,Passenger,0,1,1,126,127,0.79
May 31 2021,Middlesex,MA,Passenger,1,1,2,98,100,2.00
May 31 2021,Milwaukee,WI,Passenger,1,0,1,39,40,2.50
April 30 2021,Chelan,WA,Truck,0,0,0,23068,23068,0.00
April 30 2021,Cowlitz,WA,Passenger,211,134,345,72518,72863,0.47
April 30 2021,Dakota,MN,Passenger,0,1,1,25,26,3.85
April 30 2021,Flathead,MT,Passenger,1,0,1,44,45,2.22
April 30 2021,Fulton,GA,Passenger,0,1,1,80,81,1.23
April 30 2021,Goochland,VA,Passenger,4,2,6,226,232,2.59
April 30 2021,Hamilton,IN,Passenger,2,0,2,35,37,5.41
April 30 2021,Hampshire,MA,Passenger,1,0,1,6,7,14.29
April 30 2021,Harris,TX,Passenger,1,1,2,197,199,1.01
March 31 2021,Grant,WA,Truck,0,0,0,27766,27766,0.00
March 31 2021,Howard,IN,Passenger,0,1,1,3,4,25.00
March 31 2021,Larimer,CO,Passenger,1,0,1,54,55,1.82
March 31 2021,Leavenworth,KS,Passenger,0,1,1,122,123,0.81
April 30 2021,Jefferson,NY,Passenger,0,1,1,213,214,0.47
April 30 2021,King,WA,Passenger,29466,8754,38220,1369605,1407825,2.71
April 30 2021,Kings,NY,Passenger,1,0,1,66,67,1.49
April 30 2021,Kittitas,WA,Truck,0,0,0,14774,14774,0.00
April 30 2021,Louisa,VA,Passenger,0,1,1,1,2,50.00
April 30 2021,Mason,WA,Truck,0,0,0,21291,21291,0.00
April 30 2021,Middlesex,MA,Passenger,1,1,2,97,99,2.02
April 30 2021,Monterey,CA,Passenger,0,1,1,149,150,0.67
April 30 2021,Moore,NC,Passenger,0,1,1,136,137,0.73
March 31 2021,Solano,CA,Passenger,1,0,1,198,199,0.50
March 31 2021,Stafford,VA,Passenger,2,1,3,96,99,3.03
March 31 2021,Sumter,FL,Passenger,0,1,1,10,11,9.09
March 31 2021,Thurston,WA,Truck,0,0,0,56543,56543,0.00
March 31 2021,Ulster,NY,Passenger,1,0,1,7,8,12.50
March 31 2021,Yamhill,OR,Passenger,1,0,1,36,37,2.70
April 30 2021,Alexandria,VA,Passenger,2,0,2,136,138,1.45
May 31 2021,Pacific,WA,Passenger,43,47,90,16071,16161,0.56
May 31 2021,Pend Oreille,WA,Passenger,14,6,20,9276,9296,0.22
May 31 2021,Plaquemines,LA,Passenger,0,1,1,16,17,5.88
May 31 2021,Randolph,NC,Passenger,1,0,1,7,8,12.50
May 31 2021,San Joaquin,CA,Passenger,1,0,1,105,106,0.94
May 31 2021,San Juan,WA,Passenger,423,131,554,14218,14772,3.75
May 31 2021,Santa Clara,CA,Passenger,8,3,11,258,269,4.09
May 31 2021,Sedgwick,KS,Passenger,0,1,1,86,87,1.15
May 31 2021,Snohomish,WA,Truck,1,0,1,126375,126376,0.00
May 31 2021,Spokane,WA,Truck,0,0,0,102098,102098,0.00
May 31 2021,New Haven,CT,Passenger,0,2,2,30,32,6.25
May 31 2021,Okaloosa,FL,Passenger,0,1,1,122,123,0.81
May 31 2021,Pacific,WA,Truck,0,0,0,7940,7940,0.00
May 31 2021,Pend Oreille,WA,Truck,0,0,0,5748,5748,0.00
May 31 2021,Placer,CA,Passenger,2,0,2,81,83,2.41
May 31 2021,Rockingham,NH,Passenger,1,0,1,25,26,3.85
May 31 2021,Rogers,OK,Passenger,1,0,1,4,5,20.00
May 31 2021,Okanogan,WA,Truck,0,0,0,16756,16756,0.00
May 31 2021,Owyhee,ID,Passenger,1,0,1,3,4,25.00
May 31 2021,Pennington,SD,Passenger,1,0,1,31,32,3.12
May 31 2021,Pierce,WA,Passenger,3384,1942,5326,560051,565377,0.94
May 31 2021,Platte,MO,Passenger,1,0,1,17,18,5.56
May 31 2021,Portsmouth,VA,Passenger,0,1,1,78,79,1.27
May 31 2021,Prince George's,MD,Passenger,2,1,3,137,140,2.14
April 30 2021,Franklin,WA,Truck,0,0,0,20685,20685,0.00
April 30 2021,Garfield,WA,Passenger,0,2,2,1376,1378,0.15
April 30 2021,Island,WA,Truck,0,0,0,21564,21564,0.00
April 30 2021,Jones,GA,Passenger,1,0,1,1,2,50.00
March 31 2021,Missoula,MT,Passenger,1,0,1,64,65,1.54
March 31 2021,Nassau,FL,Passenger,1,0,1,32,33,3.03
March 31 2021,Oldham,KY,Passenger,0,1,1,4,5,20.00
March 31 2021,Prince William,VA,Passenger,1,1,2,213,215,0.93
March 31 2021,RÃ­o Grande,PR,Passenger,1,0,1,1,2,50.00
May 31 2021,Washington,MD,Passenger,1,0,1,13,14,7.14
May 31 2021,Whatcom,WA,Passenger,1386,597,1983,151004,152987,1.30
May 31 2021,Wichita,TX,Passenger,1,0,1,39,40,2.50
May 31 2021,Wilson,TX,Passenger,0,1,1,3,4,25.00
June 30 2021,,,Passenger,3,1,4,376,380,1.05
April 30 2021,Okanogan,WA,Truck,0,0,0,16752,16752,0.00
April 30 2021,Pend Oreille,WA,Truck,0,0,0,5737,5737,0.00
April 30 2021,Pima,AZ,Passenger,2,1,3,296,299,1.00
April 30 2021,Platte,MO,Passenger,1,0,1,17,18,5.56
April 30 2021,Suffolk,VA,Passenger,1,0,1,126,127,0.79
April 30 2021,Bartow,GA,Passenger,0,1,1,4,5,20.00
April 30 2021,Burlington,NJ,Passenger,0,1,1,132,133,0.75
April 30 2021,Calvert,MD,Passenger,0,2,2,87,89,2.25
April 30 2021,Contra Costa,CA,Passenger,3,4,7,287,294,2.38
April 30 2021,Dallas,TX,Passenger,1,0,1,165,166,0.60
April 30 2021,Douglas,WA,Passenger,88,46,134,28476,28610,0.47
May 31 2021,St. Clair,IL,Passenger,1,0,1,137,138,0.72
May 31 2021,Yakima,WA,Passenger,211,145,356,169311,169667,0.21
April 30 2021,Hawaii,HI,Passenger,1,0,1,48,49,2.04
April 30 2021,Island,WA,Passenger,582,308,890,63248,64138,1.39
April 30 2021,Lewis,WA,Passenger,146,135,281,59780,60061,0.47
April 30 2021,Mason,WA,Passenger,191,135,326,48098,48424,0.67
April 30 2021,Montgomery,TX,Passenger,1,1,2,44,46,4.35
April 30 2021,Kern,CA,Passenger,0,1,1,215,216,0.46
April 30 2021,Kitsap,WA,Passenger,1733,814,2547,180566,183113,1.39
April 30 2021,Klickitat,WA,Truck,0,0,0,8248,8248,0.00
April 30 2021,Manassas,VA,Passenger,0,1,1,5,6,16.67
April 30 2021,New London,CT,Passenger,1,2,3,228,231,1.30
April 30 2021,Okaloosa,FL,Passenger,0,1,1,127,128,0.78
April 30 2021,Orange,CA,Passenger,4,3,7,443,450,1.56
April 30 2021,Orange,FL,Passenger,1,0,1,112,113,0.88
April 30 2021,Ferry,WA,Passenger,10,3,13,4406,4419,0.29
April 30 2021,Fort Bend,TX,Passenger,1,0,1,40,41,2.44
April 30 2021,Grant,WA,Truck,0,0,0,27883,27883,0.00
April 30 2021,Hennepin,MN,Passenger,2,0,2,77,79,2.53
May 31 2021,Sevier,AR,Passenger,0,1,1,0,1,100.00
May 31 2021,Skagit,WA,Passenger,577,265,842,91964,92806,0.91
May 31 2021,Spokane,WA,Passenger,1030,624,1654,325631,327285,0.51
May 31 2021,St. Louis,MO,Passenger,1,0,1,81,82,1.22
May 31 2021,Ventura,CA,Passenger,1,1,2,270,272,0.74
June 30 2021,Adams,WA,Passenger,16,11,27,13036,13063,0.21
June 30 2021,Albemarle,VA,Passenger,1,0,1,20,21,4.76
June 30 2021,Anne Arundel,MD,Passenger,4,2,6,389,395,1.52
June 30 2021,Arapahoe,CO,Passenger,1,0,1,111,112,0.89
April 30 2021,Ventura,CA,Passenger,1,1,2,273,275,0.73
April 30 2021,Virginia Beach,VA,Passenger,3,0,3,632,635,0.47
April 30 2021,Yakima,WA,Passenger,206,139,345,169229,169574,0.20
May 31 2021,Adams,WA,Passenger,11,9,20,13044,13064,0.15
May 31 2021,Albemarle,VA,Passenger,1,0,1,20,21,4.76
May 31 2021,Arapahoe,CO,Passenger,1,0,1,113,114,0.88
June 30 2021,Bexar,TX,Passenger,3,4,7,526,533,1.31
June 30 2021,Carroll,MD,Passenger,0,1,1,18,19,5.26
June 30 2021,Clallam,WA,Truck,1,0,1,22026,22027,0.00
June 30 2021,Contra Costa,CA,Passenger,2,3,5,270,275,1.82
June 30 2021,Cook,IL,Passenger,1,0,1,203,204,0.49
June 30 2021,Douglas,WA,Passenger,93,48,141,28521,28662,0.49
March 31 2021,Sarasota,FL,Passenger,2,0,2,27,29,6.90
March 31 2021,Shelby,OH,Passenger,0,1,1,1,2,50.00
March 31 2021,Skamania,WA,Passenger,38,25,63,8307,8370,0.75
March 31 2021,Stevens,WA,Passenger,38,43,81,30322,30403,0.27
March 31 2021,Tulsa,OK,Passenger,1,0,1,39,40,2.50
March 31 2021,Wahkiakum,WA,Passenger,9,7,16,3084,3100,0.52
March 31 2021,Walla Walla,WA,Passenger,107,72,179,36292,36471,0.49
March 31 2021,Whitman,WA,Passenger,54,44,98,21933,22031,0.44
March 31 2021,Williams,ND,Passenger,0,1,1,10,11,9.09
June 30 2021,Asotin,WA,Truck,0,0,0,6790,6790,0.00
June 30 2021,Champaign,IL,Passenger,1,0,1,11,12,8.33
June 30 2021,Clackamas,OR,Passenger,2,0,2,174,176,1.14
June 30 2021,Douglas,CO,Passenger,0,1,1,75,76,1.32
June 30 2021,Benton,WA,Truck,0,0,0,43634,43634,0.00
June 30 2021,Chelan,WA,Truck,0,0,0,23127,23127,0.00
June 30 2021,Clark,WA,Passenger,2842,1423,4265,322592,326857,1.30
June 30 2021,Clark,WA,Truck,0,0,0,84346,84346,0.00
June 30 2021,Columbia,WA,Truck,0,0,0,1546,1546,0.00
June 30 2021,Danville,VA,Passenger,1,0,1,0,1,100.00
June 30 2021,Denver,CO,Passenger,1,0,1,118,119,0.84
June 30 2021,District of Columbia,DC,Passenger,5,1,6,196,202,2.97
June 30 2021,Douglas,OR,Passenger,1,0,1,29,30,3.33
April 30 2021,Alameda,CA,Passenger,3,0,3,242,245,1.22
April 30 2021,Carroll,NH,Passenger,0,1,1,5,6,16.67
April 30 2021,Charles,MD,Passenger,1,1,2,71,73,2.74
April 30 2021,Pacific,WA,Truck,0,0,0,7921,7921,0.00
April 30 2021,Philadelphia,PA,Passenger,1,0,1,52,53,1.89
April 30 2021,Pierce,WA,Truck,0,0,0,145960,145960,0.00
April 30 2021,Powhatan,VA,Passenger,1,0,1,1,2,50.00
April 30 2021,Richmond,GA,Passenger,0,1,1,79,80,1.25
April 30 2021,Riverside,CA,Passenger,5,1,6,567,573,1.05
April 30 2021,Saginaw,MI,Passenger,2,0,2,10,12,16.67
April 30 2021,San Juan,WA,Truck,0,0,0,5910,5910,0.00
April 30 2021,San Mateo,CA,Passenger,1,1,2,103,105,1.90
April 30 2021,Stafford,VA,Passenger,2,1,3,98,101,2.97
April 30 2021,Suffolk,MA,Passenger,0,2,2,33,35,5.71
April 30 2021,Sumter,FL,Passenger,0,1,1,10,11,9.09
April 30 2021,Sumter,SC,Passenger,0,1,1,37,38,2.63
May 31 2021,Bradley,TN,Passenger,1,0,1,0,1,100.00
May 31 2021,Cape May,NJ,Passenger,0,1,1,8,9,11.11
May 31 2021,Champaign,IL,Passenger,1,0,1,12,13,7.69
May 31 2021,Charleston,SC,Passenger,2,0,2,85,87,2.30
May 31 2021,Clark,WA,Passenger,2758,1368,4126,321990,326116,1.27
May 31 2021,District of Columbia,DC,Passenger,5,1,6,193,199,3.02
May 31 2021,Douglas,CO,Passenger,0,1,1,74,75,1.33
May 31 2021,Fresno,CA,Passenger,1,0,1,170,171,0.58
April 30 2021,Juneau,AK,Passenger,0,1,1,26,27,3.70
April 30 2021,Kittitas,WA,Passenger,153,58,211,29985,30196,0.70
April 30 2021,Larimer,CO,Passenger,1,0,1,53,54,1.85
April 30 2021,Maui,HI,Passenger,1,0,1,27,28,3.57
April 30 2021,Milwaukee,WI,Passenger,1,0,1,39,40,2.50
April 30 2021,Montgomery,MD,Passenger,1,0,1,232,233,0.43
April 30 2021,Multnomah,OR,Passenger,2,5,7,657,664,1.05
April 30 2021,Nassau,NY,Passenger,4,0,4,26,30,13.33
April 30 2021,New Haven,CT,Passenger,0,2,2,32,34,5.88
April 30 2021,Okanogan,WA,Passenger,60,36,96,26417,26513,0.36
April 30 2021,Oldham,KY,Passenger,0,1,1,4,5,20.00
June 30 2021,Ferry,WA,Truck,0,0,0,3641,3641,0.00
June 30 2021,Frederick,MD,Passenger,1,1,2,67,69,2.90
June 30 2021,Grant,WA,Passenger,107,89,196,66984,67180,0.29
June 30 2021,Harrison,MS,Passenger,2,0,2,55,57,3.51
June 30 2021,Hillsborough,FL,Passenger,0,1,1,146,147,0.68
June 30 2021,Kings,NY,Passenger,1,0,1,66,67,1.49
June 30 2021,Klickitat,WA,Passenger,70,51,121,15281,15402,0.79
June 30 2021,Lake,IL,Passenger,2,0,2,157,159,1.26
April 30 2021,Morris,NJ,Passenger,1,0,1,16,17,5.88
April 30 2021,New York,NY,Passenger,1,0,1,48,49,2.04
April 30 2021,Newport,RI,Passenger,1,0,1,77,78,1.28
April 30 2021,Norfolk,VA,Passenger,2,3,5,330,335,1.49
April 30 2021,Nueces,TX,Passenger,1,0,1,78,79,1.27
April 30 2021,Pierce,WA,Passenger,3274,1904,5178,559913,565091,0.92
April 30 2021,Pinellas,FL,Passenger,1,1,2,94,96,2.08
April 30 2021,Portsmouth,VA,Passenger,0,1,1,79,80,1.25
April 30 2021,Putnam,TN,Passenger,0,1,1,0,1,100.00
April 30 2021,Ray,MO,Passenger,0,1,1,1,2,50.00
April 30 2021,Richmond,NY,Passenger,1,0,1,8,9,11.11
April 30 2021,Santa Cruz,CA,Passenger,1,0,1,27,28,3.57
April 30 2021,Sevier,AR,Passenger,0,1,1,0,1,100.00
April 30 2021,Skagit,WA,Passenger,562,268,830,91975,92805,0.89
April 30 2021,Skagit,WA,Truck,1,0,1,33025,33026,0.00
April 30 2021,Snohomish,WA,Passenger,5588,1967,7555,540473,548028,1.38
April 30 2021,Spartanburg,SC,Passenger,0,1,1,51,52,1.92
April 30 2021,Spokane,WA,Passenger,1000,611,1611,324927,326538,0.49
April 30 2021,Ulster,NY,Passenger,1,0,1,7,8,12.50
April 30 2021,Yamhill,OR,Passenger,1,0,1,36,37,2.70
May 31 2021,Bartow,GA,Passenger,0,1,1,4,5,20.00
May 31 2021,Benton,WA,Passenger,504,385,889,136115,137004,0.65
May 31 2021,Burlington,NJ,Passenger,0,1,1,128,129,0.78
May 31 2021,Calvert,MD,Passenger,0,2,2,89,91,2.20
June 30 2021,El Paso,TX,Passenger,3,0,3,378,381,0.79
June 30 2021,Fresno,CA,Passenger,1,0,1,170,171,0.58
June 30 2021,Goochland,VA,Passenger,4,2,6,211,217,2.76
June 30 2021,Grays Harbor,WA,Truck,0,0,0,21446,21446,0.00
June 30 2021,Greene,MO,Passenger,0,1,1,29,30,3.33
June 30 2021,Gwinnett,GA,Passenger,1,0,1,62,63,1.59
June 30 2021,Klickitat,WA,Truck,0,0,0,8301,8301,0.00
June 30 2021,Leavenworth,KS,Passenger,0,1,1,120,121,0.83
April 30 2021,Douglas,NE,Passenger,1,1,2,49,51,3.92
April 30 2021,Jefferson,WA,Passenger,310,178,488,24907,25395,1.92
April 30 2021,Kauai,HI,Passenger,1,0,1,16,17,5.88
April 30 2021,King,WA,Truck,6,1,7,184937,184944,0.00
June 30 2021,Louisa,VA,Passenger,0,1,1,1,2,50.00
June 30 2021,Manassas,VA,Passenger,0,1,1,6,7,14.29
June 30 2021,Maricopa,AZ,Passenger,6,4,10,1145,1155,0.87
June 30 2021,Maui,HI,Passenger,1,0,1,26,27,3.70
June 30 2021,Montgomery,MD,Passenger,3,1,4,222,226,1.77
May 31 2021,Howard,IN,Passenger,0,1,1,3,4,25.00
May 31 2021,Howard,MD,Passenger,0,1,1,63,64,1.56
May 31 2021,Jefferson,NY,Passenger,0,1,1,211,212,0.47
May 31 2021,Kitsap,WA,Passenger,1796,833,2629,180451,183080,1.44
May 31 2021,Leavenworth,KS,Passenger,0,1,1,122,123,0.81
May 31 2021,Lincoln,WA,Truck,0,0,0,4755,4755,0.00
April 30 2021,Placer,CA,Passenger,2,0,2,80,82,2.44
April 30 2021,RÃ­o Grande,PR,Passenger,1,0,1,1,2,50.00
April 30 2021,Ramsey,MN,Passenger,1,0,1,30,31,3.23
April 30 2021,Sacramento,CA,Passenger,2,0,2,231,233,0.86
April 30 2021,San Diego,CA,Passenger,16,6,22,2657,2679,0.82
April 30 2021,San Francisco,CA,Passenger,1,1,2,87,89,2.25
April 30 2021,Santa Clara,CA,Passenger,8,2,10,263,273,3.66
April 30 2021,Skamania,WA,Truck,0,0,0,4021,4021,0.00
April 30 2021,St. Clair,IL,Passenger,1,0,1,137,138,0.72
June 30 2021,Erie,NY,Passenger,1,0,1,38,39,2.56
June 30 2021,Franklin,WA,Passenger,123,97,220,62023,62243,0.35
June 30 2021,Franklin,WA,Truck,0,0,0,20699,20699,0.00
June 30 2021,Garfield,WA,Passenger,0,3,3,1374,1377,0.22
June 30 2021,Harnett,NC,Passenger,1,1,2,170,172,1.16
June 30 2021,Hidalgo,TX,Passenger,0,1,1,56,57,1.75
June 30 2021,Honolulu,HI,Passenger,5,2,7,396,403,1.74
June 30 2021,Howard,MD,Passenger,0,1,1,61,62,1.61
June 30 2021,Kitsap,WA,Passenger,1851,859,2710,180552,183262,1.48
June 30 2021,Klamath,OR,Passenger,1,0,1,27,28,3.57
April 30 2021,Vigo,IN,Passenger,1,0,1,5,6,16.67
April 30 2021,Wahkiakum,WA,Truck,0,0,0,1806,1806,0.00
April 30 2021,Whatcom,WA,Truck,4,0,4,43862,43866,0.01
May 31 2021,,,Passenger,3,1,4,373,377,1.06
May 31 2021,Boulder,CO,Passenger,0,1,1,45,46,2.17
May 31 2021,Bucks,PA,Passenger,1,0,1,16,17,5.88
June 30 2021,Middlesex,MA,Passenger,1,1,2,98,100,2.00
June 30 2021,Montgomery,OH,Passenger,0,1,1,56,57,1.75
June 30 2021,Moore,NC,Passenger,0,1,1,130,131,0.76
June 30 2021,Okaloosa,FL,Passenger,0,1,1,118,119,0.84
June 30 2021,Philadelphia,PA,Passenger,1,0,1,48,49,2.04
June 30 2021,Pima,AZ,Passenger,2,1,3,279,282,1.06
June 30 2021,Pinellas,FL,Passenger,0,1,1,94,95,1.05
June 30 2021,Polk,FL,Passenger,1,0,1,54,55,1.82
April 30 2021,Lee,FL,Passenger,1,0,1,38,39,2.56
April 30 2021,Lincoln,WA,Passenger,5,13,18,7751,7769,0.23
April 30 2021,Loudoun,VA,Passenger,1,0,1,73,74,1.35
April 30 2021,Missoula,MT,Passenger,1,0,1,61,62,1.61
April 30 2021,Montgomery,PA,Passenger,1,0,1,24,25,4.00
April 30 2021,Pacific,WA,Passenger,41,41,82,16072,16154,0.51
June 30 2021,Platte,MO,Passenger,1,0,1,16,17,5.88
June 30 2021,Prince George's,MD,Passenger,2,1,3,137,140,2.14
June 30 2021,Randolph,NC,Passenger,1,0,1,7,8,12.50
June 30 2021,San Diego,CA,Passenger,16,6,22,2585,2607,0.84
June 30 2021,Sumter,SC,Passenger,0,1,1,37,38,2.63
June 30 2021,Thurston,WA,Passenger,1585,873,2458,198167,200625,1.23
May 31 2021,Clallam,WA,Passenger,321,208,529,50429,50958,1.04
May 31 2021,Cowlitz,WA,Truck,0,0,0,29141,29141,0.00
May 31 2021,Dakota,MN,Passenger,0,1,1,25,26,3.85
May 31 2021,DeKalb,GA,Passenger,1,0,1,57,58,1.72
May 31 2021,Fairfax,VA,Passenger,4,4,8,694,702,1.14
May 31 2021,Ferry,WA,Passenger,9,3,12,4373,4385,0.27
June 30 2021,Lincoln,WA,Truck,0,0,0,4755,4755,0.00
June 30 2021,Loudoun,VA,Passenger,1,0,1,74,75,1.33
June 30 2021,New London,CT,Passenger,1,2,3,226,229,1.31
June 30 2021,Orange,CA,Passenger,4,3,7,426,433,1.62
May 31 2021,Mason,WA,Truck,0,0,0,21342,21342,0.00
May 31 2021,Monterey,CA,Passenger,0,1,1,150,151,0.66
May 31 2021,Moore,NC,Passenger,0,1,1,133,134,0.75
May 31 2021,Morris,NJ,Passenger,1,0,1,14,15,6.67
May 31 2021,Norfolk,VA,Passenger,2,3,5,330,335,1.49
May 31 2021,Orange,CA,Passenger,4,3,7,434,441,1.59
May 31 2021,Pima,AZ,Passenger,2,1,3,287,290,1.03
May 31 2021,Ray,MO,Passenger,0,1,1,1,2,50.00
May 31 2021,Riverside,CA,Passenger,5,1,6,551,557,1.08
July 31 2021,Asotin,WA,Truck,0,0,0,6765,6765,0.00
June 30 2021,San Mateo,CA,Passenger,1,0,1,100,101,0.99
June 30 2021,Sarasota,FL,Passenger,2,0,2,29,31,6.45
June 30 2021,Stevens,WA,Passenger,45,45,90,30484,30574,0.29
June 30 2021,Stevens,WA,Truck,0,0,0,18952,18952,0.00
June 30 2021,Vigo,IN,Passenger,1,0,1,5,6,16.67
June 30 2021,Wahkiakum,WA,Truck,0,0,0,1797,1797,0.00
May 31 2021,Clark,NV,Passenger,4,3,7,623,630,1.11
May 31 2021,Contra Costa,CA,Passenger,3,3,6,276,282,2.13
May 31 2021,Deschutes,OR,Passenger,1,0,1,111,112,0.89
May 31 2021,Douglas,WA,Passenger,92,47,139,28521,28660,0.48
May 31 2021,Duval,FL,Passenger,0,2,2,338,340,0.59
May 31 2021,Santa Cruz,CA,Passenger,1,0,1,27,28,3.57
May 31 2021,Sarasota,FL,Passenger,2,0,2,28,30,6.67
May 31 2021,Spartanburg,SC,Passenger,0,1,1,52,53,1.89
May 31 2021,Stafford,VA,Passenger,2,1,3,97,100,3.00
May 31 2021,Sumter,FL,Passenger,0,1,1,10,11,9.09
May 31 2021,Thurston,WA,Truck,0,0,0,56651,56651,0.00
May 31 2021,Wilson,NC,Passenger,1,0,1,0,1,100.00
June 30 2021,Allen,IN,Passenger,1,0,1,15,16,6.25
May 31 2021,Houston,GA,Passenger,1,0,1,49,50,2.00
May 31 2021,Island,WA,Truck,0,0,0,21614,21614,0.00
May 31 2021,King,WA,Passenger,30049,8923,38972,1368779,1407751,2.77
May 31 2021,Klickitat,WA,Truck,0,0,0,8263,8263,0.00
May 31 2021,Larimer,CO,Passenger,1,0,1,52,53,1.89
July 31 2021,Boone,MO,Passenger,0,1,1,9,10,10.00
July 31 2021,Calvert,MD,Passenger,0,2,2,88,90,2.22
July 31 2021,Camden,NJ,Passenger,0,1,1,14,15,6.67
July 31 2021,Champaign,IL,Passenger,1,0,1,11,12,8.33
July 31 2021,Clackamas,OR,Passenger,2,0,2,177,179,1.12
April 30 2021,Travis,TX,Passenger,2,3,5,162,167,2.99
April 30 2021,Walla Walla,WA,Passenger,108,71,179,36532,36711,0.49
April 30 2021,Walla Walla,WA,Truck,0,0,0,14049,14049,0.00
April 30 2021,Whitman,WA,Passenger,59,44,103,21992,22095,0.47
April 30 2021,Yakima,WA,Truck,0,0,0,61659,61659,0.00
May 31 2021,Adams,WA,Truck,0,0,0,5374,5374,0.00
May 31 2021,Alameda,CA,Passenger,3,0,3,236,239,1.26
May 31 2021,Arlington,VA,Passenger,0,1,1,138,139,0.72
May 31 2021,Asotin,WA,Truck,0,0,0,6780,6780,0.00
April 30 2021,Pend Oreille,WA,Passenger,14,5,19,9303,9322,0.20
April 30 2021,Pennington,SD,Passenger,1,0,1,32,33,3.03
April 30 2021,Prince William,VA,Passenger,1,1,2,214,216,0.93
April 30 2021,Salt Lake,UT,Passenger,0,2,2,170,172,1.16
April 30 2021,Skamania,WA,Passenger,40,30,70,8365,8435,0.83
April 30 2021,Tulsa,OK,Passenger,1,0,1,39,40,2.50
April 30 2021,Utah,UT,Passenger,0,1,1,120,121,0.83
April 30 2021,Washington,MD,Passenger,1,0,1,12,13,7.69
April 30 2021,Whatcom,WA,Passenger,1355,583,1938,151172,153110,1.27
June 30 2021,Richland,SC,Passenger,0,1,1,140,141,0.71
June 30 2021,Riverside,CA,Passenger,5,1,6,544,550,1.09
June 30 2021,Salt Lake,UT,Passenger,0,2,2,166,168,1.19
June 30 2021,San Juan,WA,Passenger,431,135,566,14257,14823,3.82
June 30 2021,Sedgwick,KS,Passenger,1,1,2,83,85,2.35
June 30 2021,Stafford,VA,Passenger,2,1,3,98,101,2.97
June 30 2021,Sumter,FL,Passenger,0,1,1,8,9,11.11
June 30 2021,Thurston,WA,Truck,0,0,0,56590,56590,0.00
June 30 2021,Ulster,NY,Passenger,1,0,1,8,9,11.11
July 31 2021,Chesapeake,VA,Passenger,0,4,4,394,398,1.01
July 31 2021,Collin,TX,Passenger,1,1,2,106,108,1.85
July 31 2021,Columbia,WA,Truck,0,0,0,1555,1555,0.00
July 31 2021,DeKalb,GA,Passenger,1,0,1,58,59,1.69
July 31 2021,Franklin,WA,Truck,0,0,0,20727,20727,0.00
July 31 2021,Grays Harbor,WA,Truck,0,0,0,21414,21414,0.00
May 31 2021,Carroll,MD,Passenger,0,1,1,18,19,5.26
May 31 2021,Charles,MD,Passenger,1,1,2,70,72,2.78
May 31 2021,Clallam,WA,Truck,1,0,1,22005,22006,0.00
May 31 2021,DuPage,IL,Passenger,1,0,1,53,54,1.85
May 31 2021,Erie,NY,Passenger,1,0,1,40,41,2.44
May 31 2021,Montgomery,OH,Passenger,0,1,1,57,58,1.72
May 31 2021,New York,NY,Passenger,1,0,1,48,49,2.04
May 31 2021,Oldham,KY,Passenger,0,1,1,4,5,20.00
May 31 2021,Philadelphia,PA,Passenger,1,0,1,49,50,2.00
May 31 2021,Pierce,WA,Truck,0,0,0,145891,145891,0.00
May 31 2021,Polk,FL,Passenger,1,0,1,54,55,1.82
May 31 2021,Richmond,GA,Passenger,0,1,1,81,82,1.22
May 31 2021,Richmond,NY,Passenger,1,0,1,9,10,10.00
May 31 2021,Sacramento,CA,Passenger,2,0,2,225,227,0.88
May 31 2021,San Mateo,CA,Passenger,1,0,1,103,104,0.96
May 31 2021,Frederick,MD,Passenger,1,1,2,67,69,2.90
May 31 2021,Grant,WA,Passenger,102,87,189,66874,67063,0.28
May 31 2021,Grant,WA,Truck,0,0,0,27879,27879,0.00
May 31 2021,Hillsborough,FL,Passenger,0,1,1,152,153,0.65
May 31 2021,Jefferson,WA,Passenger,322,181,503,24896,25399,1.98
June 30 2021,Asotin,WA,Passenger,20,17,37,12732,12769,0.29
June 30 2021,Broward,FL,Passenger,2,0,2,107,109,1.83
June 30 2021,Burlington,NJ,Passenger,0,1,1,128,129,0.78
June 30 2021,Chelan,WA,Passenger,336,99,435,54743,55178,0.79
June 30 2021,Clallam,WA,Passenger,329,217,546,50495,51041,1.07
July 31 2021,Contra Costa,CA,Passenger,2,3,5,270,275,1.82
July 31 2021,Cook,IL,Passenger,1,0,1,197,198,0.51
July 31 2021,Douglas,CO,Passenger,0,1,1,77,78,1.28
July 31 2021,Douglas,WA,Passenger,100,51,151,28507,28658,0.53
July 31 2021,Ferry,WA,Truck,0,0,0,3646,3646,0.00
July 31 2021,Franklin,WA,Passenger,134,97,231,62064,62295,0.37
July 31 2021,Hennepin,MN,Passenger,3,0,3,71,74,4.05
July 31 2021,Hillsborough,FL,Passenger,0,1,1,145,146,0.68
June 30 2021,Wilson,NC,Passenger,1,0,1,0,1,100.00
June 30 2021,Yamhill,OR,Passenger,1,0,1,34,35,2.86
July 31 2021,Broward,FL,Passenger,2,0,2,107,109,1.83
July 31 2021,Chelan,WA,Passenger,350,101,451,54714,55165,0.82
July 31 2021,Chelan,WA,Truck,0,0,0,23102,23102,0.00
May 31 2021,Lee,FL,Passenger,1,0,1,36,37,2.70
May 31 2021,Louisa,VA,Passenger,0,1,1,1,2,50.00
May 31 2021,Maui,HI,Passenger,1,0,1,26,27,3.70
May 31 2021,Missoula,MT,Passenger,1,0,1,61,62,1.61
May 31 2021,Montgomery,MD,Passenger,2,1,3,230,233,1.29
July 31 2021,Jones,GA,Passenger,1,0,1,1,2,50.00
July 31 2021,Kern,CA,Passenger,0,1,1,212,213,0.47
July 31 2021,Kitsap,WA,Passenger,1911,871,2782,180684,183466,1.52
July 31 2021,Kittitas,WA,Truck,0,0,0,14792,14792,0.00
July 31 2021,Klickitat,WA,Truck,0,0,0,8313,8313,0.00
April 30 2021,Wichita,TX,Passenger,1,0,1,41,42,2.38
April 30 2021,Wilson,TX,Passenger,0,1,1,3,4,25.00
May 31 2021,Anne Arundel,MD,Passenger,4,2,6,394,400,1.50
May 31 2021,Benton,WA,Truck,0,0,0,43672,43672,0.00
May 31 2021,Chelan,WA,Truck,0,0,0,23102,23102,0.00
May 31 2021,Clark,WA,Truck,0,0,0,84192,84192,0.00
May 31 2021,Cowlitz,WA,Passenger,218,136,354,72448,72802,0.49
June 30 2021,El Paso,CO,Passenger,3,0,3,691,694,0.43
June 30 2021,Fairfax,VA,Passenger,4,4,8,691,699,1.14
June 30 2021,Grant,WA,Truck,0,0,0,27918,27918,0.00
May 31 2021,Franklin,WA,Truck,0,0,0,20655,20655,0.00
May 31 2021,Garfield,WA,Passenger,0,2,2,1370,1372,0.15
May 31 2021,Hamilton,IN,Passenger,2,0,2,34,36,5.56
May 31 2021,Jones,GA,Passenger,1,0,1,1,2,50.00
May 31 2021,Kauai,HI,Passenger,1,0,1,16,17,5.88
May 31 2021,Kern,CA,Passenger,0,1,1,213,214,0.47
May 31 2021,Kitsap,WA,Truck,0,0,0,54550,54550,0.00
May 31 2021,Lake,IL,Passenger,2,0,2,154,156,1.28
July 31 2021,Juneau,AK,Passenger,0,1,1,26,27,3.70
July 31 2021,Kittitas,WA,Passenger,166,68,234,29981,30215,0.77
July 31 2021,Klamath,OR,Passenger,1,0,1,26,27,3.70
July 31 2021,Lane,OR,Passenger,0,1,1,120,121,0.83
July 31 2021,Las Animas,CO,Passenger,1,0,1,0,1,100.00
July 31 2021,Lincoln,WA,Truck,0,0,0,4760,4760,0.00
July 31 2021,Montgomery,MD,Passenger,3,1,4,216,220,1.82
July 31 2021,New Haven,CT,Passenger,0,2,2,29,31,6.45
June 30 2021,Juneau,AK,Passenger,0,1,1,26,27,3.70
June 30 2021,King,WA,Truck,6,1,7,184638,184645,0.00
June 30 2021,Lee,FL,Passenger,1,0,1,35,36,2.78
June 30 2021,New Haven,CT,Passenger,0,2,2,29,31,6.45
June 30 2021,Oldham,KY,Passenger,0,1,1,4,5,20.00
June 30 2021,Owyhee,ID,Passenger,1,0,1,3,4,25.00
June 30 2021,Pennington,SD,Passenger,1,0,1,30,31,3.23
May 31 2021,Powhatan,VA,Passenger,1,0,1,1,2,50.00
May 31 2021,Prince William,VA,Passenger,1,1,2,213,215,0.93
May 31 2021,RÃ­o Grande,PR,Passenger,1,0,1,1,2,50.00
May 31 2021,San Diego,CA,Passenger,16,6,22,2626,2648,0.83
May 31 2021,Skamania,WA,Passenger,43,32,75,8394,8469,0.89
May 31 2021,Suffolk,MA,Passenger,0,2,2,33,35,5.71
May 31 2021,Sumter,SC,Passenger,0,1,1,37,38,2.63
May 31 2021,Thurston,WA,Passenger,1543,853,2396,198129,200525,1.19
May 31 2021,Danville,VA,Passenger,1,0,1,0,1,100.00
May 31 2021,Denver,CO,Passenger,1,0,1,110,111,0.90
May 31 2021,El Paso,TX,Passenger,3,0,3,379,382,0.79
May 31 2021,Flathead,MT,Passenger,1,0,1,45,46,2.17
May 31 2021,Fort Bend,TX,Passenger,1,0,1,37,38,2.63
May 31 2021,Garfield,WA,Truck,0,0,0,998,998,0.00
May 31 2021,Goochland,VA,Passenger,4,2,6,220,226,2.65
May 31 2021,Greene,MO,Passenger,0,1,1,30,31,3.23
May 31 2021,Harnett,NC,Passenger,1,1,2,175,177,1.13
May 31 2021,Harris,TX,Passenger,1,1,2,192,194,1.03
May 31 2021,Hawaii,HI,Passenger,1,0,1,47,48,2.08
May 31 2021,Honolulu,HI,Passenger,5,2,7,400,407,1.72
July 31 2021,Clallam,WA,Passenger,341,220,561,50467,51028,1.10
July 31 2021,Columbia,WA,Passenger,6,2,8,2472,2480,0.32
July 31 2021,Cowlitz,WA,Passenger,229,146,375,72248,72623,0.52
July 31 2021,Fairbanks North Star,AK,Passenger,0,1,1,86,87,1.15
July 31 2021,Fairfax,VA,Passenger,4,4,8,686,694,1.15
July 31 2021,Flathead,MT,Passenger,1,0,1,43,44,2.27
July 31 2021,Hampshire,MA,Passenger,1,0,1,6,7,14.29
July 31 2021,Harrison,MS,Passenger,2,0,2,56,58,3.45
July 31 2021,Hawaii,HI,Passenger,1,0,1,44,45,2.22
July 31 2021,Middlesex,MA,Passenger,1,1,2,98,100,2.00
July 31 2021,Montgomery,TX,Passenger,1,1,2,39,41,4.88
July 31 2021,Moore,NC,Passenger,0,1,1,131,132,0.76
July 31 2021,New London,CT,Passenger,1,2,3,220,223,1.35
July 31 2021,Okaloosa,FL,Passenger,0,1,1,117,118,0.85
July 31 2021,Onslow,NC,Passenger,0,1,1,179,180,0.56
July 31 2021,Orange,CA,Passenger,5,3,8,417,425,1.88
July 31 2021,Orange,FL,Passenger,1,0,1,107,108,0.93
July 31 2021,Pacific,WA,Truck,0,0,0,7962,7962,0.00
July 31 2021,Pend Oreille,WA,Truck,0,0,0,5747,5747,0.00
July 31 2021,Philadelphia,PA,Passenger,1,0,1,45,46,2.17
July 31 2021,Pima,AZ,Passenger,2,1,3,272,275,1.09
July 31 2021,Placer,CA,Passenger,2,0,2,76,78,2.56
July 31 2021,Riverside,CA,Passenger,5,1,6,534,540,1.11
July 31 2021,Saginaw,MI,Passenger,1,0,1,6,7,14.29
July 31 2021,San Juan,WA,Truck,0,0,0,5955,5955,0.00
May 31 2021,Shelby,OH,Passenger,0,1,1,1,2,50.00
May 31 2021,Skagit,WA,Truck,1,0,1,33057,33058,0.00
May 31 2021,Stevens,WA,Passenger,42,45,87,30564,30651,0.28
May 31 2021,Suffolk,VA,Passenger,1,0,1,125,126,0.79
May 31 2021,Travis,TX,Passenger,3,3,6,162,168,3.57
May 31 2021,Virginia Beach,VA,Passenger,3,0,3,630,633,0.47
May 31 2021,Whatcom,WA,Truck,4,0,4,43866,43870,0.01
May 31 2021,Whitman,WA,Passenger,60,44,104,22017,22121,0.47
May 31 2021,Yakima,WA,Truck,0,0,0,61684,61684,0.00
June 30 2021,Adams,WA,Truck,0,0,0,5386,5386,0.00
June 30 2021,Alameda,CA,Passenger,3,0,3,235,238,1.26
June 30 2021,Arlington,VA,Passenger,0,1,1,138,139,0.72
May 31 2021,Lewis,WA,Passenger,157,135,292,59811,60103,0.49
May 31 2021,Loudoun,VA,Passenger,1,0,1,75,76,1.32
May 31 2021,Manassas,VA,Passenger,0,1,1,6,7,14.29
May 31 2021,Mason,WA,Passenger,207,137,344,48115,48459,0.71
May 31 2021,Montgomery,TX,Passenger,1,1,2,44,46,4.35
May 31 2021,Nassau,FL,Passenger,1,0,1,30,31,3.23
May 31 2021,New London,CT,Passenger,1,2,3,228,231,1.30
May 31 2021,Nueces,TX,Passenger,1,0,1,77,78,1.28
May 31 2021,Orange,FL,Passenger,1,0,1,108,109,0.92
July 31 2021,San Diego,CA,Passenger,17,7,24,2557,2581,0.93
July 31 2021,San Juan,WA,Passenger,443,139,582,14243,14825,3.93
July 31 2021,Santa Clara,CA,Passenger,8,2,10,250,260,3.85
July 31 2021,Sedgwick,KS,Passenger,1,1,2,81,83,2.41
May 31 2021,Jefferson,WA,Truck,0,0,0,9615,9615,0.00
May 31 2021,Multnomah,OR,Passenger,2,5,7,650,657,1.07
June 30 2021,RÃ­o Grande,PR,Passenger,1,0,1,0,1,100.00
June 30 2021,Richmond,NY,Passenger,1,0,1,9,10,10.00
June 30 2021,Sevier,AR,Passenger,0,1,1,0,1,100.00
June 30 2021,Shelby,OH,Passenger,0,1,1,1,2,50.00
June 30 2021,Skamania,WA,Passenger,44,34,78,8405,8483,0.92
June 30 2021,Spokane,WA,Passenger,1069,646,1715,326518,328233,0.52
June 30 2021,St. Clair,IL,Passenger,2,0,2,137,139,1.44
June 30 2021,St. Louis,MO,Passenger,1,0,1,81,82,1.22
May 31 2021,Walla Walla,WA,Passenger,110,72,182,36561,36743,0.50
May 31 2021,Williams,ND,Passenger,0,1,1,7,8,12.50
June 30 2021,Allegheny,PA,Passenger,1,1,2,60,62,3.23
June 30 2021,Benton,WA,Passenger,518,394,912,136415,137327,0.66
June 30 2021,Carroll,NH,Passenger,0,1,1,5,6,16.67
June 30 2021,Carson City,NV,Passenger,1,0,1,10,11,9.09
July 31 2021,Island,WA,Passenger,625,316,941,63233,64174,1.47
July 31 2021,Klickitat,WA,Passenger,77,50,127,15344,15471,0.82
July 31 2021,Montgomery,OH,Passenger,0,1,1,55,56,1.79
July 31 2021,New York,NY,Passenger,1,0,1,43,44,2.27
July 31 2021,Stafford,VA,Passenger,2,1,3,97,100,3.00
July 31 2021,Suffolk,VA,Passenger,1,0,1,124,125,0.80
July 31 2021,Ventura,CA,Passenger,1,2,3,258,261,1.15
July 31 2021,Yakima,WA,Passenger,236,161,397,169321,169718,0.23
July 31 2021,Yamhill,OR,Passenger,1,0,1,33,34,2.94
June 30 2021,Boone,MO,Passenger,0,1,1,9,10,10.00
June 30 2021,Boulder,CO,Passenger,0,1,1,44,45,2.22
June 30 2021,Bucks,PA,Passenger,1,0,1,15,16,6.25
June 30 2021,Camden,NJ,Passenger,0,1,1,15,16,6.25
June 30 2021,Cape May,NJ,Passenger,0,1,1,8,9,11.11
June 30 2021,Charles,MD,Passenger,1,1,2,71,73,2.74
June 30 2021,Charleston,SC,Passenger,1,1,2,85,87,2.30
June 30 2021,Clark,NV,Passenger,4,3,7,620,627,1.12
June 30 2021,Douglas,WA,Truck,0,0,0,12687,12687,0.00
June 30 2021,DuPage,IL,Passenger,1,0,1,51,52,1.92
June 30 2021,Duval,FL,Passenger,0,2,2,339,341,0.59
May 31 2021,Saginaw,MI,Passenger,1,0,1,8,9,11.11
May 31 2021,Salt Lake,UT,Passenger,0,2,2,172,174,1.15
May 31 2021,San Juan,WA,Truck,0,0,0,5925,5925,0.00
May 31 2021,Snohomish,WA,Passenger,5729,2002,7731,540332,548063,1.41
July 31 2021,St. Clair,IL,Passenger,2,0,2,136,138,1.45
July 31 2021,Thurston,WA,Passenger,1660,893,2553,197890,200443,1.27
July 31 2021,Wayne,NC,Passenger,1,0,1,29,30,3.33
July 31 2021,Wilson,NC,Passenger,1,0,1,0,1,100.00
July 31 2021,Yakima,WA,Truck,0,0,0,61726,61726,0.00
August 31 2021,Alameda,CA,Passenger,4,0,4,226,230,1.74
August 31 2021,Arlington,VA,Passenger,0,1,1,134,135,0.74
August 31 2021,Asotin,WA,Truck,0,0,0,6754,6754,0.00
May 31 2021,Nassau,NY,Passenger,3,0,3,25,28,10.71
May 31 2021,Newport,RI,Passenger,1,0,1,76,77,1.30
May 31 2021,Okanogan,WA,Passenger,61,37,98,26417,26515,0.37
May 31 2021,Penobscot,ME,Passenger,0,1,1,9,10,10.00
May 31 2021,Pinellas,FL,Passenger,0,1,1,95,96,1.04
May 31 2021,Queens,NY,Passenger,2,0,2,47,49,4.08
May 31 2021,Richland,SC,Passenger,0,1,1,145,146,0.68
May 31 2021,San Francisco,CA,Passenger,1,1,2,85,87,2.30
May 31 2021,Skamania,WA,Truck,0,0,0,4029,4029,0.00
May 31 2021,St. Mary's,MD,Passenger,1,0,1,211,212,0.47
June 30 2021,El Dorado,CA,Passenger,1,0,1,31,32,3.12
June 30 2021,Howard,IN,Passenger,0,1,1,5,6,16.67
June 30 2021,Jefferson,WA,Passenger,331,184,515,24894,25409,2.03
June 30 2021,Kauai,HI,Passenger,1,0,1,17,18,5.56
August 31 2021,Albemarle,VA,Passenger,1,0,1,21,22,4.55
August 31 2021,Benton,WA,Passenger,567,410,977,136219,137196,0.71
August 31 2021,Calvert,MD,Passenger,0,2,2,86,88,2.27
August 31 2021,Champaign,IL,Passenger,1,0,1,11,12,8.33
August 31 2021,Cowlitz,WA,Truck,0,1,1,29087,29088,0.00
June 30 2021,Walla Walla,WA,Passenger,113,74,187,36620,36807,0.51
June 30 2021,Yakima,WA,Truck,0,0,0,61729,61729,0.00
July 31 2021,Adams,WA,Truck,0,0,0,5392,5392,0.00
July 31 2021,Alameda,CA,Passenger,4,0,4,230,234,1.71
July 31 2021,Anne Arundel,MD,Passenger,4,3,7,385,392,1.79
July 31 2021,Carroll,NH,Passenger,0,1,1,5,6,16.67
July 31 2021,Charles,MD,Passenger,1,1,2,71,73,2.74
June 30 2021,Columbia,WA,Passenger,6,2,8,2468,2476,0.32
June 30 2021,Cowlitz,WA,Truck,0,0,0,29121,29121,0.00
June 30 2021,Cumberland,NC,Passenger,0,2,2,433,435,0.46
June 30 2021,Dakota,MN,Passenger,0,1,1,25,26,3.85
June 30 2021,Douglas,NE,Passenger,1,1,2,49,51,3.92
June 30 2021,Fairbanks North Star,AK,Passenger,0,1,1,88,89,1.12
June 30 2021,Grays Harbor,WA,Passenger,168,144,312,49457,49769,0.63
May 31 2021,Tulsa,OK,Passenger,1,0,1,37,38,2.63
May 31 2021,Ulster,NY,Passenger,1,0,1,8,9,11.11
May 31 2021,Wahkiakum,WA,Passenger,13,7,20,3114,3134,0.64
May 31 2021,Yamhill,OR,Passenger,1,0,1,35,36,2.78
June 30 2021,Anchorage,AK,Passenger,1,0,1,136,137,0.73
June 30 2021,Bartow,GA,Passenger,0,1,1,3,4,25.00
July 31 2021,Clark,WA,Truck,0,0,0,84273,84273,0.00
July 31 2021,Danville,VA,Passenger,1,0,1,0,1,100.00
July 31 2021,Denton,TX,Passenger,1,0,1,81,82,1.22
July 31 2021,Douglas,NE,Passenger,1,1,2,50,52,3.85
July 31 2021,DuPage,IL,Passenger,1,0,1,52,53,1.89
July 31 2021,Erie,NY,Passenger,1,0,1,38,39,2.56
July 31 2021,Greene,MO,Passenger,0,1,1,29,30,3.33
August 31 2021,Charles,MD,Passenger,1,1,2,71,73,2.74
August 31 2021,Charleston,SC,Passenger,1,1,2,83,85,2.35
August 31 2021,Chelan,WA,Passenger,364,102,466,54717,55183,0.84
August 31 2021,Chesapeake,VA,Passenger,0,4,4,391,395,1.01
August 31 2021,Clallam,WA,Passenger,350,220,570,50515,51085,1.12
May 31 2021,Stevens,WA,Truck,0,0,0,18962,18962,0.00
May 31 2021,Vigo,IN,Passenger,1,0,1,5,6,16.67
May 31 2021,Wahkiakum,WA,Truck,0,0,0,1799,1799,0.00
May 31 2021,Walla Walla,WA,Truck,0,0,0,14044,14044,0.00
May 31 2021,Washington,OR,Passenger,1,0,1,385,386,0.26
May 31 2021,Whitman,WA,Truck,0,0,0,8571,8571,0.00
May 31 2021,Williamson,TX,Passenger,0,2,2,104,106,1.89
June 30 2021,Alexandria,VA,Passenger,2,0,2,125,127,1.57
August 31 2021,Douglas,CO,Passenger,0,1,1,75,76,1.32
August 31 2021,Essex,NJ,Passenger,2,0,2,10,12,16.67
August 31 2021,Houston,GA,Passenger,1,0,1,46,47,2.13
August 31 2021,Island,WA,Truck,0,0,0,21591,21591,0.00
August 31 2021,Jefferson,NY,Passenger,0,1,1,212,213,0.47
August 31 2021,King,WA,Passenger,32295,9552,41847,1366057,1407904,2.97
June 30 2021,Kitsap,WA,Truck,0,0,0,54478,54478,0.00
June 30 2021,Lake,FL,Passenger,1,0,1,23,24,4.17
June 30 2021,Lane,OR,Passenger,0,1,1,125,126,0.79
June 30 2021,Lewis,WA,Passenger,163,139,302,59681,59983,0.50
June 30 2021,Missoula,MT,Passenger,1,0,1,60,61,1.64
June 30 2021,Norfolk,VA,Passenger,2,3,5,322,327,1.53
June 30 2021,Calvert,MD,Passenger,0,2,2,90,92,2.17
June 30 2021,Chesapeake,VA,Passenger,0,4,4,396,400,1.00
June 30 2021,DeKalb,GA,Passenger,1,0,1,58,59,1.69
June 30 2021,Ferry,WA,Passenger,9,3,12,4373,4385,0.27
June 30 2021,Fort Bend,TX,Passenger,1,0,1,37,38,2.63
July 31 2021,Kauai,HI,Passenger,1,0,1,17,18,5.56
July 31 2021,Kitsap,WA,Truck,0,0,0,54430,54430,0.00
July 31 2021,Lee,FL,Passenger,1,0,1,33,34,2.94
July 31 2021,Loudoun,VA,Passenger,1,0,1,72,73,1.37
July 31 2021,Pierce,WA,Passenger,3639,2019,5658,559691,565349,1.00
July 31 2021,Pierce,WA,Truck,0,0,0,145862,145862,0.00
July 31 2021,Pinellas,FL,Passenger,0,1,1,94,95,1.05
July 31 2021,Polk,FL,Passenger,1,0,1,55,56,1.79
July 31 2021,Portsmouth,VA,Passenger,0,1,1,79,80,1.25
July 31 2021,Prince George's,MD,Passenger,2,1,3,137,140,2.14
July 31 2021,Randolph,NC,Passenger,1,0,1,5,6,16.67
July 31 2021,Richmond,NY,Passenger,1,0,1,9,10,10.00
July 31 2021,San Joaquin,CA,Passenger,1,0,1,101,102,0.98
July 31 2021,San Mateo,CA,Passenger,1,0,1,96,97,1.03
July 31 2021,Sevier,AR,Passenger,0,1,1,0,1,100.00
July 31 2021,Shelby,OH,Passenger,0,1,1,1,2,50.00
July 31 2021,Skagit,WA,Passenger,608,281,889,91882,92771,0.96
July 31 2021,Skagit,WA,Truck,1,0,1,33023,33024,0.00
July 31 2021,Spokane,WA,Passenger,1119,653,1772,326128,327900,0.54
July 31 2021,Spokane,WA,Truck,0,0,0,102323,102323,0.00
July 31 2021,Stevens,WA,Passenger,49,46,95,30408,30503,0.31
June 30 2021,Collin,TX,Passenger,1,1,2,109,111,1.80
June 30 2021,Cowlitz,WA,Passenger,224,142,366,72351,72717,0.50
June 30 2021,Dallas,TX,Passenger,1,0,1,160,161,0.62
June 30 2021,Island,WA,Truck,0,0,0,21627,21627,0.00
June 30 2021,Jefferson,NY,Passenger,0,1,1,216,217,0.46
June 30 2021,Kings,CA,Passenger,1,0,1,319,320,0.31
June 30 2021,Lewis,WA,Truck,0,0,0,26858,26858,0.00
June 30 2021,Los Angeles,CA,Passenger,10,11,21,882,903,2.33
June 30 2021,Mason,WA,Truck,0,0,0,21337,21337,0.00
June 30 2021,Monterey,CA,Passenger,0,1,1,149,150,0.67
June 30 2021,Morris,NJ,Passenger,1,0,1,15,16,6.25
June 30 2021,New York,NY,Passenger,1,0,1,45,46,2.17
June 30 2021,Nueces,TX,Passenger,1,0,1,73,74,1.35
June 30 2021,Prince William,VA,Passenger,1,1,2,211,213,0.94
June 30 2021,Rockingham,NH,Passenger,1,0,1,23,24,4.17
June 30 2021,Rogers,OK,Passenger,1,0,1,4,5,20.00
June 30 2021,Santa Cruz,CA,Passenger,1,0,1,26,27,3.70
June 30 2021,Snohomish,WA,Passenger,5886,2048,7934,540339,548273,1.45
July 31 2021,Pend Oreille,WA,Passenger,15,7,22,9266,9288,0.24
July 31 2021,Richland,SC,Passenger,0,1,1,140,141,0.71
July 31 2021,Salt Lake,UT,Passenger,0,2,2,161,163,1.23
August 31 2021,Franklin,WA,Truck,0,0,0,20720,20720,0.00
August 31 2021,Hamilton,IN,Passenger,2,0,2,30,32,6.25
August 31 2021,Hampshire,MA,Passenger,1,0,1,6,7,14.29
August 31 2021,Island,WA,Passenger,645,319,964,63248,64212,1.50
August 31 2021,Kauai,HI,Passenger,1,0,1,18,19,5.26
August 31 2021,Kern,CA,Passenger,0,1,1,205,206,0.49
August 31 2021,King,WA,Truck,5,1,6,184062,184068,0.00
August 31 2021,Kittitas,WA,Truck,0,0,0,14781,14781,0.00
July 31 2021,Whatcom,WA,Truck,4,0,4,43863,43867,0.01
August 31 2021,Alexandria,VA,Passenger,2,0,2,124,126,1.59
August 31 2021,Lincoln,WA,Truck,0,0,0,4774,4774,0.00
August 31 2021,Mason,WA,Truck,0,0,0,21328,21328,0.00
August 31 2021,Monterey,CA,Passenger,0,1,1,146,147,0.68
August 31 2021,New York,NY,Passenger,1,0,1,40,41,2.44
August 31 2021,Norfolk,VA,Passenger,3,3,6,316,322,1.86
August 31 2021,Pierce,WA,Truck,0,0,0,145679,145679,0.00
June 30 2021,Garfield,WA,Truck,0,0,0,997,997,0.00
June 30 2021,Hennepin,MN,Passenger,3,0,3,74,77,3.90
June 30 2021,Houston,GA,Passenger,1,0,1,47,48,2.08
June 30 2021,King,WA,Passenger,30500,9168,39668,1368638,1408306,2.82
June 30 2021,Kittitas,WA,Passenger,160,67,227,29986,30213,0.75
June 30 2021,Kittitas,WA,Truck,0,0,0,14785,14785,0.00
June 30 2021,Larimer,CO,Passenger,1,0,1,51,52,1.92
June 30 2021,Flathead,MT,Passenger,1,0,1,44,45,2.22
June 30 2021,Hamilton,IN,Passenger,2,0,2,33,35,5.71
June 30 2021,Hampshire,MA,Passenger,1,0,1,5,6,16.67
June 30 2021,Harris,TX,Passenger,1,1,2,191,193,1.04
June 30 2021,Hawaii,HI,Passenger,1,0,1,46,47,2.13
June 30 2021,Island,WA,Passenger,617,317,934,63259,64193,1.45
June 30 2021,Jefferson,WA,Truck,0,0,0,9624,9624,0.00
June 30 2021,Jones,GA,Passenger,1,0,1,1,2,50.00
June 30 2021,Kern,CA,Passenger,0,1,1,213,214,0.47
June 30 2021,Wahkiakum,WA,Passenger,15,8,23,3110,3133,0.73
June 30 2021,Williams,ND,Passenger,0,1,1,7,8,12.50
July 31 2021,Allen,IN,Passenger,1,0,1,15,16,6.25
July 31 2021,Asotin,WA,Passenger,21,17,38,12712,12750,0.30
July 31 2021,Skamania,WA,Passenger,51,36,87,8408,8495,1.02
July 31 2021,Whatcom,WA,Passenger,1475,619,2094,150682,152776,1.37
August 31 2021,Anne Arundel,MD,Passenger,5,3,8,375,383,2.09
August 31 2021,Loudoun,VA,Passenger,1,0,1,72,73,1.37
August 31 2021,Mason,WA,Passenger,227,147,374,48080,48454,0.77
August 31 2021,Montgomery,TX,Passenger,1,1,2,39,41,4.88
August 31 2021,New London,CT,Passenger,1,3,4,218,222,1.80
August 31 2021,Newport,RI,Passenger,1,0,1,74,75,1.33
August 31 2021,Orange,FL,Passenger,1,0,1,109,110,0.91
August 31 2021,Pennington,SD,Passenger,1,0,1,31,32,3.12
August 31 2021,Pierce,WA,Passenger,3774,2031,5805,559196,565001,1.03
August 31 2021,Portsmouth,VA,Passenger,0,1,1,77,78,1.28
August 31 2021,Contra Costa,CA,Passenger,2,4,6,269,275,2.18
August 31 2021,Cook,IL,Passenger,1,0,1,203,204,0.49
August 31 2021,Dallas,TX,Passenger,1,0,1,146,147,0.68
August 31 2021,Denton,TX,Passenger,1,0,1,78,79,1.27
August 31 2021,Douglas,WA,Passenger,103,51,154,28577,28731,0.54
August 31 2021,Frederick,MD,Passenger,1,1,2,67,69,2.90
August 31 2021,Ray,MO,Passenger,0,1,1,1,2,50.00
August 31 2021,Richmond,GA,Passenger,0,1,1,77,78,1.28
August 31 2021,Richmond,NY,Passenger,1,0,1,8,9,11.11
August 31 2021,Santa Cruz,CA,Passenger,1,0,1,26,27,3.70
August 31 2021,Skagit,WA,Truck,1,0,1,32974,32975,0.00
August 31 2021,Spartanburg,SC,Passenger,0,1,1,49,50,2.00
August 31 2021,Virginia Beach,VA,Passenger,2,0,2,614,616,0.32
August 31 2021,Wayne,NC,Passenger,1,0,1,29,30,3.33
August 31 2021,Whatcom,WA,Truck,4,0,4,43866,43870,0.01
August 31 2021,Wilson,NC,Passenger,1,0,1,0,1,100.00
June 30 2021,Pacific,WA,Passenger,45,53,98,16058,16156,0.61
January 31 2018,Volusia,FL,Passenger,0,1,1,34,35,2.86
January 31 2018,Yakima,WA,Passenger,60,76,136,162512,162648,0.08
February 28 2018,Adams,WA,Passenger,5,4,9,12459,12468,0.07
February 28 2018,Arlington,VA,Passenger,1,2,3,171,174,1.72
January 31 2018,Island,WA,Passenger,159,167,326,61829,62155,0.52
February 28 2018,Jefferson,CO,Passenger,0,1,1,76,77,1.30
February 28 2018,Kitsap,WA,Passenger,716,418,1134,176378,177512,0.64
February 28 2018,Kitsap,WA,Truck,1,0,1,52837,52838,0.00
February 28 2018,Latah,ID,Passenger,0,1,1,76,77,1.30
February 28 2018,El Paso,CO,Passenger,2,0,2,775,777,0.26
February 28 2018,Garfield,WA,Truck,0,0,0,942,942,0.00
February 28 2018,King,WA,Passenger,11759,5019,16778,1368303,1385081,1.21
February 28 2018,King,WA,Truck,8,1,9,184093,184102,0.00
February 28 2018,Kittitas,WA,Truck,0,0,0,13946,13946,0.00
January 31 2018,Essex,NJ,Passenger,1,0,1,10,11,9.09
January 31 2018,Garfield,WA,Truck,0,0,0,945,945,0.00
January 31 2018,Honolulu,HI,Passenger,2,2,4,560,564,0.71
January 31 2018,Jefferson,WA,Truck,0,0,0,9488,9488,0.00
February 28 2018,Cowlitz,WA,Truck,0,0,0,28187,28187,0.00
February 28 2018,Dale,AL,Passenger,0,1,1,64,65,1.54
February 28 2018,Deschutes,OR,Passenger,1,0,1,176,177,0.56
February 28 2018,Douglas,WA,Passenger,43,33,76,27315,27391,0.28
February 28 2018,Frederick,MD,Passenger,0,1,1,90,91,1.10
December 31 2017,Snohomish,WA,Passenger,2015,1051,3066,516918,519984,0.59
December 31 2017,Spokane,WA,Passenger,297,240,537,300113,300650,0.18
December 31 2017,St. Clair,IL,Passenger,0,1,1,160,161,0.62
February 28 2018,Pierce,WA,Passenger,1116,1028,2144,526424,528568,0.41
February 28 2018,Portsmouth,VA,Passenger,0,1,1,72,73,1.37
February 28 2018,Santa Rosa,FL,Passenger,1,0,1,99,100,1.00
February 28 2018,Saratoga,NY,Passenger,1,1,2,67,69,2.90
February 28 2018,Skagit,WA,Passenger,172,145,317,89753,90070,0.35
February 28 2018,Skamania,WA,Truck,0,0,0,3920,3920,0.00
February 28 2018,Cape May,NJ,Passenger,0,1,1,22,23,4.35
February 28 2018,Clark,NV,Passenger,1,2,3,741,744,0.40
February 28 2018,Clark,WA,Passenger,888,615,1503,305316,306819,0.49
February 28 2018,DeKalb,IN,Passenger,1,0,1,1,2,50.00
January 31 2018,Kittitas,WA,Truck,0,0,0,13874,13874,0.00
January 31 2018,Montgomery,TN,Passenger,1,0,1,273,274,0.36
February 28 2018,Manassas,VA,Passenger,0,1,1,9,10,10.00
February 28 2018,Marin,CA,Passenger,1,0,1,56,57,1.75
February 28 2018,Montgomery,TX,Passenger,1,0,1,62,63,1.59
February 28 2018,New London,CT,Passenger,1,1,2,254,256,0.78
February 28 2018,Orange,CA,Passenger,3,1,4,575,579,0.69
February 28 2018,Orange,FL,Passenger,2,1,3,169,172,1.74
February 28 2018,Prince George,VA,Passenger,0,1,1,75,76,1.32
February 28 2018,Lincoln,WA,Passenger,2,5,7,7595,7602,0.09
February 28 2018,Montgomery,PA,Passenger,1,0,1,35,36,2.78
February 28 2018,Montgomery,TN,Passenger,1,0,1,267,268,0.37
February 28 2018,Okanogan,WA,Truck,0,0,0,16304,16304,0.00
February 28 2018,Grant,WA,Passenger,31,38,69,62314,62383,0.11
February 28 2018,Jefferson,WA,Passenger,127,80,207,24311,24518,0.84
February 28 2018,District of Columbia,DC,Passenger,0,3,3,194,197,1.52
February 28 2018,Duval,FL,Passenger,1,2,3,371,374,0.80
February 28 2018,Fulton,GA,Passenger,1,0,1,106,107,0.93
February 28 2018,Howard,MD,Passenger,0,1,1,88,89,1.12
February 28 2018,Jefferson,NY,Passenger,1,0,1,231,232,0.43
January 31 2018,King,WA,Passenger,11619,4878,16497,1370887,1387384,1.19
January 31 2018,Lee,AL,Passenger,1,0,1,35,36,2.78
January 31 2018,Lincoln,WA,Truck,0,0,0,4504,4504,0.00
January 31 2018,Multnomah,OR,Passenger,3,4,7,844,851,0.82
January 31 2018,Nassau,NY,Passenger,1,0,1,37,38,2.63
February 28 2018,Twin Falls,ID,Passenger,0,1,1,23,24,4.17
February 28 2018,Volusia,FL,Passenger,0,1,1,34,35,2.86
February 28 2018,Wahkiakum,WA,Truck,0,0,0,1673,1673,0.00
February 28 2018,Walla Walla,WA,Truck,0,0,0,13324,13324,0.00
March 31 2018,,,Passenger,2,1,3,448,451,0.67
December 31 2017,Whatcom,WA,Truck,1,0,1,42012,42013,0.00
December 31 2017,Yakima,WA,Truck,0,0,0,58014,58014,0.00
January 31 2018,Alameda,CA,Passenger,0,1,1,357,358,0.28
January 31 2018,Arlington,VA,Passenger,1,2,3,172,175,1.71
January 31 2018,Brevard,FL,Passenger,0,1,1,102,103,0.97
January 31 2018,Charles,MD,Passenger,0,1,1,82,83,1.20
January 31 2018,Chelan,WA,Passenger,94,38,132,53233,53365,0.25
February 28 2018,Richland,SC,Passenger,0,1,1,173,174,0.57
February 28 2018,Riverside,CA,Passenger,2,2,4,724,728,0.55
February 28 2018,San Juan,WA,Truck,0,0,0,5643,5643,0.00
February 28 2018,Santa Fe,NM,Passenger,0,1,1,43,44,2.27
February 28 2018,Queens,NY,Passenger,1,0,1,61,62,1.61
February 28 2018,Ventura,CA,Passenger,0,1,1,337,338,0.30
February 28 2018,Virginia Beach,VA,Passenger,2,1,3,689,692,0.43
February 28 2018,Missoula,MT,Passenger,1,0,1,66,67,1.49
February 28 2018,Monterey,CA,Passenger,0,2,2,196,198,1.01
February 28 2018,Pacific,WA,Passenger,15,17,32,15465,15497,0.21
February 28 2018,Pend Oreille,WA,Passenger,4,3,7,9418,9425,0.07
February 28 2018,Pinal,AZ,Passenger,2,0,2,212,214,0.93
February 28 2018,Prince William,VA,Passenger,0,4,4,268,272,1.47
January 31 2018,Okanogan,WA,Passenger,7,19,26,25707,25733,0.10
January 31 2018,Queens,NY,Passenger,1,0,1,62,63,1.59
January 31 2018,Shelby,TN,Passenger,0,1,1,104,105,0.95
January 31 2018,Skamania,WA,Truck,0,0,0,3900,3900,0.00
March 31 2018,Benton,WA,Passenger,176,187,363,130785,131148,0.28
March 31 2018,Chelan,WA,Truck,0,0,0,21719,21719,0.00
February 28 2018,Kent,MI,Passenger,0,1,1,35,36,2.78
February 28 2018,Lane,OR,Passenger,0,1,1,199,200,0.50
February 28 2018,Lewis,WA,Passenger,52,45,97,56856,56953,0.17
February 28 2018,Lincoln,WA,Truck,0,0,0,4511,4511,0.00
February 28 2018,Mason,WA,Truck,0,0,0,19727,19727,0.00
January 31 2018,Okaloosa,FL,Passenger,1,0,1,180,181,0.55
January 31 2018,Okanogan,WA,Truck,0,0,0,16332,16332,0.00
January 31 2018,Pacific,WA,Truck,0,0,0,7534,7534,0.00
January 31 2018,Pierce,WA,Passenger,1095,996,2091,527428,529519,0.39
January 31 2018,Portsmouth,VA,Passenger,0,1,1,71,72,1.39
January 31 2018,Prince George's,MD,Passenger,0,1,1,178,179,0.56
January 31 2018,Skagit,WA,Passenger,170,140,310,89785,90095,0.34
January 31 2018,Tarrant,TX,Passenger,1,0,1,225,226,0.44
January 31 2018,Thurston,WA,Passenger,487,407,894,190673,191567,0.47
February 28 2018,Whitman,WA,Truck,0,0,0,8453,8453,0.00
March 31 2018,Allegheny,PA,Passenger,1,0,1,75,76,1.32
March 31 2018,Benton,WA,Truck,0,0,0,40795,40795,0.00
January 31 2018,Clark,NV,Passenger,1,2,3,748,751,0.40
January 31 2018,Clay,FL,Passenger,0,1,1,108,109,0.92
January 31 2018,Dale,AL,Passenger,0,1,1,66,67,1.49
January 31 2018,Duval,FL,Passenger,1,2,3,370,373,0.80
January 31 2018,Grant,WA,Truck,0,0,0,25642,25642,0.00
March 31 2018,Bexar,TX,Passenger,2,2,4,790,794,0.50
March 31 2018,Caddo,LA,Passenger,0,1,1,22,23,4.35
March 31 2018,Clallam,WA,Truck,0,0,0,21312,21312,0.00
March 31 2018,Contra Costa,CA,Passenger,0,1,1,471,472,0.21
March 31 2018,Cook,IL,Passenger,1,0,1,279,280,0.36
March 31 2018,Deschutes,OR,Passenger,1,0,1,171,172,0.58
March 31 2018,Douglas,WA,Passenger,42,33,75,27414,27489,0.27
January 31 2018,Ventura,CA,Passenger,0,1,1,331,332,0.30
February 28 2018,Ada,ID,Passenger,0,2,2,345,347,0.58
February 28 2018,Broward,FL,Passenger,0,1,1,139,140,0.71
February 28 2018,Morris,NJ,Passenger,1,0,1,19,20,5.00
February 28 2018,Nantucket,MA,Passenger,1,0,1,4,5,20.00
February 28 2018,Norfolk,VA,Passenger,1,1,2,322,324,0.62
February 28 2018,Northampton,PA,Passenger,0,1,1,61,62,1.61
February 28 2018,Nueces,TX,Passenger,1,1,2,96,98,2.04
February 28 2018,Orleans,LA,Passenger,0,1,1,47,48,2.08
January 31 2018,Virginia Beach,VA,Passenger,2,1,3,682,685,0.44
January 31 2018,Walla Walla,WA,Truck,0,0,0,13324,13324,0.00
January 31 2018,Whitman,WA,Truck,0,0,0,8472,8472,0.00
January 31 2018,Yakima,WA,Truck,0,0,0,58109,58109,0.00
January 31 2018,Jefferson,WA,Passenger,124,80,204,24351,24555,0.83
January 31 2018,King,WA,Truck,8,1,9,184813,184822,0.00
March 31 2018,Columbia,WA,Passenger,2,1,3,2409,2412,0.12
March 31 2018,Cowlitz,WA,Truck,0,0,0,28275,28275,0.00
March 31 2018,Dakota,MN,Passenger,0,2,2,37,39,5.13
March 31 2018,El Paso,TX,Passenger,1,0,1,528,529,0.19
March 31 2018,Hawaii,HI,Passenger,1,0,1,78,79,1.27
February 28 2018,Richmond,GA,Passenger,0,1,1,95,96,1.04
February 28 2018,San Diego,CA,Passenger,6,1,7,2577,2584,0.27
February 28 2018,Skamania,WA,Passenger,11,8,19,8624,8643,0.22
February 28 2018,Tarrant,TX,Passenger,1,0,1,225,226,0.44
February 28 2018,Utah,UT,Passenger,0,1,1,133,134,0.75
February 28 2018,Whatcom,WA,Passenger,556,249,805,145578,146383,0.55
March 31 2018,Carroll,NH,Passenger,0,1,1,1,2,50.00
March 31 2018,Clark,WA,Passenger,918,640,1558,306010,307568,0.51
March 31 2018,Clark,WA,Truck,0,0,0,78627,78627,0.00
March 31 2018,District of Columbia,DC,Passenger,0,3,3,195,198,1.52
March 31 2018,Frederick,MD,Passenger,0,1,1,87,88,1.14
March 31 2018,Garfield,WA,Passenger,1,0,1,1330,1331,0.08
March 31 2018,Grant,WA,Passenger,32,42,74,62598,62672,0.12
February 28 2018,Chelan,WA,Passenger,94,39,133,53235,53368,0.25
February 28 2018,Clallam,WA,Passenger,109,101,210,49358,49568,0.42
February 28 2018,Dakota,MN,Passenger,0,2,2,36,38,5.26
January 31 2018,Missoula,MT,Passenger,1,0,1,67,68,1.47
January 31 2018,Nantucket,MA,Passenger,1,0,1,3,4,25.00
January 31 2018,Orleans,LA,Passenger,0,1,1,46,47,2.13
January 31 2018,Pinal,AZ,Passenger,2,0,2,212,214,0.93
January 31 2018,Prince William,VA,Passenger,0,4,4,268,272,1.47
March 31 2018,Manassas,VA,Passenger,0,1,1,8,9,11.11
March 31 2018,Marin,CA,Passenger,1,0,1,54,55,1.82
March 31 2018,Maui,HI,Passenger,1,0,1,64,65,1.54
February 28 2018,Snohomish,WA,Passenger,2087,1119,3206,517284,520490,0.62
February 28 2018,Sumter,FL,Passenger,0,1,1,10,11,9.09
February 28 2018,Thurston,WA,Truck,0,0,0,53916,53916,0.00
February 28 2018,Wahkiakum,WA,Passenger,0,2,2,2860,2862,0.07
March 31 2018,Adams,WA,Passenger,5,4,9,12471,12480,0.07
March 31 2018,Anne Arundel,MD,Passenger,0,2,2,467,469,0.43
March 31 2018,Cape May,NJ,Passenger,0,1,1,21,22,4.55
February 28 2018,Clark,WA,Truck,0,0,0,78571,78571,0.00
February 28 2018,Columbia,WA,Truck,0,0,0,1535,1535,0.00
February 28 2018,Douglas,WA,Truck,0,0,0,11812,11812,0.00
March 31 2018,Island,WA,Truck,0,0,0,20856,20856,0.00
March 31 2018,Klickitat,WA,Passenger,25,27,52,14973,15025,0.35
March 31 2018,Klickitat,WA,Truck,0,0,0,8045,8045,0.00
March 31 2018,Madison,ID,Passenger,1,0,1,39,40,2.50
March 31 2018,Manatee,FL,Passenger,1,0,1,37,38,2.63
March 31 2018,Franklin,MA,Passenger,0,1,1,2,3,33.33
March 31 2018,Fulton,GA,Passenger,1,0,1,99,100,1.00
March 31 2018,Grays Harbor,WA,Passenger,45,46,91,46090,46181,0.20
March 31 2018,Grays Harbor,WA,Truck,0,0,0,20073,20073,0.00
March 31 2018,Jefferson,NY,Passenger,1,0,1,228,229,0.44
February 28 2018,Fairfax,VA,Passenger,2,2,4,831,835,0.48
February 28 2018,Ferry,WA,Passenger,1,3,4,4397,4401,0.09
February 28 2018,Grant,WA,Truck,0,0,0,25680,25680,0.00
February 28 2018,Island,WA,Truck,0,0,0,20826,20826,0.00
March 31 2018,Montgomery,MD,Passenger,1,0,1,296,297,0.34
March 31 2018,Okanogan,WA,Truck,0,0,0,16333,16333,0.00
March 31 2018,Prince George,VA,Passenger,0,1,1,75,76,1.32
March 31 2018,Prince George's,MD,Passenger,0,1,1,181,182,0.55
March 31 2018,San Diego,CA,Passenger,6,1,7,2565,2572,0.27
March 31 2018,Sangamon,IL,Passenger,1,0,1,11,12,8.33
March 31 2018,DeKalb,GA,Passenger,1,0,1,80,81,1.23
March 31 2018,Ferry,WA,Passenger,1,3,4,4405,4409,0.09
March 31 2018,Garfield,OK,Passenger,1,0,1,22,23,4.35
March 31 2018,Garfield,WA,Truck,0,0,0,952,952,0.00
January 31 2018,Skamania,WA,Passenger,11,8,19,8608,8627,0.22
January 31 2018,Utah,UT,Passenger,0,1,1,135,136,0.74
January 31 2018,Wahkiakum,WA,Passenger,0,2,2,2844,2846,0.07
January 31 2018,Walla Walla,WA,Passenger,30,33,63,35373,35436,0.18
February 28 2018,El Paso,TX,Passenger,1,0,1,527,528,0.19
February 28 2018,Franklin,MA,Passenger,0,1,1,3,4,25.00
February 28 2018,Grays Harbor,WA,Truck,0,0,0,20110,20110,0.00
February 28 2018,Gwinnett,GA,Passenger,0,1,1,78,79,1.27
February 28 2018,Hardin,KY,Passenger,0,1,1,117,118,0.85
February 28 2018,Klickitat,WA,Truck,0,0,0,8038,8038,0.00
February 28 2018,Juneau,AK,Passenger,0,1,1,43,44,2.27
February 28 2018,Manatee,FL,Passenger,1,0,1,38,39,2.56
February 28 2018,New Haven,CT,Passenger,0,1,1,52,53,1.89
February 28 2018,Norfolk,MA,Passenger,1,0,1,39,40,2.50
February 28 2018,Allegheny,PA,Passenger,1,0,1,79,80,1.25
February 28 2018,Canyon,ID,Passenger,0,1,1,94,95,1.05
March 31 2018,Asotin,WA,Passenger,8,5,13,12627,12640,0.10
March 31 2018,Brevard,FL,Passenger,0,1,1,100,101,0.99
March 31 2018,Broward,FL,Passenger,0,1,1,132,133,0.75
March 31 2018,Chelan,WA,Passenger,96,41,137,53345,53482,0.26
March 31 2018,Clallam,WA,Passenger,119,104,223,49506,49729,0.45
March 31 2018,Clark,NV,Passenger,1,2,3,746,749,0.40
February 28 2018,Lumpkin,GA,Passenger,1,0,1,7,8,12.50
February 28 2018,Madison,ID,Passenger,1,0,1,39,40,2.50
February 28 2018,Moore,NC,Passenger,0,1,1,199,200,0.50
February 28 2018,Okaloosa,FL,Passenger,1,0,1,179,180,0.56
February 28 2018,Pacific,WA,Truck,0,0,0,7561,7561,0.00
February 28 2018,Palm Beach,FL,Passenger,0,1,1,83,84,1.19
March 31 2018,Honolulu,HI,Passenger,2,2,4,551,555,0.72
March 31 2018,Howard,MD,Passenger,0,1,1,88,89,1.12
March 31 2018,Jefferson,CO,Passenger,0,1,1,76,77,1.30
March 31 2018,Kitsap,WA,Passenger,740,428,1168,176883,178051,0.66
March 31 2018,Kittitas,WA,Truck,0,0,0,13982,13982,0.00
March 31 2018,Lee,AL,Passenger,1,0,1,33,34,2.94
March 31 2018,Pacific,WA,Passenger,15,18,33,15465,15498,0.21
March 31 2018,Pierce,WA,Truck,0,0,0,137084,137084,0.00
March 31 2018,Polk,FL,Passenger,1,0,1,62,63,1.59
March 31 2018,Richmond,GA,Passenger,0,1,1,92,93,1.08
March 31 2018,San Mateo,CA,Passenger,1,1,2,136,138,1.45
March 31 2018,Skagit,WA,Truck,1,0,1,31925,31926,0.00
March 31 2018,Spokane,WA,Truck,1,0,1,91906,91907,0.00
March 31 2018,St. Lucie,FL,Passenger,1,0,1,27,28,3.57
March 31 2018,Stevens,WA,Passenger,9,21,30,31598,31628,0.09
March 31 2018,Thurston,WA,Passenger,518,432,950,191164,192114,0.49
March 31 2018,Washtenaw,MI,Passenger,1,0,1,39,40,2.50
April 30 2018,Ada,ID,Passenger,0,2,2,332,334,0.60
April 30 2018,Benton,WA,Passenger,178,188,366,130945,131311,0.28
April 30 2018,Bexar,TX,Passenger,2,2,4,779,783,0.51
March 31 2018,Dale,AL,Passenger,0,1,1,62,63,1.59
March 31 2018,Douglas,WA,Truck,0,0,0,11857,11857,0.00
March 31 2018,Duval,FL,Passenger,1,2,3,377,380,0.79
March 31 2018,El Paso,CO,Passenger,2,0,2,765,767,0.26
March 31 2018,Fairfax,VA,Passenger,2,2,4,830,834,0.48
March 31 2018,Gwinnett,GA,Passenger,0,1,1,78,79,1.27
March 31 2018,Lewis,WA,Truck,0,0,0,25253,25253,0.00
March 31 2018,Los Angeles,CA,Passenger,5,4,9,1177,1186,0.76
March 31 2018,Maricopa,AZ,Passenger,2,2,4,1563,1567,0.26
March 31 2018,Mason,WA,Truck,0,0,0,19794,19794,0.00
March 31 2018,Monterey,CA,Passenger,0,2,2,192,194,1.03
March 31 2018,Moore,NC,Passenger,0,1,1,199,200,0.50
March 31 2018,Morris,NJ,Passenger,1,0,1,19,20,5.00
March 31 2018,Pend Oreille,WA,Passenger,4,3,7,9455,9462,0.07
February 28 2018,Pierce,WA,Truck,0,0,0,137002,137002,0.00
February 28 2018,Polk,FL,Passenger,1,0,1,63,64,1.56
February 28 2018,Sacramento,CA,Passenger,1,0,1,299,300,0.33
February 28 2018,San Mateo,CA,Passenger,0,1,1,139,140,0.71
February 28 2018,Shelby,TN,Passenger,0,1,1,105,106,0.94
February 28 2018,Skagit,WA,Truck,1,0,1,31817,31818,0.00
February 28 2018,Spokane,WA,Passenger,306,263,569,300528,301097,0.19
February 28 2018,St. Clair,IL,Passenger,0,1,1,158,159,0.63
April 30 2018,Cowlitz,WA,Truck,0,0,0,28295,28295,0.00
April 30 2018,Dakota,MN,Passenger,0,2,2,37,39,5.13
April 30 2018,DeKalb,IN,Passenger,1,0,1,1,2,50.00
February 28 2018,Pend Oreille,WA,Truck,0,0,0,5631,5631,0.00
February 28 2018,Pima,AZ,Passenger,1,1,2,414,416,0.48
February 28 2018,Ramsey,MN,Passenger,1,0,1,37,38,2.63
February 28 2018,St. Lucie,FL,Passenger,1,0,1,26,27,3.70
February 28 2018,Stevens,WA,Truck,0,0,0,18399,18399,0.00
March 31 2018,Stevens,WA,Truck,0,0,0,18423,18423,0.00
March 31 2018,Tarrant,TX,Passenger,1,0,1,219,220,0.45
March 31 2018,Whatcom,WA,Truck,2,0,2,42065,42067,0.00
April 30 2018,Alameda,CA,Passenger,0,1,1,351,352,0.28
April 30 2018,Arlington,VA,Passenger,1,2,3,172,175,1.71
April 30 2018,Beaufort,SC,Passenger,1,0,1,39,40,2.50
February 28 2018,Columbia,WA,Passenger,2,1,3,2407,2410,0.12
February 28 2018,Contra Costa,CA,Passenger,0,1,1,473,474,0.21
February 28 2018,Cook,IL,Passenger,1,0,1,286,287,0.35
February 28 2018,Ferry,WA,Truck,0,0,0,3526,3526,0.00
February 28 2018,Franklin,WA,Passenger,32,51,83,57008,57091,0.15
February 28 2018,Grays Harbor,WA,Passenger,42,44,86,45888,45974,0.19
February 28 2018,Yakima,WA,Passenger,61,79,140,162334,162474,0.09
March 31 2018,Ada,ID,Passenger,0,2,2,337,339,0.59
March 31 2018,Canyon,ID,Passenger,0,1,1,93,94,1.06
March 31 2018,Multnomah,OR,Passenger,3,4,7,816,823,0.85
March 31 2018,Nassau,NY,Passenger,1,0,1,35,36,2.78
March 31 2018,Norfolk,MA,Passenger,1,0,1,37,38,2.63
March 31 2018,Okanogan,WA,Passenger,7,19,26,25733,25759,0.10
March 31 2018,Orange,CA,Passenger,3,1,4,573,577,0.69
March 31 2018,Queens,NY,Passenger,1,0,1,63,64,1.56
March 31 2018,Richland,SC,Passenger,0,1,1,173,174,0.57
March 31 2018,Riverside,CA,Passenger,2,2,4,707,711,0.56
March 31 2018,Sacramento,CA,Passenger,1,0,1,296,297,0.34
March 31 2018,Pima,AZ,Passenger,1,1,2,416,418,0.48
March 31 2018,Saratoga,NY,Passenger,1,1,2,66,68,2.94
March 31 2018,Snohomish,WA,Truck,1,0,1,121238,121239,0.00
March 31 2018,Twin Falls,ID,Passenger,0,1,1,24,25,4.00
March 31 2018,Wahkiakum,WA,Truck,0,0,0,1668,1668,0.00
March 31 2018,Jefferson,WA,Passenger,132,88,220,24288,24508,0.90
March 31 2018,King,WA,Truck,7,1,8,183725,183733,0.00
March 31 2018,Lane,OR,Passenger,0,1,1,188,189,0.53
March 31 2018,Lumpkin,GA,Passenger,1,0,1,7,8,12.50
April 30 2018,Charles,MD,Passenger,0,1,1,83,84,1.19
April 30 2018,Clallam,WA,Truck,0,0,0,21357,21357,0.00
April 30 2018,Clay,FL,Passenger,0,1,1,102,103,0.97
April 30 2018,DuPage,IL,Passenger,1,0,1,64,65,1.54
April 30 2018,Essex,NJ,Passenger,1,0,1,11,12,8.33
April 30 2018,Fulton,GA,Passenger,1,1,2,100,102,1.96
April 30 2018,Garfield,WA,Passenger,1,0,1,1330,1331,0.08
April 30 2018,Grant,WA,Passenger,31,42,73,62794,62867,0.12
April 30 2018,Island,WA,Truck,0,0,0,20844,20844,0.00
April 30 2018,Jefferson,NY,Passenger,1,0,1,224,225,0.44
March 31 2018,Orleans,LA,Passenger,0,1,1,46,47,2.13
March 31 2018,Palm Beach,FL,Passenger,0,1,1,82,83,1.20
March 31 2018,Pinal,AZ,Passenger,2,0,2,211,213,0.94
March 31 2018,Prince William,VA,Passenger,0,4,4,266,270,1.48
March 31 2018,DeKalb,IN,Passenger,1,0,1,1,2,50.00
March 31 2018,Essex,NJ,Passenger,1,0,1,11,12,8.33
March 31 2018,Ferry,WA,Truck,0,0,0,3503,3503,0.00
March 31 2018,Franklin,WA,Passenger,34,55,89,57213,57302,0.16
April 30 2018,Hamilton,IN,Passenger,1,0,1,48,49,2.04
April 30 2018,Jackson,OK,Passenger,1,0,1,48,49,2.04
April 30 2018,Kent,MI,Passenger,0,1,1,33,34,2.94
April 30 2018,Kitsap,WA,Truck,1,0,1,52995,52996,0.00
February 28 2018,Stevens,WA,Passenger,10,21,31,31510,31541,0.10
February 28 2018,Travis,TX,Passenger,0,1,1,187,188,0.53
February 28 2018,Walla Walla,WA,Passenger,31,35,66,35387,35453,0.19
February 28 2018,Whatcom,WA,Truck,1,0,1,42034,42035,0.00
February 28 2018,Whitman,WA,Passenger,18,21,39,22530,22569,0.17
February 28 2018,Yakima,WA,Truck,0,0,0,58128,58128,0.00
March 31 2018,Adams,WA,Truck,0,0,0,5152,5152,0.00
March 31 2018,Alameda,CA,Passenger,0,1,1,352,353,0.28
March 31 2018,Arlington,VA,Passenger,1,2,3,173,176,1.70
February 28 2018,Hamilton,TN,Passenger,1,0,1,22,23,4.35
February 28 2018,Kittitas,WA,Passenger,36,27,63,28688,28751,0.22
February 28 2018,Klickitat,WA,Passenger,24,27,51,14944,14995,0.34
February 28 2018,Lewis,WA,Truck,0,0,0,25267,25267,0.00
February 28 2018,Los Angeles,CA,Passenger,5,3,8,1189,1197,0.67
March 31 2018,Skamania,WA,Truck,0,0,0,3925,3925,0.00
March 31 2018,Sumter,FL,Passenger,0,1,1,10,11,9.09
March 31 2018,Thurston,WA,Truck,0,0,0,54004,54004,0.00
March 31 2018,Travis,TX,Passenger,0,1,1,189,190,0.53
March 31 2018,Walla Walla,WA,Truck,0,0,0,13312,13312,0.00
March 31 2018,Whitman,WA,Passenger,18,23,41,22488,22529,0.18
March 31 2018,Whitman,WA,Truck,0,0,0,8453,8453,0.00
March 31 2018,Williamson,TX,Passenger,0,1,1,160,161,0.62
March 31 2018,Charles,MD,Passenger,0,1,1,82,83,1.20
March 31 2018,Clay,FL,Passenger,0,1,1,104,105,0.95
March 31 2018,DuPage,IL,Passenger,1,0,1,66,67,1.49
March 31 2018,Hamilton,TN,Passenger,1,0,1,23,24,4.17
March 31 2018,King,WA,Passenger,11973,5152,17125,1368002,1385127,1.24
March 31 2018,Kittitas,WA,Passenger,40,30,70,28746,28816,0.24
March 31 2018,Whatcom,WA,Passenger,574,260,834,146115,146949,0.57
April 30 2018,Asotin,WA,Passenger,8,6,14,12640,12654,0.11
April 30 2018,Broward,FL,Passenger,0,1,1,130,131,0.76
April 30 2018,Caddo,LA,Passenger,0,1,1,22,23,4.35
April 30 2018,Chelan,WA,Passenger,98,45,143,53396,53539,0.27
April 30 2018,Clallam,WA,Passenger,117,105,222,49607,49829,0.45
March 31 2018,Spokane,WA,Passenger,304,273,577,301281,301858,0.19
March 31 2018,Utah,UT,Passenger,0,1,1,136,137,0.73
April 30 2018,Adams,WA,Truck,0,0,0,5150,5150,0.00
April 30 2018,Allegheny,PA,Passenger,1,0,1,74,75,1.33
April 30 2018,Anne Arundel,MD,Passenger,0,2,2,449,451,0.44
April 30 2018,King,WA,Passenger,12285,5290,17575,1368483,1386058,1.27
April 30 2018,Kootenai,ID,Passenger,0,1,1,224,225,0.44
April 30 2018,Lincoln,WA,Truck,0,0,0,4532,4532,0.00
April 30 2018,Marion,IN,Passenger,1,0,1,117,118,0.85
April 30 2018,Mason,WA,Truck,0,0,0,19808,19808,0.00
April 30 2018,Monterey,CA,Passenger,0,2,2,190,192,1.04
April 30 2018,Montgomery,TN,Passenger,1,0,1,273,274,0.36
April 30 2018,Morris,NJ,Passenger,1,0,1,18,19,5.26
February 28 2018,Maricopa,AZ,Passenger,2,1,3,1597,1600,0.19
February 28 2018,Maui,HI,Passenger,1,0,1,65,66,1.52
February 28 2018,Montgomery,MD,Passenger,1,0,1,298,299,0.33
February 28 2018,Prince George's,MD,Passenger,0,1,1,179,180,0.56
April 30 2018,Cape May,NJ,Passenger,0,1,1,21,22,4.55
April 30 2018,Clark,NV,Passenger,1,2,3,747,750,0.40
March 31 2018,Grant,WA,Truck,0,0,0,25746,25746,0.00
March 31 2018,Hardin,KY,Passenger,0,1,1,119,120,0.83
March 31 2018,Juneau,AK,Passenger,0,1,1,44,45,2.22
March 31 2018,Kent,MI,Passenger,0,1,1,34,35,2.86
March 31 2018,Kitsap,WA,Truck,1,0,1,52968,52969,0.00
April 30 2018,Lewis,WA,Passenger,78,51,129,57346,57475,0.22
April 30 2018,Manassas,VA,Passenger,0,1,1,9,10,10.00
April 30 2018,Maricopa,AZ,Passenger,2,2,4,1571,1575,0.25
April 30 2018,Marin,CA,Passenger,1,0,1,56,57,1.75
April 30 2018,Mason,WA,Passenger,71,87,158,45390,45548,0.35
April 30 2018,Montgomery,TX,Passenger,1,0,1,63,64,1.56
April 30 2018,Nantucket,MA,Passenger,1,0,1,4,5,20.00
April 30 2018,Newport,RI,Passenger,1,0,1,111,112,0.89
April 30 2018,Norfolk,VA,Passenger,1,2,3,329,332,0.90
April 30 2018,Northampton,PA,Passenger,0,1,1,64,65,1.54
April 30 2018,Nueces,TX,Passenger,1,1,2,96,98,2.04
April 30 2018,Orange,FL,Passenger,2,1,3,169,172,1.74
April 30 2018,Cowlitz,WA,Passenger,55,73,128,71356,71484,0.18
April 30 2018,El Paso,CO,Passenger,2,0,2,763,765,0.26
April 30 2018,Fairfax,VA,Passenger,2,2,4,838,842,0.48
April 30 2018,Flathead,MT,Passenger,1,0,1,51,52,1.92
April 30 2018,Hawaii,HI,Passenger,1,0,1,75,76,1.32
March 31 2018,Lincoln,WA,Passenger,2,5,7,7579,7586,0.09
March 31 2018,Lincoln,WA,Truck,0,0,0,4515,4515,0.00
March 31 2018,Marion,IN,Passenger,1,0,1,117,118,0.85
March 31 2018,Montgomery,PA,Passenger,1,0,1,35,36,2.78
March 31 2018,Montgomery,TN,Passenger,1,0,1,270,271,0.37
April 30 2018,Benton,WA,Truck,0,0,0,40853,40853,0.00
April 30 2018,Carroll,NH,Passenger,0,1,1,1,2,50.00
April 30 2018,Clackamas,OR,Passenger,0,1,1,231,232,0.43
April 30 2018,Clark,WA,Truck,0,0,0,78734,78734,0.00
April 30 2018,Dale,AL,Passenger,0,1,1,63,64,1.56
April 30 2018,Dallas,TX,Passenger,0,1,1,190,191,0.52
April 30 2018,Duval,FL,Passenger,1,2,3,380,383,0.78
April 30 2018,Garfield,OK,Passenger,1,0,1,20,21,4.76
April 30 2018,Grant,WA,Truck,0,0,0,25854,25854,0.00
April 30 2018,Okanogan,WA,Truck,0,0,0,16350,16350,0.00
April 30 2018,Pierce,WA,Truck,0,0,0,137346,137346,0.00
April 30 2018,Prince George,VA,Passenger,0,1,1,74,75,1.33
April 30 2018,Richmond,GA,Passenger,0,1,1,94,95,1.05
April 30 2018,Shelby,TN,Passenger,0,1,1,101,102,0.98
April 30 2018,Skagit,WA,Truck,1,0,1,31982,31983,0.00
March 31 2018,Lewis,WA,Passenger,55,47,102,57147,57249,0.18
March 31 2018,Nantucket,MA,Passenger,1,0,1,4,5,20.00
March 31 2018,New Haven,CT,Passenger,0,1,1,51,52,1.92
March 31 2018,Norfolk,VA,Passenger,1,2,3,328,331,0.91
March 31 2018,Northampton,PA,Passenger,0,1,1,63,64,1.56
March 31 2018,Nueces,TX,Passenger,1,1,2,94,96,2.08
April 30 2018,Snohomish,WA,Passenger,2188,1194,3382,518827,522209,0.65
February 28 2018,San Juan,WA,Passenger,140,48,188,13922,14110,1.33
February 28 2018,Sangamon,IL,Passenger,1,0,1,11,12,8.33
February 28 2018,Santa Clara,CA,Passenger,7,1,8,380,388,2.06
February 28 2018,Sedgwick,KS,Passenger,0,1,1,103,104,0.96
February 28 2018,Snohomish,WA,Truck,1,0,1,121342,121343,0.00
February 28 2018,Spokane,WA,Truck,1,0,1,91725,91726,0.00
February 28 2018,Thurston,WA,Passenger,492,414,906,190764,191670,0.47
February 28 2018,Tuolumne,CA,Passenger,0,1,1,14,15,6.67
April 30 2018,Jefferson,WA,Passenger,134,88,222,24352,24574,0.90
April 30 2018,Jefferson,WA,Truck,0,0,0,9527,9527,0.00
April 30 2018,Lee,FL,Passenger,1,0,1,58,59,1.69
March 31 2018,San Juan,WA,Passenger,140,50,190,13939,14129,1.34
March 31 2018,Santa Clara,CA,Passenger,6,1,7,377,384,1.82
March 31 2018,Sedgwick,KS,Passenger,0,1,1,104,105,0.95
March 31 2018,Shelby,TN,Passenger,0,1,1,101,102,0.98
March 31 2018,Tuolumne,CA,Passenger,0,1,1,14,15,6.67
April 30 2018,Island,WA,Passenger,184,177,361,62272,62633,0.58
April 30 2018,King,WA,Truck,7,1,8,183363,183371,0.00
April 30 2018,Klickitat,WA,Passenger,24,29,53,15049,15102,0.35
April 30 2018,Manatee,FL,Passenger,1,0,1,38,39,2.56
April 30 2018,Franklin,MA,Passenger,0,1,1,2,3,33.33
April 30 2018,Franklin,WA,Passenger,37,59,96,57403,57499,0.17
April 30 2018,Grays Harbor,WA,Passenger,47,52,99,46286,46385,0.21
April 30 2018,Hamilton,TN,Passenger,1,0,1,23,24,4.17
April 30 2018,Honolulu,HI,Passenger,2,2,4,537,541,0.74
April 30 2018,Jefferson,CO,Passenger,0,1,1,73,74,1.35
April 30 2018,Klamath,OR,Passenger,1,0,1,33,34,2.94
April 30 2018,Tulsa,OK,Passenger,0,1,1,47,48,2.08
April 30 2018,Wahkiakum,WA,Passenger,1,3,4,2887,2891,0.14
April 30 2018,Washtenaw,MI,Passenger,1,0,1,39,40,2.50
May 31 2018,,,Passenger,3,1,4,439,443,0.90
March 31 2018,Asotin,WA,Truck,0,0,0,6593,6593,0.00
April 30 2018,Tarrant,TX,Passenger,1,0,1,217,218,0.46
April 30 2018,Virginia Beach,VA,Passenger,2,1,3,692,695,0.43
April 30 2018,Whatcom,WA,Truck,2,0,2,42117,42119,0.00
May 31 2018,Adams,WA,Passenger,5,5,10,12598,12608,0.08
May 31 2018,Arlington,VA,Passenger,1,2,3,171,174,1.72
March 31 2018,Skamania,WA,Passenger,12,8,20,8667,8687,0.23
March 31 2018,Snohomish,WA,Passenger,2132,1159,3291,517930,521221,0.63
March 31 2018,St. Clair,IL,Passenger,0,1,1,155,156,0.64
March 31 2018,Virginia Beach,VA,Passenger,2,1,3,691,694,0.43
March 31 2018,Yakima,WA,Truck,0,0,0,58177,58177,0.00
April 30 2018,,,Passenger,3,1,4,445,449,0.89
April 30 2018,Multnomah,OR,Passenger,4,4,8,815,823,0.97
April 30 2018,Norfolk,MA,Passenger,1,0,1,36,37,2.70
April 30 2018,Orleans,LA,Passenger,0,1,1,47,48,2.08
April 30 2018,Pacific,WA,Truck,0,0,0,7596,7596,0.00
April 30 2018,Pend Oreille,WA,Truck,0,0,0,5654,5654,0.00
April 30 2018,Pinal,AZ,Passenger,2,0,2,209,211,0.95
April 30 2018,Prince William,VA,Passenger,0,4,4,265,269,1.49
April 30 2018,Lewis,WA,Truck,0,0,0,25309,25309,0.00
April 30 2018,Los Angeles,CA,Passenger,6,4,10,1169,1179,0.85
April 30 2018,Pend Oreille,WA,Passenger,4,5,9,9475,9484,0.09
April 30 2018,Pierce,WA,Passenger,1154,1091,2245,529177,531422,0.42
April 30 2018,Portsmouth,VA,Passenger,0,1,1,73,74,1.35
April 30 2018,Prince George's,MD,Passenger,1,1,2,184,186,1.08
April 30 2018,Skagit,WA,Passenger,182,155,337,90039,90376,0.37
April 30 2018,Spokane,WA,Passenger,318,288,606,301924,302530,0.20
March 31 2018,Wahkiakum,WA,Passenger,1,2,3,2871,2874,0.10
March 31 2018,Walla Walla,WA,Passenger,32,36,68,35463,35531,0.19
March 31 2018,Columbia,WA,Truck,0,0,0,1532,1532,0.00
March 31 2018,Cowlitz,WA,Passenger,55,70,125,71222,71347,0.18
March 31 2018,Dallas,TX,Passenger,0,1,1,189,190,0.53
March 31 2018,Flathead,MT,Passenger,1,0,1,51,52,1.92
March 31 2018,Franklin,WA,Truck,0,0,0,18616,18616,0.00
May 31 2018,Benton,WA,Passenger,188,195,383,131302,131685,0.29
May 31 2018,Brevard,FL,Passenger,0,1,1,98,99,1.01
May 31 2018,Collin,TX,Passenger,1,0,1,154,155,0.65
May 31 2018,Columbia,WA,Truck,0,0,0,1526,1526,0.00
May 31 2018,Cowlitz,WA,Truck,0,0,0,28362,28362,0.00
May 31 2018,Dale,AL,Passenger,0,1,1,59,60,1.67
May 31 2018,Deschutes,OR,Passenger,1,0,1,168,169,0.59
May 31 2018,Douglas,WA,Truck,0,0,0,11900,11900,0.00
May 31 2018,El Paso,TX,Passenger,1,0,1,525,526,0.19
May 31 2018,Cape May,NJ,Passenger,0,1,1,21,22,4.55
May 31 2018,Charleston,SC,Passenger,1,0,1,130,131,0.76
May 31 2018,Chelan,WA,Passenger,103,49,152,53494,53646,0.28
May 31 2018,Clallam,WA,Passenger,119,110,229,49786,50015,0.46
May 31 2018,Clark,NV,Passenger,1,2,3,746,749,0.40
May 31 2018,Clark,WA,Passenger,963,695,1658,307158,308816,0.54
May 31 2018,District of Columbia,DC,Passenger,0,3,3,190,193,1.55
April 30 2018,Canyon,ID,Passenger,0,1,1,86,87,1.15
April 30 2018,Contra Costa,CA,Passenger,0,1,1,465,466,0.21
April 30 2018,Cook,IL,Passenger,1,0,1,271,272,0.37
April 30 2018,Deschutes,OR,Passenger,1,0,1,171,172,0.58
April 30 2018,Douglas,WA,Passenger,41,32,73,27437,27510,0.27
April 30 2018,Douglas,WA,Truck,0,0,0,11882,11882,0.00
April 30 2018,Ferry,WA,Truck,0,0,0,3498,3498,0.00
April 30 2018,Ramsey,MN,Passenger,1,0,1,39,40,2.50
April 30 2018,San Francisco,CA,Passenger,0,1,1,134,135,0.74
April 30 2018,Santa Rosa,FL,Passenger,1,0,1,100,101,0.99
April 30 2018,Skamania,WA,Passenger,12,8,20,8706,8726,0.23
April 30 2018,Skamania,WA,Truck,0,0,0,3922,3922,0.00
April 30 2018,Volusia,FL,Passenger,0,1,1,33,34,2.94
April 30 2018,Walla Walla,WA,Passenger,34,40,74,35455,35529,0.21
April 30 2018,Brevard,FL,Passenger,0,1,1,102,103,0.97
April 30 2018,Chelan,WA,Truck,0,0,0,21762,21762,0.00
April 30 2018,Columbia,WA,Passenger,2,1,3,2414,2417,0.12
April 30 2018,El Paso,TX,Passenger,1,0,1,521,522,0.19
March 31 2018,Hamilton,IN,Passenger,1,0,1,50,51,1.96
March 31 2018,Island,WA,Passenger,175,178,353,62048,62401,0.57
March 31 2018,Jefferson,WA,Truck,0,0,0,9517,9517,0.00
March 31 2018,Latah,ID,Passenger,0,1,1,78,79,1.27
April 30 2018,Richland,SC,Passenger,0,1,1,174,175,0.57
April 30 2018,San Juan,WA,Passenger,141,53,194,13961,14155,1.37
April 30 2018,Saratoga,NY,Passenger,1,1,2,66,68,2.94
April 30 2018,Snohomish,WA,Truck,1,0,1,121265,121266,0.00
April 30 2018,Twin Falls,ID,Passenger,0,1,1,23,24,4.17
April 30 2018,Wahkiakum,WA,Truck,0,0,0,1668,1668,0.00
May 31 2018,Gwinnett,GA,Passenger,0,1,1,82,83,1.20
May 31 2018,Jefferson,WA,Passenger,138,91,229,24388,24617,0.93
May 31 2018,Klickitat,WA,Truck,0,0,0,8084,8084,0.00
May 31 2018,Carroll,NH,Passenger,0,1,1,1,2,50.00
May 31 2018,Clark,WA,Truck,0,0,0,78919,78919,0.00
May 31 2018,Douglas,WA,Passenger,44,31,75,27540,27615,0.27
May 31 2018,Franklin,MA,Passenger,0,1,1,2,3,33.33
May 31 2018,Frederick,MD,Passenger,0,1,1,86,87,1.15
April 30 2018,Frederick,MD,Passenger,0,1,1,86,87,1.15
April 30 2018,Hardin,KY,Passenger,0,1,1,119,120,0.83
April 30 2018,Juneau,AK,Passenger,0,1,1,46,47,2.13
April 30 2018,Lane,OR,Passenger,0,1,1,190,191,0.52
April 30 2018,Whatcom,WA,Passenger,593,269,862,146611,147473,0.58
April 30 2018,Maui,HI,Passenger,1,0,1,59,60,1.67
April 30 2018,Montgomery,MD,Passenger,1,0,1,293,294,0.34
April 30 2018,New Haven,CT,Passenger,0,1,1,50,51,1.96
April 30 2018,Palm Beach,FL,Passenger,0,1,1,84,85,1.18
April 30 2018,Garfield,WA,Truck,0,0,0,950,950,0.00
April 30 2018,Gwinnett,GA,Passenger,0,1,1,80,81,1.23
April 30 2018,Kittitas,WA,Passenger,40,32,72,28772,28844,0.25
May 31 2018,Duval,FL,Passenger,1,2,3,385,388,0.77
May 31 2018,Fairfax,VA,Passenger,2,2,4,840,844,0.47
May 31 2018,Ferry,WA,Passenger,2,3,5,4418,4423,0.11
May 31 2018,Grant,WA,Truck,0,0,0,25862,25862,0.00
May 31 2018,Howard,MD,Passenger,0,1,1,87,88,1.14
May 31 2018,Lumpkin,GA,Passenger,1,0,1,7,8,12.50
May 31 2018,Madison,ID,Passenger,1,0,1,38,39,2.56
May 31 2018,Okaloosa,FL,Passenger,1,0,1,172,173,0.58
May 31 2018,Pacific,WA,Passenger,16,19,35,15554,15589,0.22
May 31 2018,Pacific,WA,Truck,0,0,0,7589,7589,0.00
May 31 2018,Grant,WA,Passenger,30,44,74,63010,63084,0.12
May 31 2018,Grays Harbor,WA,Truck,0,0,0,20179,20179,0.00
May 31 2018,Hardin,KY,Passenger,0,1,1,120,121,0.83
May 31 2018,Lee,FL,Passenger,1,0,1,57,58,1.72
May 31 2018,Monroe,IL,Passenger,1,0,1,5,6,16.67
April 30 2018,Yakima,WA,Passenger,62,84,146,163239,163385,0.09
May 31 2018,Adams,WA,Truck,0,0,0,5158,5158,0.00
May 31 2018,Anne Arundel,MD,Passenger,0,2,2,446,448,0.45
May 31 2018,Asotin,WA,Passenger,8,6,14,12602,12616,0.11
May 31 2018,Bexar,TX,Passenger,2,3,5,769,774,0.65
May 31 2018,Caddo,LA,Passenger,0,1,1,22,23,4.35
April 30 2018,Lee,AL,Passenger,1,0,1,32,33,3.03
April 30 2018,Lincoln,WA,Passenger,2,6,8,7614,7622,0.10
April 30 2018,Lumpkin,GA,Passenger,1,0,1,7,8,12.50
April 30 2018,Madison,ID,Passenger,1,0,1,37,38,2.63
April 30 2018,Montgomery,PA,Passenger,1,0,1,35,36,2.78
April 30 2018,Nassau,NY,Passenger,1,0,1,37,38,2.63
April 30 2018,Okanogan,WA,Passenger,8,19,27,25823,25850,0.10
April 30 2018,San Diego,CA,Passenger,7,1,8,2563,2571,0.31
April 30 2018,Sangamon,IL,Passenger,1,0,1,11,12,8.33
April 30 2018,Sedgwick,KS,Passenger,0,1,1,99,100,1.00
April 30 2018,St. Clair,IL,Passenger,0,1,1,151,152,0.66
April 30 2018,Thurston,WA,Passenger,523,444,967,191807,192774,0.50
March 31 2018,Mason,WA,Passenger,68,83,151,45214,45365,0.33
March 31 2018,Montgomery,TX,Passenger,1,0,1,63,64,1.56
March 31 2018,New London,CT,Passenger,1,1,2,251,253,0.79
March 31 2018,Newport,RI,Passenger,1,0,1,109,110,0.91
March 31 2018,Okaloosa,FL,Passenger,1,0,1,176,177,0.56
March 31 2018,Orange,FL,Passenger,2,1,3,169,172,1.74
March 31 2018,Pacific,WA,Truck,0,0,0,7577,7577,0.00
March 31 2018,Pend Oreille,WA,Truck,0,0,0,5658,5658,0.00
March 31 2018,Pierce,WA,Passenger,1126,1053,2179,527876,530055,0.41
March 31 2018,Portsmouth,VA,Passenger,0,1,1,72,73,1.37
March 31 2018,Ramsey,MN,Passenger,1,0,1,37,38,2.63
May 31 2018,Nantucket,MA,Passenger,1,0,1,4,5,20.00
May 31 2018,Norfolk,MA,Passenger,1,0,1,37,38,2.63
May 31 2018,Northampton,PA,Passenger,0,1,1,64,65,1.54
May 31 2018,Orleans,LA,Passenger,0,1,1,46,47,2.13
May 31 2018,Polk,FL,Passenger,1,0,1,64,65,1.54
May 31 2018,Sacramento,CA,Passenger,1,0,1,303,304,0.33
May 31 2018,San Mateo,CA,Passenger,1,1,2,135,137,1.46
May 31 2018,Palm Beach,FL,Passenger,0,1,1,80,81,1.23
May 31 2018,Pinal,AZ,Passenger,2,0,2,207,209,0.96
May 31 2018,Prince William,VA,Passenger,0,4,4,266,270,1.48
May 31 2018,Richmond,GA,Passenger,0,1,1,94,95,1.05
May 31 2018,St. Lucie,FL,Passenger,1,0,1,28,29,3.45
May 31 2018,Stevens,WA,Truck,0,0,0,18586,18586,0.00
May 31 2018,Tarrant,TX,Passenger,1,0,1,216,217,0.46
May 31 2018,Chelan,WA,Truck,0,0,0,21822,21822,0.00
May 31 2018,Clackamas,OR,Passenger,0,1,1,231,232,0.43
May 31 2018,Columbia,WA,Passenger,2,1,3,2412,2415,0.12
May 31 2018,Cowlitz,WA,Passenger,58,75,133,71515,71648,0.19
May 31 2018,Ferry,WA,Truck,0,0,0,3503,3503,0.00
May 31 2018,Flathead,MT,Passenger,1,0,1,50,51,1.96
May 31 2018,Franklin,WA,Passenger,38,63,101,57692,57793,0.17
May 31 2018,Clallam,WA,Truck,0,0,0,21410,21410,0.00
May 31 2018,DuPage,IL,Passenger,1,0,1,65,66,1.52
May 31 2018,El Paso,CO,Passenger,2,1,3,763,766,0.39
May 31 2018,Garfield,WA,Passenger,1,1,2,1326,1328,0.15
May 31 2018,Garfield,WA,Truck,0,0,0,956,956,0.00
April 30 2018,Tuolumne,CA,Passenger,0,1,1,13,14,7.14
April 30 2018,Yakima,WA,Truck,0,0,0,58218,58218,0.00
May 31 2018,Alameda,CA,Passenger,0,1,1,347,348,0.29
May 31 2018,Asotin,WA,Truck,0,0,0,6631,6631,0.00
May 31 2018,Beaufort,SC,Passenger,1,0,1,38,39,2.56
May 31 2018,Monterey,CA,Passenger,0,2,2,189,191,1.05
May 31 2018,Moore,NC,Passenger,0,1,1,196,197,0.51
May 31 2018,Pend Oreille,WA,Passenger,4,5,9,9509,9518,0.09
May 31 2018,Pend Oreille,WA,Truck,0,0,0,5671,5671,0.00
May 31 2018,Pima,AZ,Passenger,1,1,2,414,416,0.48
May 31 2018,Utah,UT,Passenger,0,1,1,133,134,0.75
June 30 2018,Allegheny,PA,Passenger,1,0,1,75,76,1.32
June 30 2018,Arlington,VA,Passenger,1,2,3,172,175,1.71
June 30 2018,Benton,WA,Truck,0,0,0,41024,41024,0.00
March 31 2018,San Juan,WA,Truck,0,0,0,5660,5660,0.00
March 31 2018,Santa Fe,NM,Passenger,0,1,1,41,42,2.38
March 31 2018,Santa Rosa,FL,Passenger,1,0,1,100,101,0.99
March 31 2018,Skagit,WA,Passenger,173,154,327,89898,90225,0.36
March 31 2018,Ventura,CA,Passenger,0,1,1,331,332,0.30
March 31 2018,Volusia,FL,Passenger,0,1,1,34,35,2.86
April 30 2018,Pacific,WA,Passenger,14,19,33,15490,15523,0.21
April 30 2018,Queens,NY,Passenger,1,0,1,62,63,1.59
April 30 2018,Santa Clara,CA,Passenger,6,1,7,380,387,1.81
April 30 2018,Spokane,WA,Truck,1,0,1,92067,92068,0.00
April 30 2018,Stevens,WA,Truck,0,0,0,18508,18508,0.00
April 30 2018,Utah,UT,Passenger,0,1,1,136,137,0.73
May 31 2018,Charles,MD,Passenger,0,1,1,85,86,1.16
May 31 2018,Clay,FL,Passenger,0,1,1,96,97,1.03
May 31 2018,DeKalb,GA,Passenger,1,0,1,80,81,1.23
May 31 2018,Franklin,WA,Truck,0,0,0,18643,18643,0.00
May 31 2018,Jefferson,CO,Passenger,0,1,1,71,72,1.39
May 31 2018,King,WA,Passenger,12745,5480,18225,1369643,1387868,1.31
May 31 2018,Kitsap,WA,Truck,1,0,1,53096,53097,0.00
May 31 2018,Stevens,WA,Passenger,11,25,36,31561,31597,0.11
May 31 2018,Sumter,FL,Passenger,0,1,1,9,10,10.00
May 31 2018,Thurston,WA,Truck,0,0,0,54196,54196,0.00
May 31 2018,Travis,TX,Passenger,0,1,1,192,193,0.52
May 31 2018,Wahkiakum,WA,Passenger,1,2,3,2901,2904,0.10
May 31 2018,Walla Walla,WA,Passenger,34,42,76,35570,35646,0.21
May 31 2018,Whitman,WA,Passenger,19,27,46,22578,22624,0.20
June 30 2018,Alameda,CA,Passenger,0,1,1,346,347,0.29
June 30 2018,Brevard,FL,Passenger,0,1,1,94,95,1.05
June 30 2018,Charleston,SC,Passenger,1,0,1,128,129,0.78
June 30 2018,Clark,WA,Passenger,1009,718,1727,307976,309703,0.56
June 30 2018,District of Columbia,DC,Passenger,0,3,3,188,191,1.57
May 31 2018,Hamilton,TN,Passenger,1,0,1,23,24,4.17
May 31 2018,Hawaii,HI,Passenger,1,0,1,74,75,1.33
May 31 2018,Honolulu,HI,Passenger,2,2,4,534,538,0.74
May 31 2018,Island,WA,Passenger,187,177,364,62440,62804,0.58
May 31 2018,Jefferson,WA,Truck,0,0,0,9542,9542,0.00
May 31 2018,Klamath,OR,Passenger,1,0,1,33,34,2.94
May 31 2018,Klickitat,WA,Passenger,25,30,55,15105,15160,0.36
April 30 2018,Walla Walla,WA,Truck,0,0,0,13333,13333,0.00
April 30 2018,Whitman,WA,Truck,0,0,0,8463,8463,0.00
April 30 2018,Williamson,TX,Passenger,0,1,1,157,158,0.63
May 31 2018,Allegheny,PA,Passenger,1,0,1,73,74,1.35
May 31 2018,Benton,WA,Truck,0,0,0,40984,40984,0.00
May 31 2018,Ramsey,MN,Passenger,1,0,1,40,41,2.44
May 31 2018,San Diego,CA,Passenger,7,1,8,2587,2595,0.31
May 31 2018,Skamania,WA,Passenger,12,9,21,8706,8727,0.24
May 31 2018,Whatcom,WA,Passenger,612,281,893,147197,148090,0.60
May 31 2018,Yakima,WA,Passenger,62,84,146,163646,163792,0.09
March 31 2018,Yakima,WA,Passenger,63,81,144,162826,162970,0.09
April 30 2018,Adams,WA,Passenger,5,4,9,12524,12533,0.07
April 30 2018,Asotin,WA,Truck,0,0,0,6594,6594,0.00
May 31 2018,Manassas,VA,Passenger,0,1,1,9,10,10.00
May 31 2018,Marin,CA,Passenger,1,0,1,56,57,1.75
May 31 2018,Okanogan,WA,Truck,0,0,0,16409,16409,0.00
May 31 2018,Prince George,VA,Passenger,0,1,1,74,75,1.33
May 31 2018,Queens,NY,Passenger,1,0,1,63,64,1.56
May 31 2018,Richland,SC,Passenger,0,1,1,172,173,0.58
May 31 2018,King,WA,Truck,7,1,8,183165,183173,0.00
May 31 2018,Kitsap,WA,Passenger,780,453,1233,177902,179135,0.69
May 31 2018,Kittitas,WA,Truck,0,0,0,14022,14022,0.00
May 31 2018,Latah,ID,Passenger,0,1,1,76,77,1.30
May 31 2018,Lincoln,WA,Passenger,2,6,8,7645,7653,0.10
June 30 2018,Carroll,NH,Passenger,0,1,1,1,2,50.00
June 30 2018,Charles,MD,Passenger,0,1,1,83,84,1.19
June 30 2018,Chelan,WA,Passenger,110,53,163,53551,53714,0.30
June 30 2018,Clark,NV,Passenger,1,2,3,744,747,0.40
June 30 2018,Clay,FL,Passenger,0,1,1,96,97,1.03
June 30 2018,Dale,AL,Passenger,0,1,1,58,59,1.69
June 30 2018,Duval,FL,Passenger,1,2,3,385,388,0.77
May 31 2018,Pierce,WA,Passenger,1185,1125,2310,530500,532810,0.43
May 31 2018,Portsmouth,VA,Passenger,0,1,1,72,73,1.37
May 31 2018,Prince George's,MD,Passenger,1,1,2,182,184,1.09
May 31 2018,Canyon,ID,Passenger,0,1,1,86,87,1.15
May 31 2018,Contra Costa,CA,Passenger,0,1,1,455,456,0.22
May 31 2018,Cook,IL,Passenger,1,0,1,269,270,0.37
May 31 2018,Dallas,TX,Passenger,0,1,1,192,193,0.52
June 30 2018,Fulton,GA,Passenger,1,1,2,101,103,1.94
June 30 2018,Grays Harbor,WA,Passenger,52,58,110,46576,46686,0.24
June 30 2018,Hamilton,IN,Passenger,1,0,1,47,48,2.08
June 30 2018,Jefferson,NY,Passenger,0,1,1,227,228,0.44
May 31 2018,Virginia Beach,VA,Passenger,2,1,3,697,700,0.43
May 31 2018,Whitman,WA,Truck,0,0,0,8470,8470,0.00
May 31 2018,Williamson,TX,Passenger,0,1,1,163,164,0.61
May 31 2018,Montgomery,PA,Passenger,2,0,2,36,38,5.26
May 31 2018,Montgomery,TX,Passenger,1,0,1,64,65,1.54
May 31 2018,New London,CT,Passenger,0,1,1,254,255,0.39
May 31 2018,Orange,CA,Passenger,4,1,5,566,571,0.88
May 31 2018,Orange,FL,Passenger,2,1,3,171,174,1.72
April 30 2018,Clark,WA,Passenger,943,656,1599,306454,308053,0.52
April 30 2018,Columbia,WA,Truck,0,0,0,1523,1523,0.00
April 30 2018,DeKalb,GA,Passenger,1,0,1,82,83,1.20
April 30 2018,District of Columbia,DC,Passenger,0,3,3,192,195,1.54
April 30 2018,Ferry,WA,Passenger,2,3,5,4415,4420,0.11
June 30 2018,Ada,ID,Passenger,0,2,2,323,325,0.62
June 30 2018,Anne Arundel,MD,Passenger,0,1,1,450,451,0.22
June 30 2018,Jefferson,WA,Passenger,144,97,241,24453,24694,0.98
June 30 2018,King,WA,Truck,7,1,8,183062,183070,0.00
June 30 2018,Lee,FL,Passenger,1,0,1,56,57,1.75
June 30 2018,DeKalb,IN,Passenger,1,0,1,1,2,50.00
June 30 2018,Essex,NJ,Passenger,1,0,1,11,12,8.33
June 30 2018,Garfield,OK,Passenger,1,0,1,18,19,5.26
June 30 2018,Garfield,WA,Truck,0,0,0,950,950,0.00
May 31 2018,Garfield,OK,Passenger,1,0,1,19,20,5.00
May 31 2018,Grays Harbor,WA,Passenger,50,55,105,46410,46515,0.23
May 31 2018,Hamilton,IN,Passenger,1,0,1,47,48,2.08
May 31 2018,Jackson,OK,Passenger,1,0,1,47,48,2.08
May 31 2018,Kittitas,WA,Passenger,44,32,76,28905,28981,0.26
June 30 2018,Benton,WA,Passenger,192,199,391,131477,131868,0.30
June 30 2018,Broward,FL,Passenger,1,1,2,131,133,1.50
June 30 2018,Chelan,WA,Truck,0,0,0,21871,21871,0.00
June 30 2018,Clallam,WA,Passenger,124,112,236,49917,50153,0.47
June 30 2018,Columbia,WA,Passenger,2,2,4,2424,2428,0.16
June 30 2018,Cowlitz,WA,Passenger,55,74,129,71730,71859,0.18
June 30 2018,Cowlitz,WA,Truck,0,0,0,28463,28463,0.00
June 30 2018,Dakota,MN,Passenger,0,2,2,38,40,5.00
May 31 2018,San Juan,WA,Passenger,141,56,197,14046,14243,1.38
May 31 2018,Sedgwick,KS,Passenger,0,1,1,97,98,1.02
May 31 2018,Skagit,WA,Passenger,198,163,361,90258,90619,0.40
May 31 2018,Spokane,WA,Truck,1,0,1,92378,92379,0.00
May 31 2018,Thurston,WA,Passenger,548,468,1016,192396,193412,0.53
May 31 2018,Riverside,CA,Passenger,2,2,4,704,708,0.56
May 31 2018,San Juan,WA,Truck,0,0,0,5704,5704,0.00
May 31 2018,Santa Fe,NM,Passenger,0,1,1,42,43,2.33
May 31 2018,Tulsa,OK,Passenger,0,1,1,48,49,2.04
May 31 2018,Ventura,CA,Passenger,0,1,1,319,320,0.31
June 30 2018,Lincoln,WA,Passenger,2,6,8,7686,7694,0.10
June 30 2018,Pend Oreille,WA,Passenger,5,5,10,9547,9557,0.10
June 30 2018,Pinal,AZ,Passenger,2,0,2,206,208,0.96
June 30 2018,Lewis,WA,Truck,0,0,0,25482,25482,0.00
June 30 2018,Los Angeles,CA,Passenger,7,4,11,1147,1158,0.95
June 30 2018,Maricopa,AZ,Passenger,2,2,4,1581,1585,0.25
June 30 2018,Mason,WA,Passenger,82,92,174,45710,45884,0.38
June 30 2018,Mason,WA,Truck,0,0,0,19955,19955,0.00
June 30 2018,Monroe,IL,Passenger,1,0,1,5,6,16.67
June 30 2018,Monterey,CA,Passenger,0,2,2,187,189,1.06
June 30 2018,Moore,NC,Passenger,0,1,1,194,195,0.51
June 30 2018,Morris,NJ,Passenger,1,0,1,18,19,5.26
June 30 2018,Nantucket,MA,Passenger,1,0,1,4,5,20.00
June 30 2018,Newport,RI,Passenger,1,0,1,106,107,0.93
June 30 2018,Norfolk,VA,Passenger,2,2,4,333,337,1.19
June 30 2018,Northampton,PA,Passenger,0,1,1,66,67,1.49
May 31 2018,Washington,OR,Passenger,0,1,1,474,475,0.21
June 30 2018,Asotin,WA,Truck,0,0,0,6616,6616,0.00
June 30 2018,Beaufort,SC,Passenger,1,0,1,39,40,2.50
April 30 2018,Franklin,WA,Truck,0,0,0,18596,18596,0.00
April 30 2018,Grays Harbor,WA,Truck,0,0,0,20124,20124,0.00
April 30 2018,Howard,MD,Passenger,0,1,1,86,87,1.15
April 30 2018,Kitsap,WA,Passenger,742,441,1183,177369,178552,0.66
April 30 2018,Kittitas,WA,Truck,0,0,0,13991,13991,0.00
April 30 2018,Klickitat,WA,Truck,0,0,0,8070,8070,0.00
April 30 2018,Latah,ID,Passenger,0,1,1,78,79,1.27
June 30 2018,Honolulu,HI,Passenger,1,2,3,528,531,0.56
June 30 2018,Jefferson,WA,Truck,0,0,0,9551,9551,0.00
June 30 2018,King,WA,Passenger,13167,5678,18845,1371219,1390064,1.36
June 30 2018,Lee,AL,Passenger,1,0,1,35,36,2.78
June 30 2018,Lincoln,WA,Truck,0,0,0,4559,4559,0.00
June 30 2018,Adams,WA,Passenger,5,5,10,12617,12627,0.08
June 30 2018,Canyon,ID,Passenger,0,1,1,89,90,1.11
June 30 2018,Cape May,NJ,Passenger,0,1,1,21,22,4.55
June 30 2018,El Paso,TX,Passenger,1,0,1,521,522,0.19
June 30 2018,Fairfax,VA,Passenger,2,2,4,836,840,0.48
June 30 2018,Flathead,MT,Passenger,1,0,1,50,51,1.96
June 30 2018,Hawaii,HI,Passenger,1,0,1,71,72,1.39
June 30 2018,Island,WA,Passenger,197,188,385,62524,62909,0.61
June 30 2018,Island,WA,Truck,0,0,0,20954,20954,0.00
June 30 2018,Pima,AZ,Passenger,1,1,2,413,415,0.48
June 30 2018,Saratoga,NY,Passenger,1,1,2,64,66,3.03
June 30 2018,Snohomish,WA,Truck,1,0,1,121660,121661,0.00
June 30 2018,Clackamas,OR,Passenger,0,1,1,230,231,0.43
June 30 2018,Contra Costa,CA,Passenger,0,1,1,456,457,0.22
June 30 2018,Cook,IL,Passenger,1,0,1,265,266,0.38
June 30 2018,DeKalb,GA,Passenger,1,0,1,79,80,1.25
May 31 2018,Lee,AL,Passenger,1,0,1,33,34,2.94
May 31 2018,Lewis,WA,Truck,0,0,0,25406,25406,0.00
May 31 2018,Los Angeles,CA,Passenger,7,4,11,1154,1165,0.94
May 31 2018,Maricopa,AZ,Passenger,2,2,4,1573,1577,0.25
May 31 2018,Mason,WA,Passenger,77,93,170,45591,45761,0.37
May 31 2018,Maui,HI,Passenger,1,0,1,59,60,1.67
May 31 2018,Montgomery,MD,Passenger,1,0,1,288,289,0.35
May 31 2018,Multnomah,OR,Passenger,3,4,7,806,813,0.86
May 31 2018,Nassau,NY,Passenger,1,0,1,36,37,2.70
May 31 2018,Newport,RI,Passenger,1,0,1,110,111,0.90
May 31 2018,Okanogan,WA,Passenger,8,19,27,25886,25913,0.10
June 30 2018,Prince William,VA,Passenger,0,4,4,262,266,1.50
June 30 2018,Skamania,WA,Passenger,11,9,20,8662,8682,0.23
June 30 2018,Tulsa,OK,Passenger,0,1,1,48,49,2.04
June 30 2018,Utah,UT,Passenger,0,1,1,132,133,0.75
June 30 2018,Wahkiakum,WA,Passenger,1,2,3,2915,2918,0.10
June 30 2018,Walla Walla,WA,Passenger,34,43,77,35661,35738,0.22
June 30 2018,Marion,IN,Passenger,1,0,1,118,119,0.84
June 30 2018,Multnomah,OR,Passenger,3,4,7,801,808,0.87
June 30 2018,Nassau,NY,Passenger,2,0,2,37,39,5.13
June 30 2018,Okanogan,WA,Passenger,9,19,28,25957,25985,0.11
April 30 2018,Monroe,IL,Passenger,1,0,1,5,6,16.67
April 30 2018,Moore,NC,Passenger,0,1,1,195,196,0.51
April 30 2018,New London,CT,Passenger,0,1,1,252,253,0.40
April 30 2018,Okaloosa,FL,Passenger,1,0,1,173,174,0.57
April 30 2018,Orange,CA,Passenger,3,1,4,571,575,0.70
June 30 2018,Twin Falls,ID,Passenger,0,1,1,22,23,4.35
June 30 2018,Wahkiakum,WA,Truck,0,0,0,1675,1675,0.00
June 30 2018,Washoe,NV,Passenger,1,0,1,118,119,0.84
June 30 2018,Washtenaw,MI,Passenger,1,0,1,38,39,2.56
June 30 2018,Whatcom,WA,Passenger,631,301,932,147658,148590,0.63
July 31 2018,,,Passenger,2,1,3,446,449,0.67
June 30 2018,Clallam,WA,Truck,0,0,0,21440,21440,0.00
June 30 2018,Cochise,AZ,Passenger,0,1,1,122,123,0.81
June 30 2018,Dallas,TX,Passenger,0,1,1,195,196,0.51
June 30 2018,Douglas,WA,Passenger,43,31,74,27648,27722,0.27
June 30 2018,Franklin,WA,Truck,0,0,0,18662,18662,0.00
June 30 2018,Frederick,MD,Passenger,0,1,1,85,86,1.16
June 30 2018,Garfield,WA,Passenger,1,1,2,1316,1318,0.15
June 30 2018,Grant,WA,Passenger,31,45,76,63140,63216,0.12
June 30 2018,Grays Harbor,WA,Truck,0,0,0,20219,20219,0.00
May 31 2018,San Francisco,CA,Passenger,0,1,1,128,129,0.78
May 31 2018,Sangamon,IL,Passenger,1,0,1,11,12,8.33
May 31 2018,Santa Clara,CA,Passenger,7,0,7,382,389,1.80
May 31 2018,Santa Rosa,FL,Passenger,1,0,1,97,98,1.02
May 31 2018,Saratoga,NY,Passenger,1,1,2,64,66,3.03
May 31 2018,Skamania,WA,Truck,0,0,0,3917,3917,0.00
May 31 2018,Snohomish,WA,Truck,1,0,1,121487,121488,0.00
June 30 2018,Queens,NY,Passenger,1,0,1,61,62,1.61
June 30 2018,San Francisco,CA,Passenger,1,1,2,129,131,1.53
June 30 2018,Shelby,TN,Passenger,0,1,1,102,103,0.97
June 30 2018,Skamania,WA,Truck,0,0,0,3946,3946,0.00
June 30 2018,St. Clair,IL,Passenger,0,1,1,154,155,0.65
June 30 2018,St. Mary's,MD,Passenger,1,0,1,219,220,0.45
June 30 2018,Virginia Beach,VA,Passenger,2,1,3,698,701,0.43
June 30 2018,Volusia,FL,Passenger,0,1,1,33,34,2.94
June 30 2018,Ferry,WA,Passenger,3,3,6,4426,4432,0.14
June 30 2018,Ferry,WA,Truck,0,0,0,3512,3512,0.00
June 30 2018,Franklin,WA,Passenger,39,66,105,57858,57963,0.18
June 30 2018,Grant,WA,Truck,0,0,0,25920,25920,0.00
June 30 2018,Hennepin,MN,Passenger,1,0,1,107,108,0.93
June 30 2018,Howard,MD,Passenger,0,1,1,89,90,1.11
July 31 2018,Adams,WA,Truck,0,0,0,5161,5161,0.00
July 31 2018,Anne Arundel,MD,Passenger,0,1,1,451,452,0.22
July 31 2018,Benton,WA,Truck,0,0,0,41092,41092,0.00
July 31 2018,Chelan,WA,Truck,0,0,0,21949,21949,0.00
July 31 2018,Clark,WA,Truck,0,0,0,79242,79242,0.00
June 30 2018,Jackson,OK,Passenger,1,0,1,45,46,2.17
June 30 2018,Latah,ID,Passenger,0,1,1,74,75,1.33
June 30 2018,Klickitat,WA,Passenger,25,30,55,15164,15219,0.36
June 30 2018,Klickitat,WA,Truck,0,0,0,8117,8117,0.00
June 30 2018,Kootenai,ID,Passenger,0,1,1,219,220,0.45
June 30 2018,Manatee,FL,Passenger,1,0,1,37,38,2.63
June 30 2018,Pacific,WA,Passenger,17,20,37,15574,15611,0.24
June 30 2018,Pierce,WA,Passenger,1228,1173,2401,532303,534704,0.45
June 30 2018,Pierce,WA,Truck,0,0,0,137816,137816,0.00
July 31 2018,Camden,NJ,Passenger,0,1,1,32,33,3.03
July 31 2018,Cape May,NJ,Passenger,0,1,1,21,22,4.55
July 31 2018,Clark,NV,Passenger,1,2,3,741,744,0.40
July 31 2018,Collin,TX,Passenger,1,0,1,157,158,0.63
July 31 2018,Dale,AL,Passenger,0,1,1,60,61,1.64
July 31 2018,Deschutes,OR,Passenger,1,0,1,164,165,0.61
July 31 2018,Duval,FL,Passenger,1,2,3,386,389,0.77
April 30 2018,Pima,AZ,Passenger,1,1,2,417,419,0.48
April 30 2018,Polk,FL,Passenger,1,0,1,63,64,1.56
April 30 2018,Riverside,CA,Passenger,2,2,4,707,711,0.56
April 30 2018,Sacramento,CA,Passenger,1,0,1,300,301,0.33
April 30 2018,San Juan,WA,Truck,0,0,0,5700,5700,0.00
April 30 2018,San Mateo,CA,Passenger,1,1,2,134,136,1.47
April 30 2018,Santa Fe,NM,Passenger,0,1,1,41,42,2.38
April 30 2018,St. Lucie,FL,Passenger,1,0,1,26,27,3.70
April 30 2018,Stevens,WA,Passenger,10,24,34,31582,31616,0.11
April 30 2018,Sumter,FL,Passenger,0,1,1,10,11,9.09
April 30 2018,Thurston,WA,Truck,0,0,0,54062,54062,0.00
April 30 2018,Travis,TX,Passenger,0,1,1,190,191,0.52
May 31 2018,Tuolumne,CA,Passenger,0,1,1,12,13,7.69
May 31 2018,Twin Falls,ID,Passenger,0,1,1,23,24,4.17
May 31 2018,Volusia,FL,Passenger,0,1,1,34,35,2.86
May 31 2018,Wahkiakum,WA,Truck,0,0,0,1674,1674,0.00
May 31 2018,Walla Walla,WA,Truck,0,0,0,13390,13390,0.00
May 31 2018,Washtenaw,MI,Passenger,1,0,1,38,39,2.56
June 30 2018,,,Passenger,2,1,3,442,445,0.67
June 30 2018,Bexar,TX,Passenger,2,4,6,752,758,0.79
June 30 2018,Manassas,VA,Passenger,0,1,1,9,10,10.00
June 30 2018,Marin,CA,Passenger,1,0,1,55,56,1.79
June 30 2018,Maui,HI,Passenger,1,0,1,56,57,1.75
June 30 2018,Montgomery,MD,Passenger,1,0,1,284,285,0.35
June 30 2018,Montgomery,TX,Passenger,1,0,1,63,64,1.56
June 30 2018,New London,CT,Passenger,0,1,1,254,255,0.39
June 30 2018,Orange,FL,Passenger,2,1,3,174,177,1.69
June 30 2018,Pend Oreille,WA,Truck,0,0,0,5682,5682,0.00
June 30 2018,Kitsap,WA,Passenger,796,460,1256,178530,179786,0.70
June 30 2018,Kittitas,WA,Passenger,47,32,79,28926,29005,0.27
June 30 2018,Klamath,OR,Passenger,1,0,1,34,35,2.86
June 30 2018,Montgomery,PA,Passenger,2,0,2,34,36,5.56
June 30 2018,Walla Walla,WA,Truck,0,0,0,13417,13417,0.00
June 30 2018,Washington,OR,Passenger,0,1,1,477,478,0.21
June 30 2018,Yakima,WA,Truck,0,0,0,58490,58490,0.00
July 31 2018,Alameda,CA,Passenger,0,1,1,342,343,0.29
July 31 2018,Arlington,VA,Passenger,1,2,3,175,178,1.69
July 31 2018,Caddo,LA,Passenger,0,1,1,22,23,4.35
July 31 2018,Ferry,WA,Truck,0,0,0,3535,3535,0.00
July 31 2018,Jefferson,WA,Passenger,147,99,246,24581,24827,0.99
July 31 2018,Jefferson,WA,Truck,0,0,0,9591,9591,0.00
July 31 2018,Douglas,WA,Truck,0,0,0,11970,11970,0.00
July 31 2018,DuPage,IL,Passenger,1,0,1,62,63,1.59
July 31 2018,El Paso,TX,Passenger,1,0,1,512,513,0.19
July 31 2018,Franklin,MA,Passenger,0,1,1,1,2,50.00
July 31 2018,Garfield,WA,Truck,0,0,0,956,956,0.00
July 31 2018,Gwinnett,GA,Passenger,0,1,1,82,83,1.20
July 31 2018,Honolulu,HI,Passenger,1,2,3,531,534,0.56
June 30 2018,Caddo,LA,Passenger,0,1,1,23,24,4.17
June 30 2018,Collin,TX,Passenger,1,0,1,155,156,0.64
June 30 2018,Columbia,WA,Truck,0,0,0,1527,1527,0.00
June 30 2018,Deschutes,OR,Passenger,1,0,1,167,168,0.60
July 31 2018,Jefferson,CO,Passenger,0,1,1,67,68,1.47
July 31 2018,Lee,AL,Passenger,1,0,1,37,38,2.63
July 31 2018,Lumpkin,GA,Passenger,1,0,1,7,8,12.50
July 31 2018,Madison,ID,Passenger,1,0,1,40,41,2.44
April 30 2018,Ventura,CA,Passenger,0,1,1,323,324,0.31
April 30 2018,Whitman,WA,Passenger,20,24,44,22555,22599,0.19
May 31 2018,Ada,ID,Passenger,0,2,2,332,334,0.60
May 31 2018,Broward,FL,Passenger,1,1,2,130,132,1.52
July 31 2018,Lane,OR,Passenger,0,1,1,185,186,0.54
June 30 2018,Polk,FL,Passenger,1,0,1,66,67,1.49
June 30 2018,Prince George's,MD,Passenger,1,1,2,183,185,1.08
June 30 2018,San Mateo,CA,Passenger,1,1,2,132,134,1.49
June 30 2018,Skagit,WA,Passenger,206,166,372,90493,90865,0.41
June 30 2018,Skagit,WA,Truck,1,0,1,32044,32045,0.00
June 30 2018,Spokane,WA,Truck,1,0,1,92644,92645,0.00
June 30 2018,St. Lucie,FL,Passenger,1,0,1,28,29,3.45
June 30 2018,Stevens,WA,Passenger,11,25,36,31635,31671,0.11
June 30 2018,Prince George,VA,Passenger,0,1,1,75,76,1.32
June 30 2018,Ramsey,MN,Passenger,1,0,1,39,40,2.50
June 30 2018,San Diego,CA,Passenger,7,1,8,2592,2600,0.31
June 30 2018,San Juan,WA,Truck,0,0,0,5715,5715,0.00
June 30 2018,Santa Fe,NM,Passenger,0,1,1,43,44,2.27
June 30 2018,Santa Rosa,FL,Passenger,1,0,1,96,97,1.03
June 30 2018,Kittitas,WA,Truck,0,0,0,14055,14055,0.00
May 31 2018,Dakota,MN,Passenger,0,2,2,37,39,5.13
May 31 2018,DeKalb,IN,Passenger,1,0,1,1,2,50.00
May 31 2018,Essex,NJ,Passenger,1,0,1,10,11,9.09
May 31 2018,Fulton,GA,Passenger,1,1,2,98,100,2.00
June 30 2018,Whatcom,WA,Truck,2,0,2,42281,42283,0.00
July 31 2018,Ada,ID,Passenger,0,2,2,321,323,0.62
July 31 2018,Nassau,NY,Passenger,2,0,2,37,39,5.13
July 31 2018,Okanogan,WA,Passenger,9,20,29,26028,26057,0.11
July 31 2018,Queens,NY,Passenger,1,0,1,61,62,1.61
July 31 2018,Richland,SC,Passenger,0,1,1,171,172,0.58
July 31 2018,San Juan,PR,Passenger,0,1,1,4,5,20.00
July 31 2018,Saratoga,NY,Passenger,1,1,2,63,65,3.08
July 31 2018,Orleans,LA,Passenger,0,1,1,47,48,2.08
July 31 2018,Pacific,WA,Truck,0,0,0,7612,7612,0.00
July 31 2018,Palm Beach,FL,Passenger,0,1,1,81,82,1.22
July 31 2018,Pinal,AZ,Passenger,2,0,2,206,208,0.96
July 31 2018,Prince William,VA,Passenger,0,4,4,263,267,1.50
July 31 2018,Sedgwick,KS,Passenger,0,1,1,99,100,1.00
July 31 2018,St. Mary's,MD,Passenger,1,0,1,220,221,0.45
June 30 2018,Norfolk,MA,Passenger,1,0,1,38,39,2.56
June 30 2018,Orange,CA,Passenger,4,1,5,561,566,0.88
June 30 2018,Orleans,LA,Passenger,0,1,1,47,48,2.08
June 30 2018,Riverside,CA,Passenger,2,2,4,700,704,0.57
June 30 2018,Sacramento,CA,Passenger,1,0,1,301,302,0.33
June 30 2018,San Juan,WA,Passenger,145,61,206,14069,14275,1.44
June 30 2018,Sangamon,IL,Passenger,1,0,1,11,12,8.33
June 30 2018,Santa Clara,CA,Passenger,7,0,7,376,383,1.83
June 30 2018,Sedgwick,KS,Passenger,0,1,1,99,100,1.00
July 31 2018,Charles,MD,Passenger,0,1,1,83,84,1.19
July 31 2018,Charleston,SC,Passenger,1,0,1,131,132,0.76
July 31 2018,Chelan,WA,Passenger,112,52,164,53572,53736,0.31
July 31 2018,Clallam,WA,Passenger,127,111,238,49983,50221,0.47
July 31 2018,Clallam,WA,Truck,0,0,0,21475,21475,0.00
July 31 2018,Clay,FL,Passenger,0,1,1,94,95,1.05
July 31 2018,Fairfax,VA,Passenger,2,2,4,838,842,0.48
June 30 2018,Okaloosa,FL,Passenger,1,0,1,172,173,0.58
June 30 2018,Okanogan,WA,Truck,0,0,0,16431,16431,0.00
June 30 2018,Pacific,WA,Truck,0,0,0,7601,7601,0.00
July 31 2018,Stevens,WA,Truck,0,0,0,18648,18648,0.00
July 31 2018,Twin Falls,ID,Passenger,0,1,1,23,24,4.17
July 31 2018,Wahkiakum,WA,Truck,0,0,0,1681,1681,0.00
July 31 2018,Walla Walla,WA,Truck,0,0,0,13468,13468,0.00
July 31 2018,Washoe,NV,Passenger,1,0,1,119,120,0.83
July 31 2018,Whitman,WA,Truck,0,0,0,8496,8496,0.00
July 31 2018,Williamson,TX,Passenger,0,1,1,161,162,0.62
August 31 2018,Allegheny,PA,Passenger,1,0,1,76,77,1.30
June 30 2018,Portsmouth,VA,Passenger,0,1,1,73,74,1.35
June 30 2018,Richmond,GA,Passenger,0,1,1,93,94,1.06
June 30 2018,Tarrant,TX,Passenger,1,0,1,219,220,0.45
June 30 2018,Ventura,CA,Passenger,0,2,2,325,327,0.61
May 31 2018,Island,WA,Truck,0,0,0,20883,20883,0.00
May 31 2018,Jefferson,NY,Passenger,1,1,2,230,232,0.86
May 31 2018,Juneau,AK,Passenger,0,1,1,47,48,2.08
May 31 2018,Kent,MI,Passenger,0,1,1,30,31,3.23
May 31 2018,Kootenai,ID,Passenger,0,1,1,220,221,0.45
May 31 2018,Lane,OR,Passenger,0,1,1,189,190,0.53
May 31 2018,Lewis,WA,Passenger,78,54,132,57562,57694,0.23
July 31 2018,Contra Costa,CA,Passenger,0,1,1,453,454,0.22
July 31 2018,Cook,IL,Passenger,1,0,1,257,258,0.39
July 31 2018,Dallas,TX,Passenger,0,1,1,197,198,0.51
July 31 2018,Douglas,WA,Passenger,43,32,75,27717,27792,0.27
July 31 2018,Frederick,MD,Passenger,0,1,1,86,87,1.15
July 31 2018,Garfield,OK,Passenger,1,0,1,17,18,5.56
June 30 2018,Yakima,WA,Passenger,60,88,148,163781,163929,0.09
July 31 2018,Adams,WA,Passenger,5,5,10,12642,12652,0.08
July 31 2018,Asotin,WA,Truck,0,0,0,6627,6627,0.00
July 31 2018,Benton,WA,Passenger,193,197,390,131736,132126,0.30
July 31 2018,Thurston,WA,Passenger,577,497,1074,193764,194838,0.55
July 31 2018,Washington,OR,Passenger,0,1,1,476,477,0.21
August 31 2018,Asotin,WA,Passenger,11,8,19,12663,12682,0.15
August 31 2018,Bexar,TX,Passenger,3,4,7,738,745,0.94
July 31 2018,King,WA,Truck,7,1,8,182989,182997,0.00
July 31 2018,Klickitat,WA,Passenger,24,31,55,15218,15273,0.36
July 31 2018,Manassas,VA,Passenger,0,1,1,9,10,10.00
July 31 2018,Maricopa,AZ,Passenger,2,2,4,1568,1572,0.25
July 31 2018,Marin,CA,Passenger,1,0,1,55,56,1.79
July 31 2018,Grant,WA,Truck,0,0,0,25942,25942,0.00
July 31 2018,Hardin,KY,Passenger,0,1,1,121,122,0.82
July 31 2018,Hennepin,MN,Passenger,1,0,1,107,108,0.93
July 31 2018,Juneau,AK,Passenger,0,1,1,48,49,2.04
July 31 2018,Lee,FL,Passenger,1,0,1,57,58,1.72
July 31 2018,Bexar,TX,Passenger,2,4,6,743,749,0.80
June 30 2018,Sumter,FL,Passenger,0,1,1,9,10,10.00
June 30 2018,Thurston,WA,Passenger,572,481,1053,193041,194094,0.54
June 30 2018,Thurston,WA,Truck,0,0,0,54322,54322,0.00
June 30 2018,Travis,TX,Passenger,0,1,1,188,189,0.53
June 30 2018,Tuolumne,CA,Passenger,0,1,1,11,12,8.33
June 30 2018,Whitman,WA,Passenger,19,28,47,22601,22648,0.21
July 31 2018,Asotin,WA,Passenger,11,8,19,12637,12656,0.15
July 31 2018,Nantucket,MA,Passenger,1,0,1,4,5,20.00
July 31 2018,Prince George's,MD,Passenger,1,1,2,184,186,1.08
August 31 2018,Caddo,LA,Passenger,0,1,1,23,24,4.17
August 31 2018,DeKalb,GA,Passenger,1,0,1,78,79,1.27
August 31 2018,El Paso,CO,Passenger,3,1,4,771,775,0.52
May 31 2018,Lincoln,WA,Truck,0,0,0,4537,4537,0.00
May 31 2018,Manatee,FL,Passenger,1,0,1,37,38,2.63
May 31 2018,Marion,IN,Passenger,1,0,1,118,119,0.84
May 31 2018,Mason,WA,Truck,0,0,0,19874,19874,0.00
May 31 2018,Morris,NJ,Passenger,1,0,1,18,19,5.26
May 31 2018,New Haven,CT,Passenger,0,1,1,50,51,1.96
May 31 2018,Norfolk,VA,Passenger,1,2,3,331,334,0.90
May 31 2018,Nueces,TX,Passenger,1,1,2,92,94,2.13
August 31 2018,Carson City,NV,Passenger,1,0,1,14,15,6.67
August 31 2018,Clackamas,OR,Passenger,0,1,1,223,224,0.45
August 31 2018,Columbia,WA,Passenger,2,2,4,2415,2419,0.17
August 31 2018,Contra Costa,CA,Passenger,0,1,1,445,446,0.22
August 31 2018,Cook,IL,Passenger,1,0,1,252,253,0.40
August 31 2018,Cumberland,NC,Passenger,0,1,1,537,538,0.19
July 31 2018,Columbia,WA,Truck,0,0,0,1530,1530,0.00
July 31 2018,Cowlitz,WA,Truck,0,0,0,28562,28562,0.00
July 31 2018,Dakota,MN,Passenger,0,2,2,35,37,5.41
July 31 2018,DeKalb,IN,Passenger,1,0,1,1,2,50.00
July 31 2018,Essex,NJ,Passenger,1,0,1,11,12,8.33
July 31 2018,Franklin,WA,Truck,0,0,0,18740,18740,0.00
July 31 2018,Garfield,WA,Passenger,1,1,2,1320,1322,0.15
July 31 2018,Tulsa,OK,Passenger,1,1,2,47,49,4.08
July 31 2018,Wahkiakum,WA,Passenger,1,1,2,2938,2940,0.07
July 31 2018,Washtenaw,MI,Passenger,1,0,1,38,39,2.56
July 31 2018,Beaufort,SC,Passenger,1,0,1,38,39,2.56
July 31 2018,Broward,FL,Passenger,1,1,2,131,133,1.50
July 31 2018,Cowlitz,WA,Passenger,57,77,134,71869,72003,0.19
July 31 2018,Clark,WA,Passenger,1042,743,1785,308659,310444,0.57
July 31 2018,Cochise,AZ,Passenger,0,1,1,119,120,0.83
July 31 2018,DeKalb,GA,Passenger,1,0,1,78,79,1.27
July 31 2018,District of Columbia,DC,Passenger,0,3,3,192,195,1.54
July 31 2018,Maui,HI,Passenger,1,0,1,56,57,1.75
July 31 2018,Montgomery,MD,Passenger,1,0,1,286,287,0.35
July 31 2018,Multnomah,OR,Passenger,3,4,7,791,798,0.88
July 31 2018,New Haven,CT,Passenger,0,1,1,48,49,2.04
July 31 2018,Norfolk,MA,Passenger,1,0,1,38,39,2.56
July 31 2018,Pend Oreille,WA,Truck,0,0,0,5699,5699,0.00
August 31 2018,Clark,WA,Truck,0,0,0,79303,79303,0.00
August 31 2018,Collin,TX,Passenger,1,0,1,151,152,0.66
August 31 2018,Columbia,WA,Truck,0,0,0,1535,1535,0.00
August 31 2018,Garfield,WA,Truck,0,0,0,956,956,0.00
August 31 2018,Houston,GA,Passenger,1,0,1,54,55,1.82
August 31 2018,King,WA,Passenger,13802,5938,19740,1373804,1393544,1.42
August 31 2018,King,WA,Truck,7,1,8,183002,183010,0.00
August 31 2018,Kittitas,WA,Truck,0,0,0,14113,14113,0.00
August 31 2018,Ferry,WA,Truck,0,0,0,3551,3551,0.00
August 31 2018,Franklin,WA,Passenger,36,65,101,58371,58472,0.17
August 31 2018,Grays Harbor,WA,Passenger,54,65,119,46991,47110,0.25
August 31 2018,Hennepin,MN,Passenger,1,0,1,109,110,0.91
July 31 2018,El Paso,CO,Passenger,2,1,3,768,771,0.39
July 31 2018,Flathead,MT,Passenger,1,0,1,49,50,2.00
July 31 2018,Hamilton,IN,Passenger,1,0,1,47,48,2.08
July 31 2018,Hawaii,HI,Passenger,1,0,1,73,74,1.35
July 31 2018,Island,WA,Passenger,206,194,400,62576,62976,0.64
July 31 2018,Jackson,OK,Passenger,1,0,1,45,46,2.17
July 31 2018,Kent,MI,Passenger,0,1,1,28,29,3.45
July 31 2018,Howard,MD,Passenger,0,1,1,88,89,1.12
July 31 2018,Island,WA,Truck,0,0,0,20993,20993,0.00
July 31 2018,Kitsap,WA,Passenger,809,473,1282,178850,180132,0.71
July 31 2018,Klickitat,WA,Truck,0,0,0,8126,8126,0.00
July 31 2018,Kootenai,ID,Passenger,0,1,1,220,221,0.45
July 31 2018,Latah,ID,Passenger,0,1,1,72,73,1.37
July 31 2018,Lincoln,WA,Truck,0,0,0,4557,4557,0.00
July 31 2018,Marion,IN,Passenger,1,0,1,119,120,0.83
May 31 2018,Pierce,WA,Truck,0,0,0,137525,137525,0.00
May 31 2018,Shelby,TN,Passenger,0,1,1,103,104,0.96
May 31 2018,Skagit,WA,Truck,1,0,1,32046,32047,0.00
May 31 2018,Snohomish,WA,Passenger,2280,1223,3503,520058,523561,0.67
May 31 2018,Spokane,WA,Passenger,324,302,626,302459,303085,0.21
May 31 2018,St. Clair,IL,Passenger,0,1,1,153,154,0.65
July 31 2018,Ramsey,MN,Passenger,1,0,1,40,41,2.44
July 31 2018,San Diego,CA,Passenger,7,1,8,2582,2590,0.31
July 31 2018,San Francisco,CA,Passenger,1,1,2,124,126,1.59
July 31 2018,Sangamon,IL,Passenger,1,0,1,11,12,8.33
July 31 2018,Santa Rosa,FL,Passenger,1,0,1,94,95,1.05
July 31 2018,Skamania,WA,Passenger,13,9,22,8637,8659,0.25
July 31 2018,Skamania,WA,Truck,0,0,0,3960,3960,0.00
July 31 2018,St. Clair,IL,Passenger,0,1,1,153,154,0.65
July 31 2018,Ferry,WA,Passenger,3,3,6,4425,4431,0.14
July 31 2018,Fulton,GA,Passenger,1,2,3,106,109,2.75
July 31 2018,Grant,WA,Passenger,33,47,80,63265,63345,0.13
July 31 2018,Grays Harbor,WA,Truck,0,0,0,20220,20220,0.00
July 31 2018,Jefferson,NY,Passenger,0,1,1,230,231,0.43
July 31 2018,King,WA,Passenger,13479,5802,19281,1372526,1391807,1.39
August 31 2018,Lincoln,WA,Passenger,3,6,9,7749,7758,0.12
August 31 2018,Montgomery,PA,Passenger,2,0,2,36,38,5.26
August 31 2018,Okanogan,WA,Truck,0,0,0,16469,16469,0.00
August 31 2018,Dallas,TX,Passenger,0,1,1,200,201,0.50
August 31 2018,Douglas,WA,Truck,0,0,0,12027,12027,0.00
August 31 2018,El Paso,TX,Passenger,1,0,1,511,512,0.20
August 31 2018,Franklin,MA,Passenger,0,1,1,1,2,50.00
August 31 2018,Grays Harbor,WA,Truck,0,0,0,20302,20302,0.00
August 31 2018,Gwinnett,GA,Passenger,0,1,1,82,83,1.20
August 31 2018,Hardin,KY,Passenger,0,1,1,121,122,0.82
July 31 2018,New London,CT,Passenger,0,1,1,252,253,0.40
July 31 2018,Orange,CA,Passenger,4,1,5,558,563,0.89
July 31 2018,Pierce,WA,Truck,0,0,0,138063,138063,0.00
July 31 2018,Polk,FL,Passenger,1,0,1,65,66,1.52
July 31 2018,Prince George,VA,Passenger,0,1,1,77,78,1.28
July 31 2018,Kitsap,WA,Truck,1,0,1,53377,53378,0.00
July 31 2018,Lewis,WA,Passenger,83,59,142,57809,57951,0.25
July 31 2018,Manatee,FL,Passenger,1,0,1,37,38,2.63
July 31 2018,Mason,WA,Passenger,87,93,180,45863,46043,0.39
July 31 2018,Montgomery,TX,Passenger,1,0,1,62,63,1.59
July 31 2018,Newport,RI,Passenger,1,0,1,104,105,0.95
July 31 2018,Norfolk,VA,Passenger,2,2,4,332,336,1.19
July 31 2018,Nueces,TX,Passenger,1,1,2,89,91,2.20
July 31 2018,Orange,FL,Passenger,2,1,3,172,175,1.71
May 31 2018,Whatcom,WA,Truck,2,0,2,42187,42189,0.00
May 31 2018,Yakima,WA,Truck,0,0,0,58341,58341,0.00
June 30 2018,Adams,WA,Truck,0,0,0,5165,5165,0.00
June 30 2018,Asotin,WA,Passenger,9,6,15,12602,12617,0.12
August 31 2018,Kittitas,WA,Passenger,51,34,85,29121,29206,0.29
August 31 2018,Klamath,OR,Passenger,1,0,1,33,34,2.94
August 31 2018,Klickitat,WA,Passenger,24,32,56,15281,15337,0.37
August 31 2018,Lewis,WA,Truck,0,0,0,25608,25608,0.00
August 31 2018,Los Angeles,CA,Passenger,7,4,11,1133,1144,0.96
August 31 2018,Maricopa,AZ,Passenger,2,2,4,1560,1564,0.26
August 31 2018,Maui,HI,Passenger,1,0,1,55,56,1.79
August 31 2018,Montgomery,MD,Passenger,1,0,1,285,286,0.35
August 31 2018,Queens,NY,Passenger,1,0,1,61,62,1.61
August 31 2018,Ventura,CA,Passenger,0,2,2,319,321,0.62
August 31 2018,Virginia Beach,VA,Passenger,2,1,3,707,710,0.42
August 31 2018,Klickitat,WA,Truck,0,0,0,8158,8158,0.00
August 31 2018,Lumpkin,GA,Passenger,1,0,1,7,8,12.50
August 31 2018,Madison,ID,Passenger,1,0,1,36,37,2.70
August 31 2018,Middlesex,MA,Passenger,0,1,1,141,142,0.70
August 31 2018,Moore,NC,Passenger,0,1,1,198,199,0.50
July 31 2018,Kittitas,WA,Truck,0,0,0,14053,14053,0.00
July 31 2018,Mason,WA,Truck,0,0,0,20050,20050,0.00
July 31 2018,Monroe,IL,Passenger,1,0,1,5,6,16.67
July 31 2018,Monterey,CA,Passenger,0,2,2,186,188,1.06
July 31 2018,Moore,NC,Passenger,0,1,1,197,198,0.51
June 30 2021,Pend Oreille,WA,Passenger,14,7,21,9268,9289,0.23
June 30 2021,Pierce,WA,Truck,0,0,0,146071,146071,0.00
June 30 2021,Plaquemines,LA,Passenger,0,1,1,16,17,5.88
June 30 2021,Powhatan,VA,Passenger,1,0,1,1,2,50.00
June 30 2021,Ray,MO,Passenger,0,1,1,1,2,50.00
June 30 2021,Richmond,GA,Passenger,0,1,1,81,82,1.22
June 30 2021,San Joaquin,CA,Passenger,1,0,1,106,107,0.93
June 30 2021,Skagit,WA,Truck,1,0,1,33029,33030,0.00
June 30 2021,Snohomish,WA,Truck,1,0,1,126281,126282,0.00
June 30 2021,Spartanburg,SC,Passenger,0,1,1,50,51,1.96
June 30 2021,Spokane,WA,Truck,0,0,0,102355,102355,0.00
June 30 2021,Suffolk,MA,Passenger,0,2,2,30,32,6.25
June 30 2021,Lincoln,WA,Passenger,5,13,18,7738,7756,0.23
June 30 2021,Montgomery,PA,Passenger,1,0,1,24,25,4.00
June 30 2021,Nassau,NY,Passenger,2,0,2,26,28,7.14
June 30 2021,Okanogan,WA,Passenger,63,38,101,26515,26616,0.38
June 30 2021,Okanogan,WA,Truck,0,0,0,16758,16758,0.00
June 30 2021,Penobscot,ME,Passenger,0,1,1,8,9,11.11
July 31 2021,Denver,CO,Passenger,1,0,1,116,117,0.85
July 31 2021,Douglas,OR,Passenger,1,0,1,28,29,3.45
July 31 2021,Douglas,WA,Truck,0,0,0,12698,12698,0.00
July 31 2021,El Dorado,CA,Passenger,1,0,1,30,31,3.23
July 31 2021,El Paso,CO,Passenger,3,0,3,688,691,0.43
July 31 2021,El Paso,TX,Passenger,3,0,3,369,372,0.81
July 31 2021,Garfield,WA,Truck,0,0,0,1003,1003,0.00
June 30 2021,Mason,WA,Passenger,215,141,356,48180,48536,0.73
June 30 2021,Milwaukee,WI,Passenger,1,0,1,39,40,2.50
June 30 2021,Montgomery,TX,Passenger,1,1,2,40,42,4.76
June 30 2021,Multnomah,OR,Passenger,2,5,7,640,647,1.08
June 30 2021,Newport,RI,Passenger,1,0,1,77,78,1.28
June 30 2021,Orange,FL,Passenger,1,0,1,111,112,0.89
June 30 2021,Pacific,WA,Truck,0,0,0,7966,7966,0.00
June 30 2021,Pend Oreille,WA,Truck,0,0,0,5748,5748,0.00
June 30 2021,Pierce,WA,Passenger,3472,1998,5470,560533,566003,0.97
June 30 2021,Placer,CA,Passenger,2,0,2,78,80,2.50
June 30 2021,Portsmouth,VA,Passenger,0,1,1,77,78,1.28
August 31 2021,Grant,WA,Passenger,123,96,219,66869,67088,0.33
August 31 2021,Grant,WA,Truck,0,0,0,28002,28002,0.00
August 31 2021,Grays Harbor,WA,Truck,0,0,0,21394,21394,0.00
August 31 2021,Hillsborough,FL,Passenger,0,1,1,143,144,0.69
August 31 2021,Juneau,AK,Passenger,0,1,1,26,27,3.70
August 31 2021,Lee,FL,Passenger,1,0,1,34,35,2.86
August 31 2021,Louisa,VA,Passenger,0,1,1,1,2,50.00
August 31 2021,Yakima,WA,Truck,0,0,0,61777,61777,0.00
September 30 2021,Adams,WA,Truck,0,0,0,5403,5403,0.00
September 30 2021,Allen,IN,Passenger,1,0,1,15,16,6.25
September 30 2021,Asotin,WA,Passenger,20,17,37,12739,12776,0.29
September 30 2021,Boone,MO,Passenger,0,1,1,9,10,10.00
September 30 2021,Broward,FL,Passenger,2,0,2,99,101,1.98
September 30 2021,Camden,NJ,Passenger,0,1,1,14,15,6.67
August 31 2021,Saginaw,MI,Passenger,1,0,1,6,7,14.29
August 31 2021,Salt Lake,UT,Passenger,0,2,2,157,159,1.26
August 31 2021,San Juan,WA,Truck,0,0,0,5976,5976,0.00
August 31 2021,Skagit,WA,Passenger,620,287,907,91730,92637,0.98
August 31 2021,Ventura,CA,Passenger,1,2,3,258,261,1.15
August 31 2021,Wahkiakum,WA,Passenger,16,8,24,3079,3103,0.77
June 30 2021,Queens,NY,Passenger,2,0,2,48,50,4.00
June 30 2021,Sacramento,CA,Passenger,2,0,2,218,220,0.91
June 30 2021,San Francisco,CA,Passenger,0,1,1,83,84,1.19
June 30 2021,Santa Clara,CA,Passenger,8,2,10,248,258,3.88
June 30 2021,Suffolk,VA,Passenger,1,0,1,124,125,0.80
June 30 2021,Travis,TX,Passenger,3,3,6,158,164,3.66
June 30 2021,Ventura,CA,Passenger,1,2,3,263,266,1.13
June 30 2021,Virginia Beach,VA,Passenger,3,0,3,626,629,0.48
June 30 2021,Walla Walla,WA,Truck,0,0,0,14079,14079,0.00
June 30 2021,Washington,MD,Passenger,1,0,1,13,14,7.14
August 31 2021,Middlesex,MA,Passenger,1,1,2,96,98,2.04
August 31 2021,Milwaukee,WI,Passenger,1,0,1,39,40,2.50
August 31 2021,Montgomery,MD,Passenger,3,1,4,211,215,1.86
August 31 2021,New Haven,CT,Passenger,0,2,2,29,31,6.45
August 31 2021,Onslow,NC,Passenger,0,1,1,179,180,0.56
August 31 2021,Pend Oreille,WA,Truck,0,0,0,5726,5726,0.00
August 31 2021,Placer,CA,Passenger,2,0,2,71,73,2.74
August 31 2021,RÃ­o Grande,PR,Passenger,1,0,1,0,1,100.00
August 31 2021,Chelan,WA,Truck,0,0,0,23088,23088,0.00
August 31 2021,Clackamas,OR,Passenger,2,0,2,171,173,1.16
August 31 2021,Columbia,WA,Passenger,7,2,9,2458,2467,0.36
August 31 2021,Cowlitz,WA,Passenger,237,152,389,72122,72511,0.54
August 31 2021,Denver,CO,Passenger,1,0,1,116,117,0.85
August 31 2021,El Paso,TX,Passenger,3,0,3,363,366,0.82
August 31 2021,Fairbanks North Star,AK,Passenger,0,1,1,82,83,1.20
August 31 2021,Ferry,WA,Truck,0,0,0,3632,3632,0.00
August 31 2021,Flathead,MT,Passenger,1,0,1,43,44,2.27
August 31 2021,Franklin,WA,Passenger,139,99,238,61959,62197,0.38
July 31 2021,Gwinnett,GA,Passenger,1,0,1,61,62,1.61
July 31 2021,Jefferson,WA,Passenger,339,183,522,24892,25414,2.05
July 31 2021,King,WA,Truck,5,1,6,184362,184368,0.00
July 31 2021,Kings,CA,Passenger,1,0,1,319,320,0.31
July 31 2021,Lake,FL,Passenger,1,0,1,23,24,4.17
July 31 2021,Lincoln,WA,Passenger,6,15,21,7722,7743,0.27
September 30 2021,Douglas,WA,Truck,0,0,0,12715,12715,0.00
September 30 2021,DuPage,IL,Passenger,1,0,1,53,54,1.85
September 30 2021,El Paso,CO,Passenger,3,0,3,681,684,0.44
September 30 2021,Juneau,AK,Passenger,0,1,1,26,27,3.70
June 30 2021,Whatcom,WA,Passenger,1419,603,2022,150861,152883,1.32
June 30 2021,Whatcom,WA,Truck,4,0,4,43905,43909,0.01
June 30 2021,Wichita,TX,Passenger,1,0,1,40,41,2.44
July 31 2021,Adams,WA,Passenger,16,12,28,13039,13067,0.21
July 31 2021,Alexandria,VA,Passenger,2,0,2,124,126,1.59
July 31 2021,Arapahoe,CO,Passenger,1,0,1,107,108,0.93
July 31 2021,Baltimore,MD,Passenger,1,0,1,98,99,1.01
July 31 2021,Bartow,GA,Passenger,0,1,1,3,4,25.00
July 31 2021,Boulder,CO,Passenger,0,1,1,39,40,2.50
July 31 2021,Bucks,PA,Passenger,1,0,1,15,16,6.25
July 31 2021,Burlington,NJ,Passenger,0,1,1,125,126,0.79
June 30 2021,Saginaw,MI,Passenger,1,0,1,6,7,14.29
June 30 2021,San Juan,WA,Truck,0,0,0,5941,5941,0.00
June 30 2021,Skagit,WA,Passenger,589,274,863,91974,92837,0.93
June 30 2021,Skamania,WA,Truck,0,0,0,4028,4028,0.00
June 30 2021,St. Mary's,MD,Passenger,1,0,1,208,209,0.48
August 31 2021,Yamhill,OR,Passenger,1,0,1,32,33,3.03
September 30 2021,Adams,WA,Passenger,16,14,30,13046,13076,0.23
September 30 2021,Asotin,WA,Truck,0,0,0,6754,6754,0.00
September 30 2021,Baltimore,MD,Passenger,1,0,1,91,92,1.09
September 30 2021,Bartow,GA,Passenger,0,1,1,3,4,25.00
September 30 2021,Chesapeake,VA,Passenger,1,3,4,388,392,1.02
September 30 2021,Clackamas,OR,Passenger,2,0,2,167,169,1.18
July 31 2021,Missoula,MT,Passenger,1,0,1,54,55,1.82
July 31 2021,Montgomery,PA,Passenger,1,0,1,24,25,4.00
July 31 2021,Owyhee,ID,Passenger,1,0,1,2,3,33.33
July 31 2021,Pacific,WA,Passenger,46,53,99,16032,16131,0.61
July 31 2021,Pennington,SD,Passenger,1,0,1,31,32,3.12
July 31 2021,Penobscot,ME,Passenger,0,1,1,8,9,11.11
July 31 2021,Prince William,VA,Passenger,1,1,2,202,204,0.98
July 31 2021,Queens,NY,Passenger,2,0,2,46,48,4.17
August 31 2021,Harnett,NC,Passenger,1,1,2,165,167,1.20
August 31 2021,Hawaii,HI,Passenger,1,0,1,44,45,2.22
August 31 2021,Hidalgo,TX,Passenger,0,1,1,52,53,1.89
August 31 2021,Honolulu,HI,Passenger,5,3,8,371,379,2.11
August 31 2021,Jefferson,WA,Truck,0,0,0,9612,9612,0.00
August 31 2021,Klamath,OR,Passenger,1,0,1,26,27,3.70
August 31 2021,Klickitat,WA,Passenger,82,51,133,15363,15496,0.86
August 31 2021,San Diego,CA,Passenger,17,7,24,2539,2563,0.94
August 31 2021,Skamania,WA,Passenger,52,38,90,8387,8477,1.06
August 31 2021,St. Clair,IL,Passenger,2,0,2,133,135,1.48
August 31 2021,Walla Walla,WA,Passenger,121,82,203,36485,36688,0.55
July 31 2021,Cape May,NJ,Passenger,0,1,1,8,9,11.11
July 31 2021,Clark,NV,Passenger,4,3,7,607,614,1.14
July 31 2021,Dallas,TX,Passenger,1,0,1,150,151,0.66
July 31 2021,Duval,FL,Passenger,0,2,2,334,336,0.60
July 31 2021,Ferry,WA,Passenger,9,3,12,4379,4391,0.27
July 31 2021,Fort Bend,TX,Passenger,1,0,1,37,38,2.63
September 30 2021,Kitsap,WA,Truck,0,0,0,54341,54341,0.00
September 30 2021,Lake,FL,Passenger,1,0,1,23,24,4.17
September 30 2021,Lane,OR,Passenger,0,1,1,115,116,0.86
September 30 2021,Las Animas,CO,Passenger,1,0,1,0,1,100.00
September 30 2021,Lewis,WA,Passenger,185,149,334,59591,59925,0.56
September 30 2021,New Haven,CT,Passenger,0,2,2,29,31,6.45
September 30 2021,Norfolk,VA,Passenger,3,3,6,315,321,1.87
September 30 2021,Nueces,TX,Passenger,1,0,1,65,66,1.52
August 31 2021,Pacific,WA,Passenger,48,54,102,16071,16173,0.63
August 31 2021,Pinellas,FL,Passenger,0,1,1,91,92,1.09
August 31 2021,Randolph,NC,Passenger,1,0,1,5,6,16.67
August 31 2021,Richland,SC,Passenger,0,1,1,138,139,0.72
June 30 2021,Whitman,WA,Passenger,58,47,105,21998,22103,0.48
June 30 2021,Whitman,WA,Truck,0,0,0,8585,8585,0.00
June 30 2021,Williamson,TX,Passenger,0,2,2,103,105,1.90
June 30 2021,Wilson,TX,Passenger,0,1,1,3,4,25.00
July 31 2021,Allegheny,PA,Passenger,1,1,2,60,62,3.23
July 31 2021,Arlington,VA,Passenger,0,1,1,136,137,0.73
July 31 2021,Benton,WA,Truck,0,0,0,43654,43654,0.00
July 31 2021,Carson City,NV,Passenger,1,0,1,10,11,9.09
July 31 2021,Charleston,SC,Passenger,1,1,2,84,86,2.33
July 31 2021,Clallam,WA,Truck,1,0,1,22036,22037,0.00
July 31 2021,Clark,WA,Passenger,2978,1459,4437,322423,326860,1.36
July 31 2021,Rockingham,NH,Passenger,1,0,1,23,24,4.17
July 31 2021,Rogers,OK,Passenger,1,0,1,4,5,20.00
July 31 2021,Sonoma,CA,Passenger,0,1,1,79,80,1.25
July 31 2021,St. Louis,MO,Passenger,1,0,1,80,81,1.23
July 31 2021,Stevens,WA,Truck,0,0,0,18926,18926,0.00
July 31 2021,Washington,MD,Passenger,2,0,2,13,15,13.33
July 31 2021,Whitman,WA,Truck,0,0,0,8591,8591,0.00
July 31 2021,Wichita,TX,Passenger,1,0,1,40,41,2.44
July 31 2021,Williamson,TX,Passenger,0,2,2,101,103,1.94
July 31 2021,Wilson,TX,Passenger,0,1,1,3,4,25.00
September 30 2021,DeKalb,GA,Passenger,1,0,1,57,58,1.72
September 30 2021,Ferry,WA,Passenger,10,3,13,4403,4416,0.29
September 30 2021,Franklin,WA,Passenger,138,100,238,62132,62370,0.38
September 30 2021,Franklin,WA,Truck,0,0,0,20718,20718,0.00
September 30 2021,Hennepin,MN,Passenger,3,0,3,70,73,4.11
September 30 2021,Howard,MD,Passenger,0,1,1,58,59,1.69
June 30 2021,Washington,OR,Passenger,1,0,1,381,382,0.26
June 30 2021,Yakima,WA,Passenger,225,155,380,169344,169724,0.22
July 31 2021,,,Passenger,3,1,4,384,388,1.03
July 31 2021,Albemarle,VA,Passenger,1,0,1,20,21,4.76
July 31 2021,Anchorage,AK,Passenger,1,0,1,134,135,0.74
July 31 2021,Benton,WA,Passenger,540,397,937,136293,137230,0.68
July 31 2021,Bexar,TX,Passenger,3,4,7,517,524,1.34
July 31 2021,Carroll,MD,Passenger,0,1,1,19,20,5.00
July 31 2021,Grant,WA,Truck,0,0,0,27941,27941,0.00
July 31 2021,Harnett,NC,Passenger,1,1,2,170,172,1.16
July 31 2021,Hidalgo,TX,Passenger,0,1,1,54,55,1.82
July 31 2021,Honolulu,HI,Passenger,5,2,7,388,395,1.77
July 31 2021,Howard,IN,Passenger,0,1,1,5,6,16.67
July 31 2021,Howard,MD,Passenger,0,1,1,61,62,1.61
July 31 2021,Jefferson,WA,Truck,0,0,0,9617,9617,0.00
July 31 2021,Larimer,CO,Passenger,1,0,1,50,51,1.96
September 30 2021,Owyhee,ID,Passenger,1,0,1,2,3,33.33
September 30 2021,Richmond,NY,Passenger,1,0,1,8,9,11.11
September 30 2021,Rockingham,NH,Passenger,1,0,1,21,22,4.55
September 30 2021,Rogers,OK,Passenger,1,0,1,4,5,20.00
September 30 2021,Santa Cruz,CA,Passenger,1,0,1,26,27,3.70
September 30 2021,Sevier,AR,Passenger,0,1,1,0,1,100.00
September 30 2021,Snohomish,WA,Passenger,6456,2164,8620,539551,548171,1.57
September 30 2021,Spokane,WA,Passenger,1187,703,1890,326275,328165,0.58
September 30 2021,St. Clair,IL,Passenger,2,0,2,129,131,1.53
September 30 2021,St. Louis,MO,Passenger,1,0,1,78,79,1.27
August 31 2021,Allegheny,PA,Passenger,1,1,2,59,61,3.28
August 31 2021,Benton,WA,Truck,0,0,0,43610,43610,0.00
August 31 2021,Carroll,NH,Passenger,0,1,1,5,6,16.67
August 31 2021,Carson City,NV,Passenger,1,0,1,10,11,9.09
August 31 2021,Clark,WA,Truck,0,0,0,84183,84183,0.00
August 31 2021,San Joaquin,CA,Passenger,1,0,1,100,101,0.99
August 31 2021,San Juan,WA,Passenger,452,141,593,14208,14801,4.01
August 31 2021,Sedgwick,KS,Passenger,1,1,2,79,81,2.47
August 31 2021,Spokane,WA,Truck,0,0,0,102471,102471,0.00
August 31 2021,St. Mary's,MD,Passenger,1,0,1,205,206,0.49
August 31 2021,Stevens,WA,Truck,0,0,0,18916,18916,0.00
August 31 2021,Wake,NC,Passenger,1,0,1,118,119,0.84
August 31 2021,Wichita,TX,Passenger,1,0,1,41,42,2.38
July 31 2021,Cumberland,NC,Passenger,0,2,2,429,431,0.46
July 31 2021,District of Columbia,DC,Passenger,5,1,6,197,203,2.96
July 31 2021,Fresno,CA,Passenger,1,0,1,167,168,0.60
July 31 2021,Goochland,VA,Passenger,4,2,6,208,214,2.80
July 31 2021,Grays Harbor,WA,Passenger,176,146,322,49527,49849,0.65
July 31 2021,Hamilton,IN,Passenger,2,0,2,32,34,5.88
July 31 2021,Harris,TX,Passenger,1,1,2,182,184,1.09
August 31 2021,Yakima,WA,Passenger,248,163,411,168921,169332,0.24
September 30 2021,Benton,WA,Passenger,581,415,996,136282,137278,0.73
September 30 2021,Chelan,WA,Truck,0,0,0,23105,23105,0.00
September 30 2021,Columbia,WA,Passenger,7,2,9,2451,2460,0.37
September 30 2021,Columbia,WA,Truck,0,0,0,1537,1537,0.00
September 30 2021,Cowlitz,WA,Truck,0,1,1,29039,29040,0.00
July 31 2021,Cowlitz,WA,Truck,0,0,0,29115,29115,0.00
July 31 2021,Essex,NJ,Passenger,1,0,1,10,11,9.09
July 31 2021,Frederick,MD,Passenger,1,1,2,67,69,2.90
July 31 2021,Garfield,WA,Passenger,0,3,3,1374,1377,0.22
July 31 2021,Grant,WA,Passenger,120,90,210,66925,67135,0.31
July 31 2021,Milwaukee,WI,Passenger,1,0,1,39,40,2.50
July 31 2021,Multnomah,OR,Passenger,2,6,8,634,642,1.25
July 31 2021,Nassau,NY,Passenger,2,0,2,26,28,7.14
July 31 2021,Okanogan,WA,Passenger,65,43,108,26544,26652,0.41
July 31 2021,Oldham,KY,Passenger,0,1,1,4,5,20.00
September 30 2021,Yakima,WA,Truck,0,0,0,61742,61742,0.00
October 31 2021,Alameda,CA,Passenger,4,0,4,211,215,1.86
September 30 2021,Kern,CA,Passenger,0,1,1,199,200,0.50
September 30 2021,Kitsap,WA,Passenger,1993,908,2901,180861,183762,1.58
September 30 2021,Kittitas,WA,Passenger,180,72,252,29869,30121,0.84
September 30 2021,Kittitas,WA,Truck,0,0,0,14781,14781,0.00
September 30 2021,Klamath,OR,Passenger,1,0,1,26,27,3.70
September 30 2021,Larimer,CO,Passenger,1,0,1,48,49,2.04
September 30 2021,Lincoln,WA,Passenger,7,16,23,7682,7705,0.30
September 30 2021,Loudoun,VA,Passenger,1,0,1,70,71,1.41
September 30 2021,Montgomery,PA,Passenger,2,0,2,22,24,8.33
September 30 2021,New London,CT,Passenger,1,4,5,214,219,2.28
September 30 2021,Alexandria,VA,Passenger,2,0,2,124,126,1.59
September 30 2021,Carroll,MD,Passenger,0,1,1,16,17,5.88
September 30 2021,Clallam,WA,Truck,1,0,1,22020,22021,0.00
October 31 2021,Carroll,NH,Passenger,0,1,1,5,6,16.67
October 31 2021,Charles,MD,Passenger,1,1,2,70,72,2.78
October 31 2021,Denton,TX,Passenger,1,0,1,77,78,1.28
October 31 2021,Douglas,NE,Passenger,1,1,2,48,50,4.00
August 31 2021,Cumberland,NC,Passenger,0,2,2,427,429,0.47
August 31 2021,Danville,VA,Passenger,1,0,1,0,1,100.00
August 31 2021,Douglas,NE,Passenger,1,1,2,49,51,3.92
August 31 2021,Fort Bend,TX,Passenger,1,0,1,36,37,2.70
August 31 2021,Garfield,WA,Truck,0,0,0,1002,1002,0.00
August 31 2021,Goochland,VA,Passenger,4,2,6,204,210,2.86
August 31 2021,Grays Harbor,WA,Passenger,177,147,324,49511,49835,0.65
August 31 2021,Greene,MO,Passenger,0,1,1,28,29,3.45
August 31 2021,Harris,TX,Passenger,1,1,2,177,179,1.12
August 31 2021,Hennepin,MN,Passenger,3,0,3,71,74,4.05
July 31 2021,Houston,GA,Passenger,1,0,1,46,47,2.13
July 31 2021,Island,WA,Truck,0,0,0,21574,21574,0.00
July 31 2021,King,WA,Passenger,31561,9350,40911,1367078,1407989,2.91
July 31 2021,Kings,NY,Passenger,1,0,1,64,65,1.54
July 31 2021,Louisa,VA,Passenger,0,1,1,1,2,50.00
September 30 2021,Douglas,OR,Passenger,1,0,1,29,30,3.33
September 30 2021,El Paso,TX,Passenger,3,0,3,360,363,0.83
September 30 2021,Fairbanks North Star,AK,Passenger,0,1,1,82,83,1.20
September 30 2021,Geary,KS,Passenger,1,0,1,97,98,1.02
September 30 2021,Gwinnett,GA,Passenger,1,0,1,57,58,1.72
September 30 2021,Island,WA,Truck,0,0,0,21575,21575,0.00
September 30 2021,Kings,CA,Passenger,1,0,1,321,322,0.31
September 30 2021,Klickitat,WA,Truck,0,0,0,8341,8341,0.00
October 31 2021,Jefferson,WA,Passenger,362,191,553,24781,25334,2.18
October 31 2021,Kauai,HI,Passenger,1,0,1,17,18,5.56
October 31 2021,King,WA,Truck,4,1,5,183503,183508,0.00
October 31 2021,Kings,CA,Passenger,2,0,2,323,325,0.62
October 31 2021,Lee,FL,Passenger,1,0,1,33,34,2.94
October 31 2021,Lincoln,WA,Passenger,7,16,23,7708,7731,0.30
October 31 2021,Loudoun,VA,Passenger,1,0,1,67,68,1.47
July 31 2021,RÃ­o Grande,PR,Passenger,1,0,1,0,1,100.00
July 31 2021,Rockdale,GA,Passenger,1,0,1,9,10,10.00
July 31 2021,Sacramento,CA,Passenger,2,0,2,217,219,0.91
July 31 2021,San Francisco,CA,Passenger,0,1,1,82,83,1.20
July 31 2021,Skamania,WA,Truck,0,0,0,4026,4026,0.00
July 31 2021,St. Mary's,MD,Passenger,1,0,1,208,209,0.48
July 31 2021,Thurston,WA,Truck,0,0,0,56516,56516,0.00
July 31 2021,Travis,TX,Passenger,3,3,6,155,161,3.73
July 31 2021,Walla Walla,WA,Passenger,115,76,191,36574,36765,0.52
July 31 2021,Walla Walla,WA,Truck,0,0,0,14058,14058,0.00
July 31 2021,Manassas,VA,Passenger,0,1,1,6,7,14.29
July 31 2021,Monterey,CA,Passenger,0,1,1,145,146,0.68
July 31 2021,Okanogan,WA,Truck,0,0,0,16753,16753,0.00
July 31 2021,Platte,MO,Passenger,1,0,1,16,17,5.88
July 31 2021,Powhatan,VA,Passenger,1,0,1,1,2,50.00
July 31 2021,Richmond,GA,Passenger,0,1,1,78,79,1.27
September 30 2021,Orange,CA,Passenger,5,2,7,407,414,1.69
September 30 2021,Riverside,CA,Passenger,4,1,5,518,523,0.96
September 30 2021,Sacramento,CA,Passenger,2,0,2,222,224,0.89
September 30 2021,Salt Lake,UT,Passenger,0,2,2,155,157,1.27
September 30 2021,San Juan,WA,Passenger,462,143,605,14188,14793,4.09
September 30 2021,Santa Clara,CA,Passenger,8,2,10,244,254,3.94
September 30 2021,Sedgwick,KS,Passenger,1,1,2,80,82,2.44
September 30 2021,Sonoma,CA,Passenger,0,1,1,82,83,1.20
September 30 2021,Stafford,VA,Passenger,2,1,3,93,96,3.12
September 30 2021,Suffolk,VA,Passenger,1,0,1,125,126,0.79
September 30 2021,Contra Costa,CA,Passenger,2,4,6,272,278,2.16
September 30 2021,Cook,IL,Passenger,2,0,2,203,205,0.98
September 30 2021,Dallas,TX,Passenger,1,0,1,148,149,0.67
September 30 2021,Douglas,WA,Passenger,103,51,154,28573,28727,0.54
September 30 2021,Frederick,MD,Passenger,1,1,2,67,69,2.90
September 30 2021,Grant,WA,Passenger,125,97,222,66887,67109,0.33
September 30 2021,Hamilton,IN,Passenger,2,0,2,29,31,6.45
September 30 2021,Harris,TX,Passenger,1,1,2,172,174,1.15
September 30 2021,Hillsborough,FL,Passenger,0,1,1,144,145,0.69
July 31 2021,Jefferson,NY,Passenger,0,1,1,215,216,0.46
July 31 2021,Lake,IL,Passenger,2,0,2,156,158,1.27
July 31 2021,Leavenworth,KS,Passenger,0,1,1,119,120,0.83
July 31 2021,Lewis,WA,Passenger,165,144,309,59659,59968,0.52
July 31 2021,Lewis,WA,Truck,0,0,0,26764,26764,0.00
July 31 2021,Los Angeles,CA,Passenger,10,11,21,875,896,2.34
July 31 2021,Maricopa,AZ,Passenger,6,4,10,1110,1120,0.89
July 31 2021,Mason,WA,Passenger,216,140,356,48100,48456,0.73
July 31 2021,Mason,WA,Truck,0,0,0,21346,21346,0.00
September 30 2021,Montgomery,OH,Passenger,0,1,1,56,57,1.75
September 30 2021,New York,NY,Passenger,1,0,1,39,40,2.50
September 30 2021,Okaloosa,FL,Passenger,0,1,1,113,114,0.88
September 30 2021,Pacific,WA,Passenger,49,57,106,16075,16181,0.66
September 30 2021,Philadelphia,PA,Passenger,1,0,1,44,45,2.22
September 30 2021,Pierce,WA,Truck,0,0,0,145473,145473,0.00
September 30 2021,Pinellas,FL,Passenger,0,1,1,91,92,1.09
August 31 2021,Kittitas,WA,Passenger,173,72,245,29875,30120,0.81
August 31 2021,Lewis,WA,Truck,0,0,0,26749,26749,0.00
August 31 2021,Lincoln,WA,Passenger,7,15,22,7695,7717,0.29
August 31 2021,Los Angeles,CA,Passenger,10,9,19,852,871,2.18
August 31 2021,Maricopa,AZ,Passenger,6,3,9,1091,1100,0.82
August 31 2021,Montgomery,PA,Passenger,2,0,2,22,24,8.33
August 31 2021,Multnomah,OR,Passenger,2,7,9,627,636,1.42
August 31 2021,Nassau,NY,Passenger,2,0,2,26,28,7.14
July 31 2021,Suffolk,MA,Passenger,0,2,2,31,33,6.06
July 31 2021,Sumter,SC,Passenger,0,1,1,35,36,2.78
July 31 2021,Ulster,NY,Passenger,1,0,1,8,9,11.11
July 31 2021,Virginia Beach,VA,Passenger,2,0,2,622,624,0.32
August 31 2021,Adams,WA,Passenger,16,14,30,13042,13072,0.23
August 31 2021,Arapahoe,CO,Passenger,1,0,1,105,106,0.94
August 31 2021,Baltimore,MD,Passenger,1,0,1,94,95,1.05
August 31 2021,Bartow,GA,Passenger,0,1,1,3,4,25.00
September 30 2021,Lake,IL,Passenger,2,0,2,156,158,1.27
September 30 2021,Louisa,VA,Passenger,0,1,1,1,2,50.00
September 30 2021,Manassas,VA,Passenger,0,1,1,6,7,14.29
September 30 2021,Maricopa,AZ,Passenger,6,4,10,1084,1094,0.91
September 30 2021,Mason,WA,Passenger,239,151,390,47991,48381,0.81
September 30 2021,Thurston,WA,Truck,0,0,0,56361,56361,0.00
September 30 2021,Travis,TX,Passenger,3,3,6,136,142,4.23
September 30 2021,Ventura,CA,Passenger,1,2,3,260,263,1.14
September 30 2021,Washington,MD,Passenger,2,0,2,13,15,13.33
September 30 2021,Whitman,WA,Passenger,64,56,120,21932,22052,0.54
September 30 2021,Wilson,TX,Passenger,0,1,1,2,3,33.33
September 30 2021,Yamhill,OR,Passenger,1,0,1,30,31,3.23
October 31 2021,Benton,WA,Truck,0,0,0,43712,43712,0.00
October 31 2021,Broward,FL,Passenger,2,0,2,97,99,2.02
July 31 2021,Washington,OR,Passenger,1,0,1,374,375,0.27
July 31 2021,Whitman,WA,Passenger,61,49,110,21945,22055,0.50
July 31 2021,Williams,ND,Passenger,0,1,1,7,8,12.50
August 31 2021,Adams,WA,Truck,0,0,0,5413,5413,0.00
August 31 2021,Allen,IN,Passenger,1,0,1,15,16,6.25
August 31 2021,Anchorage,AK,Passenger,1,0,1,135,136,0.74
August 31 2021,Asotin,WA,Passenger,21,17,38,12731,12769,0.30
August 31 2021,Bexar,TX,Passenger,3,4,7,510,517,1.35
August 31 2021,Broward,FL,Passenger,2,0,2,104,106,1.89
August 31 2021,Carroll,MD,Passenger,0,1,1,17,18,5.56
July 31 2021,Newport,RI,Passenger,1,0,1,76,77,1.30
July 31 2021,Norfolk,VA,Passenger,3,3,6,319,325,1.85
July 31 2021,Nueces,TX,Passenger,1,0,1,69,70,1.43
July 31 2021,Plaquemines,LA,Passenger,0,1,1,16,17,5.88
July 31 2021,Ray,MO,Passenger,0,1,1,1,2,50.00
July 31 2021,Santa Cruz,CA,Passenger,1,0,1,25,26,3.85
July 31 2021,Sarasota,FL,Passenger,2,0,2,28,30,6.67
July 31 2021,Saratoga,NY,Passenger,1,0,1,42,43,2.33
July 31 2021,Snohomish,WA,Passenger,6126,2100,8226,539802,548028,1.50
October 31 2021,Missoula,MT,Passenger,1,0,1,52,53,1.89
October 31 2021,Montgomery,PA,Passenger,2,0,2,23,25,8.00
October 31 2021,Pacific,WA,Passenger,49,59,108,16116,16224,0.67
October 31 2021,Pend Oreille,WA,Passenger,18,7,25,9209,9234,0.27
October 31 2021,Pennington,SD,Passenger,1,0,1,30,31,3.23
October 31 2021,Prince William,VA,Passenger,1,1,2,202,204,0.98
October 31 2021,RÃ­o Grande,PR,Passenger,1,0,1,0,1,100.00
October 31 2021,Salt Lake,UT,Passenger,0,2,2,157,159,1.26
October 31 2021,Skamania,WA,Passenger,58,39,97,8334,8431,1.15
October 31 2021,Solano,CA,Passenger,1,0,1,179,180,0.56
October 31 2021,Sonoma,CA,Passenger,0,1,1,82,83,1.20
August 31 2021,Burlington,NJ,Passenger,0,1,1,123,124,0.81
August 31 2021,Cape May,NJ,Passenger,0,1,1,8,9,11.11
August 31 2021,Clark,WA,Passenger,3073,1472,4545,322129,326674,1.39
August 31 2021,DeKalb,GA,Passenger,1,0,1,59,60,1.67
August 31 2021,District of Columbia,DC,Passenger,5,1,6,196,202,2.97
September 30 2021,Polk,FL,Passenger,1,0,1,56,57,1.75
September 30 2021,Powhatan,VA,Passenger,1,0,1,1,2,50.00
September 30 2021,Richmond,GA,Passenger,0,1,1,76,77,1.30
September 30 2021,San Joaquin,CA,Passenger,1,1,2,97,99,2.02
September 30 2021,San Mateo,CA,Passenger,1,0,1,89,90,1.11
September 30 2021,Skagit,WA,Truck,1,0,1,32934,32935,0.00
September 30 2021,Spokane,WA,Truck,0,0,0,102578,102578,0.00
September 30 2021,Stevens,WA,Passenger,51,42,93,30331,30424,0.31
September 30 2021,Stevens,WA,Truck,0,0,0,18895,18895,0.00
September 30 2021,Suffolk,MA,Passenger,0,2,2,27,29,6.90
September 30 2021,Milwaukee,WI,Passenger,1,0,1,39,40,2.50
September 30 2021,Montgomery,MD,Passenger,3,2,5,210,215,2.33
September 30 2021,Montgomery,TX,Passenger,1,1,2,37,39,5.13
September 30 2021,Multnomah,OR,Passenger,2,6,8,625,633,1.26
September 30 2021,Newport,RI,Passenger,1,0,1,73,74,1.35
September 30 2021,Orange,FL,Passenger,1,0,1,108,109,0.92
September 30 2021,Pend Oreille,WA,Truck,0,0,0,5690,5690,0.00
September 30 2021,Placer,CA,Passenger,2,0,2,71,73,2.74
September 30 2021,Saginaw,MI,Passenger,1,0,1,5,6,16.67
September 30 2021,San Diego,CA,Passenger,16,8,24,2507,2531,0.95
August 31 2021,Okanogan,WA,Passenger,66,45,111,26479,26590,0.42
August 31 2021,Pend Oreille,WA,Passenger,16,7,23,9245,9268,0.25
August 31 2021,Penobscot,ME,Passenger,0,1,1,8,9,11.11
August 31 2021,Plaquemines,LA,Passenger,0,1,1,16,17,5.88
August 31 2021,Queens,NY,Passenger,2,0,2,47,49,4.08
August 31 2021,San Francisco,CA,Passenger,0,1,1,82,83,1.20
August 31 2021,Santa Clara,CA,Passenger,8,2,10,246,256,3.91
August 31 2021,Saratoga,NY,Passenger,1,0,1,42,43,2.33
August 31 2021,Skamania,WA,Truck,0,0,0,4036,4036,0.00
August 31 2021,Snohomish,WA,Truck,1,0,1,126027,126028,0.00
August 31 2021,Sonoma,CA,Passenger,0,1,1,82,83,1.20
October 31 2021,Washington,MD,Passenger,2,0,2,13,15,13.33
October 31 2021,Whatcom,WA,Passenger,1581,647,2228,150456,152684,1.46
October 31 2021,Wichita,TX,Passenger,1,0,1,43,44,2.27
October 31 2021,Wilson,TX,Passenger,0,1,1,2,3,33.33
November 30 2021,Allegheny,PA,Passenger,1,1,2,57,59,3.39
August 31 2021,Clallam,WA,Truck,1,0,1,22026,22027,0.00
August 31 2021,DuPage,IL,Passenger,1,0,1,52,53,1.89
August 31 2021,El Paso,CO,Passenger,3,0,3,685,688,0.44
August 31 2021,Erie,NY,Passenger,1,0,1,37,38,2.63
August 31 2021,Garfield,WA,Passenger,0,3,3,1369,1372,0.22
August 31 2021,Harrison,MS,Passenger,2,0,2,55,57,3.51
October 31 2021,Chelan,WA,Truck,0,0,0,23077,23077,0.00
October 31 2021,Coryell,TX,Passenger,1,0,1,110,111,0.90
October 31 2021,Cowlitz,WA,Passenger,258,154,412,71860,72272,0.57
October 31 2021,Flathead,MT,Passenger,1,0,1,43,44,2.27
October 31 2021,Goochland,VA,Passenger,3,2,5,191,196,2.55
October 31 2021,Hamilton,IN,Passenger,2,0,2,29,31,6.45
October 31 2021,Hamilton,OH,Passenger,1,0,1,34,35,2.86
September 30 2021,Whatcom,WA,Truck,4,0,4,43813,43817,0.01
September 30 2021,Wichita,TX,Passenger,1,0,1,41,42,2.38
October 31 2021,Alexandria,VA,Passenger,2,0,2,125,127,1.57
October 31 2021,Bartow,GA,Passenger,0,1,1,3,4,25.00
October 31 2021,Burlington,NJ,Passenger,0,1,1,119,120,0.83
October 31 2021,Calvert,MD,Passenger,0,2,2,83,85,2.35
July 31 2021,Snohomish,WA,Truck,1,0,1,126206,126207,0.00
July 31 2021,Spartanburg,SC,Passenger,0,1,1,51,52,1.92
July 31 2021,Vigo,IN,Passenger,1,0,1,5,6,16.67
July 31 2021,Wahkiakum,WA,Passenger,15,8,23,3092,3115,0.74
July 31 2021,Wahkiakum,WA,Truck,0,0,0,1794,1794,0.00
August 31 2021,,,Passenger,3,1,4,378,382,1.05
August 31 2021,Fairfax,VA,Passenger,5,4,9,682,691,1.30
August 31 2021,Ferry,WA,Passenger,9,3,12,4389,4401,0.27
August 31 2021,Fresno,CA,Passenger,1,0,1,163,164,0.61
August 31 2021,Geary,KS,Passenger,1,0,1,95,96,1.04
August 31 2021,Howard,IN,Passenger,0,1,1,5,6,16.67
August 31 2021,Howard,MD,Passenger,0,1,1,60,61,1.64
August 31 2021,Kitsap,WA,Passenger,1952,889,2841,180718,183559,1.55
August 31 2021,Klickitat,WA,Truck,0,0,0,8331,8331,0.00
August 31 2021,Larimer,CO,Passenger,1,0,1,49,50,2.00
September 30 2021,San Juan,WA,Truck,0,0,0,5983,5983,0.00
September 30 2021,Skamania,WA,Truck,0,0,0,4043,4043,0.00
September 30 2021,Yakima,WA,Passenger,257,164,421,168972,169393,0.25
October 31 2021,,,Passenger,3,1,4,361,365,1.10
October 31 2021,Albemarle,VA,Passenger,1,0,1,20,21,4.76
November 30 2021,Carson City,NV,Passenger,1,0,1,8,9,11.11
November 30 2021,Clackamas,OR,Passenger,2,0,2,166,168,1.19
November 30 2021,Columbia,WA,Passenger,6,2,8,2459,2467,0.32
November 30 2021,Contra Costa,CA,Passenger,1,4,5,271,276,1.81
November 30 2021,Cook,IL,Passenger,2,0,2,194,196,1.02
November 30 2021,Cumberland,NC,Passenger,1,2,3,408,411,0.73
November 30 2021,Douglas,NE,Passenger,1,1,2,45,47,4.26
November 30 2021,Fairbanks North Star,AK,Passenger,0,1,1,79,80,1.25
November 30 2021,Ferry,WA,Truck,0,0,0,3600,3600,0.00
August 31 2021,Kings,NY,Passenger,1,0,1,66,67,1.49
August 31 2021,Kitsap,WA,Truck,0,0,0,54406,54406,0.00
August 31 2021,Lake,IL,Passenger,2,0,2,156,158,1.27
August 31 2021,Lewis,WA,Passenger,181,151,332,59648,59980,0.55
August 31 2021,Manassas,VA,Passenger,0,1,1,6,7,14.29
August 31 2021,Vigo,IN,Passenger,1,0,1,5,6,16.67
August 31 2021,Wahkiakum,WA,Truck,0,0,0,1802,1802,0.00
August 31 2021,Walla Walla,WA,Truck,0,0,0,14081,14081,0.00
August 31 2021,Washington,MD,Passenger,2,0,2,13,15,13.33
August 31 2021,Whatcom,WA,Passenger,1520,629,2149,150516,152665,1.41
August 31 2021,Whitman,WA,Truck,0,0,0,8575,8575,0.00
August 31 2021,Williamson,TX,Passenger,0,2,2,98,100,2.00
August 31 2021,Wilson,TX,Passenger,0,1,1,3,4,25.00
September 30 2021,,,Passenger,3,1,4,367,371,1.08
September 30 2021,Bexar,TX,Passenger,3,4,7,502,509,1.38
August 31 2021,Leavenworth,KS,Passenger,0,1,1,117,118,0.85
August 31 2021,Montgomery,OH,Passenger,0,1,1,55,56,1.79
August 31 2021,Moore,NC,Passenger,0,1,1,124,125,0.80
August 31 2021,Oldham,KY,Passenger,0,1,1,4,5,20.00
August 31 2021,Orange,CA,Passenger,5,2,7,412,419,1.67
August 31 2021,Philadelphia,PA,Passenger,1,0,1,45,46,2.17
August 31 2021,Pima,AZ,Passenger,1,1,2,264,266,0.75
August 31 2021,Polk,FL,Passenger,1,0,1,56,57,1.75
August 31 2021,Boone,MO,Passenger,0,1,1,10,11,9.09
August 31 2021,Boulder,CO,Passenger,0,1,1,39,40,2.50
August 31 2021,Bucks,PA,Passenger,1,0,1,14,15,6.67
August 31 2021,Camden,NJ,Passenger,0,1,1,14,15,6.67
August 31 2021,Clark,NV,Passenger,4,3,7,599,606,1.16
August 31 2021,Collin,TX,Passenger,1,1,2,106,108,1.85
August 31 2021,Columbia,WA,Truck,0,0,0,1539,1539,0.00
August 31 2021,Douglas,OR,Passenger,1,0,1,31,32,3.12
August 31 2021,Douglas,WA,Truck,0,0,0,12684,12684,0.00
August 31 2021,Duval,FL,Passenger,0,2,2,331,333,0.60
October 31 2021,Contra Costa,CA,Passenger,1,4,5,273,278,1.80
October 31 2021,Cook,IL,Passenger,2,0,2,197,199,1.01
October 31 2021,Dallas,TX,Passenger,1,0,1,146,147,0.68
October 31 2021,Douglas,WA,Passenger,103,51,154,28579,28733,0.54
October 31 2021,Ferry,WA,Passenger,11,3,14,4446,4460,0.31
October 31 2021,Fort Bend,TX,Passenger,1,0,1,36,37,2.70
October 31 2021,Grant,WA,Truck,0,0,0,28022,28022,0.00
October 31 2021,Asotin,WA,Truck,0,0,0,6747,6747,0.00
October 31 2021,Benton,WA,Passenger,595,426,1021,136021,137042,0.75
October 31 2021,Bernalillo,NM,Passenger,1,0,1,110,111,0.90
October 31 2021,Carroll,MD,Passenger,0,1,1,16,17,5.88
October 31 2021,Collin,TX,Passenger,1,0,1,101,102,0.98
October 31 2021,Columbia,WA,Truck,0,0,0,1537,1537,0.00
October 31 2021,Cowlitz,WA,Truck,0,1,1,29072,29073,0.00
August 31 2021,Nueces,TX,Passenger,1,0,1,67,68,1.47
August 31 2021,Okanogan,WA,Truck,0,0,0,16756,16756,0.00
August 31 2021,Owyhee,ID,Passenger,1,0,1,2,3,33.33
August 31 2021,Platte,MO,Passenger,1,0,1,15,16,6.25
August 31 2021,Prince George's,MD,Passenger,2,1,3,135,138,2.17
October 31 2021,Harris,TX,Passenger,1,1,2,168,170,1.18
October 31 2021,Hawaii,HI,Passenger,1,0,1,41,42,2.38
October 31 2021,Island,WA,Passenger,679,334,1013,63106,64119,1.58
October 31 2021,Island,WA,Truck,0,0,0,21570,21570,0.00
October 31 2021,Jefferson,NY,Passenger,0,1,1,207,208,0.48
October 31 2021,Lewis,WA,Passenger,194,158,352,59633,59985,0.59
October 31 2021,Mason,WA,Passenger,246,156,402,47902,48304,0.83
October 31 2021,Mason,WA,Truck,0,0,0,21288,21288,0.00
September 30 2021,Collin,TX,Passenger,1,0,1,103,104,0.96
September 30 2021,Cowlitz,WA,Passenger,246,154,400,72038,72438,0.55
September 30 2021,Ferry,WA,Truck,0,0,0,3592,3592,0.00
September 30 2021,Flathead,MT,Passenger,1,0,1,43,44,2.27
October 31 2021,Hennepin,MN,Passenger,3,0,3,68,71,4.23
October 31 2021,Hillsborough,FL,Passenger,0,1,1,142,143,0.70
October 31 2021,Juneau,AK,Passenger,0,1,1,27,28,3.57
October 31 2021,Kittitas,WA,Passenger,193,72,265,29847,30112,0.88
October 31 2021,Larimer,CO,Passenger,1,0,1,50,51,1.96
August 31 2021,Gwinnett,GA,Passenger,1,0,1,58,59,1.69
August 31 2021,Jefferson,WA,Passenger,350,183,533,24860,25393,2.10
August 31 2021,Kings,CA,Passenger,1,0,1,322,323,0.31
October 31 2021,Essex,NJ,Passenger,2,0,2,10,12,16.67
October 31 2021,Franklin,WA,Truck,0,0,0,20773,20773,0.00
October 31 2021,Garfield,WA,Passenger,0,3,3,1355,1358,0.22
August 31 2021,Lake,FL,Passenger,1,0,1,23,24,4.17
August 31 2021,Lane,OR,Passenger,0,1,1,119,120,0.83
August 31 2021,Las Animas,CO,Passenger,1,0,1,0,1,100.00
August 31 2021,Missoula,MT,Passenger,1,0,1,52,53,1.89
August 31 2021,Okaloosa,FL,Passenger,0,1,1,114,115,0.87
August 31 2021,Pacific,WA,Truck,0,0,0,7973,7973,0.00
November 30 2021,Franklin,WA,Passenger,154,103,257,62285,62542,0.41
November 30 2021,Grays Harbor,WA,Passenger,191,155,346,49507,49853,0.69
November 30 2021,Harrison,MS,Passenger,2,0,2,50,52,3.85
November 30 2021,Hennepin,MN,Passenger,3,0,3,64,67,4.48
November 30 2021,Hillsborough,FL,Passenger,0,1,1,138,139,0.72
November 30 2021,Kittitas,WA,Passenger,196,75,271,29846,30117,0.90
November 30 2021,Klamath,OR,Passenger,1,0,1,26,27,3.70
November 30 2021,Klickitat,WA,Passenger,88,52,140,15351,15491,0.90
November 30 2021,Lewis,WA,Truck,0,0,0,26722,26722,0.00
August 31 2021,Riverside,CA,Passenger,5,1,6,526,532,1.13
August 31 2021,Sacramento,CA,Passenger,2,0,2,216,218,0.92
August 31 2021,San Luis Obispo,CA,Passenger,1,0,1,59,60,1.67
August 31 2021,San Mateo,CA,Passenger,1,0,1,94,95,1.05
August 31 2021,Sarasota,FL,Passenger,2,0,2,28,30,6.67
August 31 2021,Shelby,OH,Passenger,0,1,1,2,3,33.33
August 31 2021,Stafford,VA,Passenger,2,1,3,96,99,3.03
August 31 2021,Stevens,WA,Passenger,48,44,92,30289,30381,0.30
August 31 2021,Suffolk,VA,Passenger,1,0,1,123,124,0.81
August 31 2021,Thurston,WA,Truck,0,0,0,56435,56435,0.00
August 31 2021,Travis,TX,Passenger,3,3,6,143,149,4.03
August 31 2021,Whitman,WA,Passenger,63,52,115,21933,22048,0.52
August 31 2021,Sevier,AR,Passenger,0,1,1,0,1,100.00
August 31 2021,Snohomish,WA,Passenger,6310,2137,8447,539464,547911,1.54
August 31 2021,Spokane,WA,Passenger,1158,684,1842,326110,327952,0.56
August 31 2021,St. Louis,MO,Passenger,1,0,1,78,79,1.27
August 31 2021,Ulster,NY,Passenger,1,0,1,8,9,11.11
September 30 2021,Harrison,MS,Passenger,2,0,2,54,56,3.57
September 30 2021,Hawaii,HI,Passenger,1,0,1,42,43,2.33
September 30 2021,Island,WA,Passenger,661,330,991,63241,64232,1.54
September 30 2021,Jefferson,WA,Truck,0,0,0,9620,9620,0.00
September 30 2021,Klickitat,WA,Passenger,83,51,134,15393,15527,0.86
August 31 2021,Powhatan,VA,Passenger,1,0,1,1,2,50.00
August 31 2021,Prince William,VA,Passenger,1,1,2,204,206,0.97
August 31 2021,Rockdale,GA,Passenger,1,0,1,8,9,11.11
August 31 2021,Rockingham,NH,Passenger,1,0,1,21,22,4.55
August 31 2021,Rogers,OK,Passenger,1,0,1,4,5,20.00
August 31 2021,Suffolk,MA,Passenger,0,2,2,28,30,6.67
August 31 2021,Sumter,SC,Passenger,0,1,1,34,35,2.86
August 31 2021,Thurston,WA,Passenger,1715,907,2622,197826,200448,1.31
September 30 2021,Albemarle,VA,Passenger,1,0,1,20,21,4.76
September 30 2021,Anchorage,AK,Passenger,1,0,1,136,137,0.73
September 30 2021,Anne Arundel,MD,Passenger,5,3,8,369,377,2.12
September 30 2021,Calvert,MD,Passenger,0,2,2,85,87,2.30
September 30 2021,Champaign,IL,Passenger,1,0,1,11,12,8.33
September 30 2021,Douglas,CO,Passenger,0,1,1,76,77,1.30
October 31 2021,Montgomery,MD,Passenger,3,2,5,210,215,2.33
October 31 2021,Multnomah,OR,Passenger,2,6,8,624,632,1.27
October 31 2021,Nassau,NY,Passenger,2,0,2,25,27,7.41
October 31 2021,New Haven,CT,Passenger,0,2,2,29,31,6.45
October 31 2021,Okanogan,WA,Passenger,66,44,110,26577,26687,0.41
October 31 2021,Oldham,KY,Passenger,0,1,1,4,5,20.00
October 31 2021,Sacramento,CA,Passenger,2,0,2,218,220,0.91
October 31 2021,San Diego,CA,Passenger,16,8,24,2478,2502,0.96
October 31 2021,San Francisco,CA,Passenger,0,1,1,79,80,1.25
November 30 2021,Los Angeles,CA,Passenger,10,7,17,835,852,2.00
November 30 2021,Maricopa,AZ,Passenger,7,3,10,1052,1062,0.94
November 30 2021,Montgomery,MD,Passenger,3,2,5,207,212,2.36
November 30 2021,Montgomery,PA,Passenger,2,0,2,21,23,8.70
November 30 2021,Plaquemines,LA,Passenger,0,1,1,17,18,5.56
November 30 2021,Prince George's,MD,Passenger,2,1,3,139,142,2.11
November 30 2021,Randolph,NC,Passenger,1,0,1,5,6,16.67
October 31 2021,Kern,CA,Passenger,0,1,1,198,199,0.50
October 31 2021,Kitsap,WA,Passenger,2042,917,2959,180705,183664,1.61
October 31 2021,Klickitat,WA,Truck,0,0,0,8316,8316,0.00
October 31 2021,Manassas,VA,Passenger,0,1,1,6,7,14.29
October 31 2021,Montgomery,TX,Passenger,1,1,2,38,40,5.00
October 31 2021,New London,CT,Passenger,1,4,5,216,221,2.26
October 31 2021,Okaloosa,FL,Passenger,0,1,1,115,116,0.86
October 31 2021,Orange,CA,Passenger,5,2,7,399,406,1.72
October 31 2021,Orange,FL,Passenger,1,0,1,107,108,0.93
September 30 2021,Pacific,WA,Truck,0,0,0,7997,7997,0.00
September 30 2021,Pierce,WA,Passenger,3877,2069,5946,559151,565097,1.05
September 30 2021,Platte,MO,Passenger,1,0,1,15,16,6.25
September 30 2021,Portsmouth,VA,Passenger,0,1,1,78,79,1.27
September 30 2021,Prince George's,MD,Passenger,2,1,3,135,138,2.17
September 30 2021,Randolph,NC,Passenger,1,0,1,5,6,16.67
September 30 2021,Rockdale,GA,Passenger,1,0,1,7,8,12.50
August 31 2021,Washington,OR,Passenger,1,0,1,365,366,0.27
August 31 2021,Williams,ND,Passenger,0,1,1,7,8,12.50
September 30 2021,Allegheny,PA,Passenger,1,1,2,61,63,3.17
September 30 2021,Benton,WA,Truck,0,0,0,43678,43678,0.00
September 30 2021,Alameda,CA,Passenger,4,0,4,220,224,1.79
September 30 2021,Arlington,VA,Passenger,1,1,2,133,135,1.48
September 30 2021,Boulder,CO,Passenger,0,1,1,39,40,2.50
September 30 2021,Burlington,NJ,Passenger,0,1,1,118,119,0.84
September 30 2021,Cape May,NJ,Passenger,0,1,1,8,9,11.11
September 30 2021,Charles,MD,Passenger,1,1,2,69,71,2.82
September 30 2021,Charleston,SC,Passenger,2,1,3,84,87,3.45
September 30 2021,Chelan,WA,Passenger,375,104,479,54762,55241,0.87
September 30 2021,Clallam,WA,Passenger,359,229,588,50563,51151,1.15
September 30 2021,Clark,NV,Passenger,4,3,7,590,597,1.17
October 31 2021,New York,NY,Passenger,1,0,1,38,39,2.56
October 31 2021,Newport,RI,Passenger,1,0,1,71,72,1.39
October 31 2021,Norfolk,VA,Passenger,3,3,6,318,324,1.85
October 31 2021,Nueces,TX,Passenger,1,0,1,64,65,1.54
October 31 2021,Pierce,WA,Passenger,4001,2085,6086,558040,564126,1.08
October 31 2021,Pierce,WA,Truck,0,0,0,145264,145264,0.00
October 31 2021,Pinellas,FL,Passenger,0,1,1,90,91,1.10
October 31 2021,Portsmouth,VA,Passenger,0,1,1,78,79,1.27
October 31 2021,Ray,MO,Passenger,0,1,1,1,2,50.00
October 31 2021,Richmond,NY,Passenger,1,0,1,6,7,14.29
October 31 2021,Santa Cruz,CA,Passenger,1,0,1,26,27,3.70
October 31 2021,Saratoga,NY,Passenger,1,0,1,41,42,2.38
October 31 2021,Sevier,AR,Passenger,0,1,1,0,1,100.00
October 31 2021,Skagit,WA,Passenger,649,295,944,91483,92427,1.02
October 31 2021,Skagit,WA,Truck,1,0,1,32837,32838,0.00
October 31 2021,Snohomish,WA,Passenger,6655,2197,8852,538841,547693,1.62
October 31 2021,Spartanburg,SC,Passenger,0,1,1,48,49,2.04
October 31 2021,Spokane,WA,Passenger,1218,727,1945,326604,328549,0.59
October 31 2021,Pacific,WA,Truck,0,0,0,7990,7990,0.00
October 31 2021,Philadelphia,PA,Passenger,1,0,1,41,42,2.38
October 31 2021,Powhatan,VA,Passenger,1,0,1,1,2,50.00
October 31 2021,Richmond,GA,Passenger,0,1,1,75,76,1.32
October 31 2021,Riverside,CA,Passenger,5,1,6,510,516,1.16
October 31 2021,Saginaw,MI,Passenger,1,0,1,5,6,16.67
October 31 2021,San Juan,WA,Truck,0,0,0,5976,5976,0.00
October 31 2021,Stafford,VA,Passenger,2,1,3,94,97,3.09
October 31 2021,Suffolk,MA,Passenger,0,2,2,27,29,6.90
October 31 2021,Sumter,SC,Passenger,0,1,1,34,35,2.86
October 31 2021,Tarrant,TX,Passenger,1,0,1,135,136,0.74
September 30 2021,Erie,NY,Passenger,1,0,1,33,34,2.94
September 30 2021,Essex,NJ,Passenger,2,0,2,10,12,16.67
September 30 2021,Fort Bend,TX,Passenger,1,0,1,38,39,2.56
September 30 2021,Garfield,WA,Passenger,0,3,3,1366,1369,0.22
September 30 2021,Garfield,WA,Truck,0,0,0,997,997,0.00
September 30 2021,Harnett,NC,Passenger,1,1,2,160,162,1.23
September 30 2021,Hidalgo,TX,Passenger,0,1,1,53,54,1.85
September 30 2021,Honolulu,HI,Passenger,5,3,8,371,379,2.11
September 30 2021,Houston,GA,Passenger,1,0,1,44,45,2.22
September 30 2021,King,WA,Passenger,32884,9691,42575,1365697,1408272,3.02
September 30 2021,Kings,NY,Passenger,1,0,1,66,67,1.49
September 30 2021,Denton,TX,Passenger,1,0,1,75,76,1.32
September 30 2021,Duval,FL,Passenger,0,2,2,327,329,0.61
September 30 2021,Fairfax,VA,Passenger,5,4,9,679,688,1.31
September 30 2021,Grant,WA,Truck,0,0,0,28015,28015,0.00
October 31 2021,Ulster,NY,Passenger,1,0,1,9,10,10.00
October 31 2021,Yamhill,OR,Passenger,1,0,1,31,32,3.12
November 30 2021,Arlington,VA,Passenger,1,1,2,128,130,1.54
November 30 2021,Bartow,GA,Passenger,0,1,1,3,4,25.00
November 30 2021,Burlington,NJ,Passenger,0,1,1,119,120,0.83
November 30 2021,Calvert,MD,Passenger,0,2,2,82,84,2.38
November 30 2021,San Joaquin,CA,Passenger,1,1,2,95,97,2.06
November 30 2021,San Juan,WA,Passenger,473,147,620,14196,14816,4.18
November 30 2021,Santa Clara,CA,Passenger,7,1,8,233,241,3.32
November 30 2021,Sedgwick,KS,Passenger,1,1,2,80,82,2.44
November 30 2021,Snohomish,WA,Truck,2,0,2,125694,125696,0.00
November 30 2021,Spokane,WA,Truck,0,0,0,102710,102710,0.00
November 30 2021,Thurston,WA,Passenger,1845,950,2795,197183,199978,1.40
November 30 2021,Wilson,TX,Passenger,0,1,1,2,3,33.33
September 30 2021,Skagit,WA,Passenger,641,291,932,91689,92621,1.01
September 30 2021,St. Mary's,MD,Passenger,1,0,1,205,206,0.49
September 30 2021,Sumter,SC,Passenger,0,1,1,34,35,2.86
September 30 2021,Thurston,WA,Passenger,1751,909,2660,197596,200256,1.33
September 30 2021,Wake,NC,Passenger,1,0,1,112,113,0.88
September 30 2021,Washington,OR,Passenger,1,0,1,360,361,0.28
October 31 2021,Anchorage,AK,Passenger,1,0,1,132,133,0.75
October 31 2021,Santa Clara,CA,Passenger,7,2,9,240,249,3.61
October 31 2021,Skamania,WA,Truck,0,0,0,4019,4019,0.00
October 31 2021,St. Clair,IL,Passenger,2,0,2,125,127,1.57
October 31 2021,Travis,TX,Passenger,3,3,6,134,140,4.29
October 31 2021,Walla Walla,WA,Passenger,132,82,214,36366,36580,0.59
October 31 2021,Walla Walla,WA,Truck,0,0,0,14051,14051,0.00
October 31 2021,Whitman,WA,Passenger,63,58,121,21936,22057,0.55
October 31 2021,Yakima,WA,Truck,0,0,0,61675,61675,0.00
November 30 2021,,,Passenger,3,1,4,351,355,1.13
November 30 2021,Wood,OH,Passenger,0,1,1,6,7,14.29
December 31 2021,Alexandria,VA,Passenger,2,0,2,118,120,1.67
December 31 2021,Collin,TX,Passenger,1,0,1,104,105,0.95
September 30 2021,Howard,IN,Passenger,0,1,1,6,7,14.29
September 30 2021,Jefferson,WA,Passenger,358,186,544,24813,25357,2.15
September 30 2021,Kauai,HI,Passenger,1,0,1,17,18,5.56
September 30 2021,King,WA,Truck,5,1,6,183911,183917,0.00
September 30 2021,Lee,FL,Passenger,1,0,1,34,35,2.86
September 30 2021,Missoula,MT,Passenger,1,0,1,52,53,1.89
October 31 2021,Bexar,TX,Passenger,3,5,8,492,500,1.60
October 31 2021,Chesapeake,VA,Passenger,1,3,4,383,387,1.03
September 30 2021,Lincoln,WA,Truck,0,0,0,4785,4785,0.00
September 30 2021,Nassau,NY,Passenger,2,0,2,25,27,7.41
September 30 2021,Okanogan,WA,Passenger,67,44,111,26547,26658,0.42
September 30 2021,Okanogan,WA,Truck,0,0,0,16705,16705,0.00
September 30 2021,Penobscot,ME,Passenger,0,1,1,8,9,11.11
November 30 2021,Bernalillo,NM,Passenger,1,0,1,108,109,0.92
November 30 2021,Camden,NJ,Passenger,0,1,1,14,15,6.67
November 30 2021,Clark,NV,Passenger,4,3,7,563,570,1.23
November 30 2021,Collin,TX,Passenger,1,0,1,103,104,0.96
November 30 2021,Columbia,WA,Truck,0,0,0,1552,1552,0.00
November 30 2021,Charleston,SC,Passenger,2,1,3,80,83,3.61
November 30 2021,Clark,WA,Passenger,3365,1535,4900,320876,325776,1.50
November 30 2021,Columbia,GA,Passenger,0,1,1,107,108,0.93
November 30 2021,Coryell,TX,Passenger,1,0,1,108,109,0.92
November 30 2021,DeKalb,GA,Passenger,1,0,1,56,57,1.75
November 30 2021,District of Columbia,DC,Passenger,5,0,5,189,194,2.58
November 30 2021,Ferry,WA,Passenger,13,3,16,4457,4473,0.36
November 30 2021,Fresno,CA,Passenger,1,0,1,157,158,0.63
September 30 2021,Carroll,NH,Passenger,0,1,1,5,6,16.67
September 30 2021,Carson City,NV,Passenger,1,0,1,10,11,9.09
September 30 2021,Clark,WA,Passenger,3152,1485,4637,321844,326481,1.42
September 30 2021,Clark,WA,Truck,0,0,0,84161,84161,0.00
September 30 2021,Cumberland,NC,Passenger,0,2,2,417,419,0.48
September 30 2021,Danville,VA,Passenger,1,0,1,0,1,100.00
September 30 2021,District of Columbia,DC,Passenger,5,0,5,194,199,2.51
September 30 2021,Douglas,NE,Passenger,1,1,2,47,49,4.08
September 30 2021,Fresno,CA,Passenger,1,0,1,163,164,0.61
September 30 2021,Goochland,VA,Passenger,3,2,5,196,201,2.49
September 30 2021,Oldham,KY,Passenger,0,1,1,4,5,20.00
September 30 2021,Pennington,SD,Passenger,1,0,1,31,32,3.12
September 30 2021,Prince William,VA,Passenger,1,1,2,206,208,0.96
September 30 2021,RÃ­o Grande,PR,Passenger,1,0,1,0,1,100.00
September 30 2021,Shelby,OH,Passenger,0,1,1,2,3,33.33
September 30 2021,Skamania,WA,Passenger,53,39,92,8384,8476,1.09
December 31 2021,Cowlitz,WA,Passenger,274,163,437,71566,72003,0.61
December 31 2021,Dallas,TX,Passenger,1,0,1,138,139,0.72
December 31 2021,Flathead,MT,Passenger,1,0,1,38,39,2.56
December 31 2021,Fort Bend,TX,Passenger,1,0,1,32,33,3.03
December 31 2021,Hamilton,IN,Passenger,2,0,2,25,27,7.41
December 31 2021,Hamilton,OH,Passenger,1,0,1,33,34,2.94
December 31 2021,Harris,TX,Passenger,1,0,1,158,159,0.63
December 31 2021,Hawaii,HI,Passenger,1,0,1,40,41,2.44
December 31 2021,Island,WA,Passenger,714,341,1055,62785,63840,1.65
October 31 2021,DeKalb,GA,Passenger,1,0,1,56,57,1.75
October 31 2021,Frederick,MD,Passenger,1,1,2,68,70,2.86
October 31 2021,Grant,WA,Passenger,133,95,228,66836,67064,0.34
October 31 2021,Grays Harbor,WA,Truck,0,0,0,21394,21394,0.00
October 31 2021,Houston,GA,Passenger,1,0,1,44,45,2.22
September 30 2021,Queens,NY,Passenger,2,0,2,43,45,4.44
September 30 2021,Richland,SC,Passenger,0,1,1,138,139,0.72
September 30 2021,San Francisco,CA,Passenger,0,1,1,80,81,1.23
September 30 2021,Ulster,NY,Passenger,1,0,1,8,9,11.11
September 30 2021,Virginia Beach,VA,Passenger,2,0,2,602,604,0.33
September 30 2021,Walla Walla,WA,Truck,0,0,0,14077,14077,0.00
November 30 2021,Grant,WA,Truck,0,0,0,28049,28049,0.00
November 30 2021,Houston,GA,Passenger,1,0,1,43,44,2.27
November 30 2021,Jefferson,NY,Passenger,0,1,1,203,204,0.49
November 30 2021,King,WA,Passenger,34722,10090,44812,1363059,1407871,3.18
November 30 2021,Larimer,CO,Passenger,1,0,1,51,52,1.92
November 30 2021,Leavenworth,KS,Passenger,1,1,2,110,112,1.79
November 30 2021,Douglas,OR,Passenger,1,0,1,28,29,3.45
November 30 2021,Douglas,WA,Truck,0,0,0,12693,12693,0.00
November 30 2021,Duval,FL,Passenger,0,2,2,324,326,0.61
November 30 2021,El Paso,TX,Passenger,3,0,3,353,356,0.84
November 30 2021,Gwinnett,GA,Passenger,1,0,1,58,59,1.69
November 30 2021,Jefferson,WA,Passenger,372,195,567,24793,25360,2.24
November 30 2021,Kings,CA,Passenger,2,0,2,324,326,0.61
October 31 2021,Vigo,IN,Passenger,1,0,1,5,6,16.67
October 31 2021,Wahkiakum,WA,Truck,0,0,0,1828,1828,0.00
October 31 2021,Whatcom,WA,Truck,4,0,4,43777,43781,0.01
November 30 2021,Adams,WA,Truck,0,0,0,5421,5421,0.00
November 30 2021,Allen,IN,Passenger,1,0,1,14,15,6.67
November 30 2021,Anne Arundel,MD,Passenger,5,3,8,358,366,2.19
November 30 2021,Asotin,WA,Passenger,21,17,38,12755,12793,0.30
November 30 2021,Asotin,WA,Truck,0,0,0,6759,6759,0.00
December 31 2021,Jefferson,WA,Truck,0,0,0,9600,9600,0.00
December 31 2021,Mason,WA,Passenger,266,158,424,47772,48196,0.88
December 31 2021,Montgomery,TX,Passenger,1,1,2,36,38,5.26
December 31 2021,Multnomah,OR,Passenger,2,5,7,601,608,1.15
December 31 2021,Newport,RI,Passenger,1,0,1,71,72,1.39
December 31 2021,Orange,FL,Passenger,1,0,1,103,104,0.96
September 30 2021,Wayne,NC,Passenger,1,0,1,28,29,3.45
September 30 2021,Whitman,WA,Truck,0,0,0,8561,8561,0.00
September 30 2021,Williamson,TX,Passenger,1,2,3,96,99,3.03
September 30 2021,Wilson,NC,Passenger,1,0,1,0,1,100.00
October 31 2021,Allegheny,PA,Passenger,1,1,2,58,60,3.33
October 31 2021,Arlington,VA,Passenger,1,1,2,129,131,1.53
October 31 2021,Carson City,NV,Passenger,1,0,1,10,11,9.09
October 31 2021,Charleston,SC,Passenger,2,1,3,82,85,3.53
October 31 2021,Chelan,WA,Passenger,385,110,495,54678,55173,0.90
September 30 2021,Wahkiakum,WA,Passenger,16,8,24,3071,3095,0.78
September 30 2021,Walla Walla,WA,Passenger,128,82,210,36444,36654,0.57
September 30 2021,Williams,ND,Passenger,0,1,1,8,9,11.11
October 31 2021,Adams,WA,Truck,0,0,0,5409,5409,0.00
October 31 2021,Allen,IN,Passenger,1,0,1,15,16,6.25
October 31 2021,Anne Arundel,MD,Passenger,5,3,8,364,372,2.15
October 31 2021,Asotin,WA,Passenger,21,17,38,12772,12810,0.30
October 31 2021,King,WA,Passenger,33846,9916,43762,1364090,1407852,3.11
October 31 2021,Kings,NY,Passenger,1,0,1,69,70,1.43
October 31 2021,Kittitas,WA,Truck,0,0,0,14773,14773,0.00
October 31 2021,Louisa,VA,Passenger,0,1,1,1,2,50.00
October 31 2021,Middlesex,MA,Passenger,1,1,2,91,93,2.15
October 31 2021,Milwaukee,WI,Passenger,1,0,1,37,38,2.63
October 31 2021,Monterey,CA,Passenger,0,1,1,144,145,0.69
October 31 2021,Moore,NC,Passenger,0,1,1,124,125,0.80
October 31 2021,Okanogan,WA,Truck,0,0,0,16682,16682,0.00
October 31 2021,Onslow,NC,Passenger,0,1,1,171,172,0.58
November 30 2021,Mason,WA,Truck,0,0,0,21259,21259,0.00
November 30 2021,Monterey,CA,Passenger,0,1,1,139,140,0.71
November 30 2021,Moore,NC,Passenger,0,1,1,122,123,0.81
November 30 2021,Norfolk,VA,Passenger,3,3,6,313,319,1.88
November 30 2021,Oldham,KY,Passenger,0,1,1,4,5,20.00
November 30 2021,Pima,AZ,Passenger,1,1,2,255,257,0.78
November 30 2021,Ray,MO,Passenger,0,1,1,1,2,50.00
November 30 2021,Sacramento,CA,Passenger,2,0,2,219,221,0.90
November 30 2021,San Luis Obispo,CA,Passenger,1,0,1,58,59,1.69
November 30 2021,Lake,FL,Passenger,1,0,1,23,24,4.17
November 30 2021,Lane,OR,Passenger,0,1,1,109,110,0.91
November 30 2021,Okaloosa,FL,Passenger,0,1,1,112,113,0.88
November 30 2021,Pacific,WA,Passenger,51,64,115,16073,16188,0.71
November 30 2021,Pacific,WA,Truck,0,0,0,8004,8004,0.00
October 31 2021,Pend Oreille,WA,Truck,0,0,0,5687,5687,0.00
October 31 2021,Pima,AZ,Passenger,1,1,2,256,258,0.78
October 31 2021,Placer,CA,Passenger,2,0,2,72,74,2.70
October 31 2021,Platte,MO,Passenger,1,0,1,16,17,5.88
October 31 2021,Sarpy,NE,Passenger,1,0,1,58,59,1.69
October 31 2021,Suffolk,VA,Passenger,1,0,1,121,122,0.82
November 30 2021,Powhatan,VA,Passenger,1,0,1,1,2,50.00
November 30 2021,Prince William,VA,Passenger,1,1,2,201,203,0.99
November 30 2021,Richmond,GA,Passenger,0,1,1,75,76,1.32
November 30 2021,Rockdale,GA,Passenger,1,0,1,7,8,12.50
November 30 2021,Rockingham,NH,Passenger,1,0,1,21,22,4.55
November 30 2021,Rogers,OK,Passenger,1,0,1,4,5,20.00
November 30 2021,Stevens,WA,Truck,0,0,0,18926,18926,0.00
November 30 2021,Suffolk,MA,Passenger,0,2,2,26,28,7.14
November 30 2021,Sumter,SC,Passenger,0,1,1,32,33,3.03
November 30 2021,Tarrant,TX,Passenger,1,0,1,128,129,0.78
November 30 2021,Chesapeake,VA,Passenger,2,3,5,380,385,1.30
November 30 2021,DuPage,IL,Passenger,1,0,1,50,51,1.96
November 30 2021,El Paso,CO,Passenger,3,0,3,678,681,0.44
November 30 2021,Erie,NY,Passenger,1,0,1,32,33,3.03
November 30 2021,Franklin,WA,Truck,0,0,0,20782,20782,0.00
October 31 2021,Clark,WA,Truck,0,0,0,84038,84038,0.00
October 31 2021,Danville,VA,Passenger,1,0,1,0,1,100.00
October 31 2021,Douglas,OR,Passenger,1,0,1,27,28,3.57
October 31 2021,Douglas,WA,Truck,0,0,0,12679,12679,0.00
October 31 2021,DuPage,IL,Passenger,1,0,1,51,52,1.92
October 31 2021,El Paso,CO,Passenger,3,0,3,680,683,0.44
October 31 2021,El Paso,TX,Passenger,3,0,3,354,357,0.84
October 31 2021,Erie,NY,Passenger,1,0,1,32,33,3.03
November 30 2021,Santa Cruz,CA,Passenger,1,0,1,23,24,4.17
November 30 2021,Sarasota,FL,Passenger,2,0,2,29,31,6.45
November 30 2021,Spartanburg,SC,Passenger,0,1,1,48,49,2.04
November 30 2021,St. Clair,IL,Passenger,2,0,2,122,124,1.61
November 30 2021,Travis,TX,Passenger,3,3,6,131,137,4.38
November 30 2021,Whitman,WA,Passenger,66,58,124,21963,22087,0.56
November 30 2021,Yakima,WA,Truck,0,0,0,61720,61720,0.00
December 31 2021,Alameda,CA,Passenger,4,0,4,209,213,1.88
September 30 2021,Grays Harbor,WA,Passenger,183,150,333,49493,49826,0.67
September 30 2021,Grays Harbor,WA,Truck,0,0,0,21398,21398,0.00
September 30 2021,Greene,MO,Passenger,0,1,1,27,28,3.57
September 30 2021,Jefferson,NY,Passenger,0,1,1,210,211,0.47
September 30 2021,Leavenworth,KS,Passenger,0,1,1,115,116,0.86
September 30 2021,Lewis,WA,Truck,0,0,0,26706,26706,0.00
September 30 2021,Los Angeles,CA,Passenger,7,9,16,850,866,1.85
November 30 2021,Wichita,TX,Passenger,1,0,1,42,43,2.33
December 31 2021,Anchorage,AK,Passenger,1,0,1,124,125,0.80
December 31 2021,Bartow,GA,Passenger,0,1,1,3,4,25.00
December 31 2021,Bexar,TX,Passenger,3,4,7,484,491,1.43
December 31 2021,Calvert,MD,Passenger,0,2,2,80,82,2.44
December 31 2021,Pacific,WA,Truck,0,0,0,8020,8020,0.00
December 31 2021,Pend Oreille,WA,Truck,0,0,0,5703,5703,0.00
December 31 2021,Pierce,WA,Passenger,4237,2127,6364,555888,562252,1.13
December 31 2021,Placer,CA,Passenger,2,0,2,72,74,2.70
December 31 2021,Portsmouth,VA,Passenger,0,1,1,77,78,1.28
December 31 2021,Rockdale,GA,Passenger,1,0,1,7,8,12.50
December 31 2021,San Francisco,CA,Passenger,0,1,1,79,80,1.25
December 31 2021,San Juan,WA,Truck,0,0,0,6002,6002,0.00
December 31 2021,Sarpy,NE,Passenger,1,0,1,58,59,1.69
December 31 2021,Skagit,WA,Passenger,695,302,997,91138,92135,1.08
December 31 2021,Skamania,WA,Truck,0,0,0,4001,4001,0.00
December 31 2021,St. Mary's,MD,Passenger,1,0,1,204,205,0.49
October 31 2021,Garfield,WA,Truck,0,0,0,998,998,0.00
October 31 2021,Greene,MO,Passenger,0,1,1,26,27,3.70
October 31 2021,Gwinnett,GA,Passenger,1,0,1,58,59,1.69
October 31 2021,Kitsap,WA,Truck,0,0,0,54258,54258,0.00
October 31 2021,Lake,FL,Passenger,1,0,1,23,24,4.17
October 31 2021,Clallam,WA,Passenger,365,235,600,50536,51136,1.17
October 31 2021,Clallam,WA,Truck,1,0,1,22065,22066,0.00
October 31 2021,Clark,WA,Passenger,3255,1513,4768,321118,325886,1.46
October 31 2021,Columbia,WA,Passenger,7,2,9,2439,2448,0.37
October 31 2021,Cumberland,NC,Passenger,0,2,2,412,414,0.48
October 31 2021,District of Columbia,DC,Passenger,5,0,5,191,196,2.55
October 31 2021,Fairbanks North Star,AK,Passenger,0,1,1,80,81,1.23
October 31 2021,Fairfax,VA,Passenger,4,4,8,670,678,1.18
October 31 2021,Fresno,CA,Passenger,1,0,1,161,162,0.62
October 31 2021,Geary,KS,Passenger,1,0,1,96,97,1.03
October 31 2021,Grays Harbor,WA,Passenger,187,151,338,49490,49828,0.68
October 31 2021,Harrison,MS,Passenger,2,0,2,52,54,3.70
October 31 2021,Owyhee,ID,Passenger,1,0,1,2,3,33.33
October 31 2021,Penobscot,ME,Passenger,0,1,1,8,9,11.11
December 31 2021,Arlington,VA,Passenger,1,0,1,128,129,0.78
December 31 2021,Boone,MO,Passenger,0,1,1,9,10,10.00
December 31 2021,Boulder,CO,Passenger,1,1,2,38,40,5.00
December 31 2021,Camden,NJ,Passenger,0,1,1,14,15,6.67
December 31 2021,Cape May,NJ,Passenger,0,1,1,8,9,11.11
December 31 2021,Charles,MD,Passenger,1,1,2,69,71,2.82
December 31 2021,Charleston,SC,Passenger,2,1,3,78,81,3.70
December 31 2021,Clark,NV,Passenger,4,3,7,562,569,1.23
December 31 2021,Douglas,CO,Passenger,0,1,1,75,76,1.32
December 31 2021,Douglas,WA,Truck,0,0,0,12700,12700,0.00
December 31 2021,DuPage,IL,Passenger,1,0,1,49,50,2.00
December 31 2021,Duval,FL,Passenger,0,2,2,316,318,0.63
December 31 2021,Chesapeake,VA,Passenger,2,3,5,379,384,1.30
December 31 2021,DeKalb,GA,Passenger,1,0,1,56,57,1.75
December 31 2021,Ferry,WA,Passenger,14,3,17,4442,4459,0.38
December 31 2021,Garfield,WA,Truck,0,0,0,1000,1000,0.00
December 31 2021,Hennepin,MN,Passenger,3,0,3,62,65,4.62
October 31 2021,Ventura,CA,Passenger,2,1,3,255,258,1.16
October 31 2021,Virginia Beach,VA,Passenger,2,0,2,588,590,0.34
October 31 2021,Yakima,WA,Passenger,270,165,435,168848,169283,0.26
November 30 2021,Adams,WA,Passenger,16,14,30,13045,13075,0.23
November 30 2021,Baltimore,MD,Passenger,1,0,1,84,85,1.18
November 30 2021,Benton,WA,Passenger,625,435,1060,136023,137083,0.77
November 30 2021,Boone,MO,Passenger,0,1,1,9,10,10.00
November 30 2021,Boulder,CO,Passenger,1,1,2,37,39,5.13
November 30 2021,Broward,FL,Passenger,2,0,2,96,98,2.04
November 30 2021,Cape May,NJ,Passenger,0,1,1,8,9,11.11
November 30 2021,Champaign,IL,Passenger,1,0,1,10,11,9.09
October 31 2021,Queens,NY,Passenger,1,0,1,43,44,2.27
October 31 2021,Richland,SC,Passenger,0,1,1,135,136,0.74
October 31 2021,Rockingham,NH,Passenger,1,0,1,21,22,4.55
October 31 2021,Rogers,OK,Passenger,1,0,1,4,5,20.00
October 31 2021,St. Louis,MO,Passenger,1,0,1,72,73,1.37
October 31 2021,Stevens,WA,Truck,0,0,0,18894,18894,0.00
December 31 2021,Howard,IN,Passenger,0,1,1,6,7,14.29
December 31 2021,Jefferson,WA,Passenger,382,194,576,24759,25335,2.27
December 31 2021,Kauai,HI,Passenger,1,0,1,17,18,5.56
December 31 2021,Kitsap,WA,Truck,0,0,0,54213,54213,0.00
December 31 2021,Wake,NC,Passenger,1,0,1,105,106,0.94
December 31 2021,Yakima,WA,Passenger,286,173,459,168783,169242,0.27
January 31 2022,,,Passenger,3,1,4,344,348,1.15
January 31 2022,Albemarle,VA,Passenger,1,0,1,19,20,5.00
January 31 2022,Anchorage,AK,Passenger,1,0,1,124,125,0.80
January 31 2022,Benton,WA,Passenger,654,453,1107,135971,137078,0.81
January 31 2022,Bexar,TX,Passenger,3,4,7,477,484,1.45
September 30 2021,Mason,WA,Truck,0,0,0,21296,21296,0.00
September 30 2021,Middlesex,MA,Passenger,1,1,2,92,94,2.13
September 30 2021,Monterey,CA,Passenger,0,1,1,145,146,0.68
September 30 2021,Moore,NC,Passenger,0,1,1,124,125,0.80
September 30 2021,Onslow,NC,Passenger,0,1,1,175,176,0.57
September 30 2021,Pend Oreille,WA,Passenger,17,7,24,9242,9266,0.26
September 30 2021,Pima,AZ,Passenger,1,1,2,260,262,0.76
September 30 2021,Plaquemines,LA,Passenger,0,1,1,17,18,5.56
September 30 2021,Ray,MO,Passenger,0,1,1,1,2,50.00
September 30 2021,San Luis Obispo,CA,Passenger,1,0,1,60,61,1.64
September 30 2021,Sarasota,FL,Passenger,2,0,2,28,30,6.67
September 30 2021,Saratoga,NY,Passenger,1,0,1,42,43,2.33
October 31 2021,Klickitat,WA,Passenger,87,51,138,15359,15497,0.89
October 31 2021,Lake,IL,Passenger,3,0,3,155,158,1.90
October 31 2021,Leavenworth,KS,Passenger,0,1,1,111,112,0.89
October 31 2021,Lewis,WA,Truck,0,0,0,26741,26741,0.00
October 31 2021,Los Angeles,CA,Passenger,7,9,16,836,852,1.88
October 31 2021,Maricopa,AZ,Passenger,7,3,10,1071,1081,0.93
November 30 2021,Clallam,WA,Passenger,372,238,610,50523,51133,1.19
November 30 2021,Cowlitz,WA,Truck,0,1,1,29030,29031,0.00
November 30 2021,Douglas,CO,Passenger,0,1,1,76,77,1.30
November 30 2021,Essex,NJ,Passenger,2,0,2,10,12,16.67
November 30 2021,Fairfax,VA,Passenger,3,4,7,662,669,1.05
November 30 2021,Geary,KS,Passenger,1,0,1,96,97,1.03
October 31 2021,Whitman,WA,Truck,0,0,0,8559,8559,0.00
October 31 2021,Williamson,TX,Passenger,1,2,3,95,98,3.06
November 30 2021,Alexandria,VA,Passenger,2,0,2,121,123,1.63
November 30 2021,Benton,WA,Truck,0,0,0,43655,43655,0.00
November 30 2021,Chelan,WA,Truck,0,0,0,23096,23096,0.00
November 30 2021,Kern,CA,Passenger,0,1,1,201,202,0.50
November 30 2021,Kitsap,WA,Passenger,2083,942,3025,180551,183576,1.65
November 30 2021,Kitsap,WA,Truck,0,0,0,54289,54289,0.00
November 30 2021,Kittitas,WA,Truck,0,0,0,14805,14805,0.00
November 30 2021,Lewis,WA,Passenger,199,163,362,59634,59996,0.60
December 31 2021,Houston,GA,Passenger,1,0,1,43,44,2.27
December 31 2021,King,WA,Passenger,35486,10223,45709,1359429,1405138,3.25
December 31 2021,Kings,NY,Passenger,1,0,1,65,66,1.52
December 31 2021,Kittitas,WA,Passenger,207,75,282,29847,30129,0.94
December 31 2021,Kittitas,WA,Truck,0,0,0,14794,14794,0.00
December 31 2021,Larimer,CO,Passenger,1,0,1,51,52,1.92
December 31 2021,Lincoln,WA,Passenger,7,16,23,7720,7743,0.30
December 31 2021,Montgomery,PA,Passenger,2,0,2,21,23,8.70
December 31 2021,Lake,FL,Passenger,1,0,1,23,24,4.17
December 31 2021,Lane,OR,Passenger,0,1,1,108,109,0.92
December 31 2021,Las Animas,CO,Passenger,1,0,1,0,1,100.00
December 31 2021,Lewis,WA,Passenger,206,164,370,59618,59988,0.62
December 31 2021,Norfolk,VA,Passenger,3,3,6,310,316,1.90
December 31 2021,Nueces,TX,Passenger,1,1,2,64,66,3.03
October 31 2021,Montgomery,OH,Passenger,0,1,1,53,54,1.85
October 31 2021,Plaquemines,LA,Passenger,0,1,1,17,18,5.56
October 31 2021,Polk,FL,Passenger,1,0,1,54,55,1.82
October 31 2021,Prince George's,MD,Passenger,2,1,3,136,139,2.16
October 31 2021,Randolph,NC,Passenger,1,0,1,5,6,16.67
October 31 2021,San Joaquin,CA,Passenger,1,1,2,96,98,2.04
October 31 2021,San Luis Obispo,CA,Passenger,1,0,1,59,60,1.67
October 31 2021,San Mateo,CA,Passenger,2,0,2,84,86,2.33
October 31 2021,Sarasota,FL,Passenger,2,0,2,30,32,6.25
October 31 2021,Shelby,OH,Passenger,0,1,1,2,3,33.33
January 31 2022,Carroll,MD,Passenger,0,1,1,15,16,6.25
January 31 2022,Cowlitz,WA,Truck,0,1,1,28926,28927,0.00
January 31 2022,Douglas,WA,Passenger,118,56,174,28588,28762,0.60
January 31 2022,Elmore,ID,Passenger,1,0,1,16,17,5.88
January 31 2022,Essex,NJ,Passenger,2,0,2,10,12,16.67
January 31 2022,Frederick,MD,Passenger,1,1,2,67,69,2.90
November 30 2021,Montgomery,TX,Passenger,1,1,2,37,39,5.13
November 30 2021,New London,CT,Passenger,1,4,5,216,221,2.26
November 30 2021,Nueces,TX,Passenger,1,0,1,64,65,1.54
November 30 2021,Orange,FL,Passenger,1,0,1,104,105,0.95
November 30 2021,Owyhee,ID,Passenger,1,0,1,2,3,33.33
November 30 2021,Portsmouth,VA,Passenger,0,1,1,78,79,1.27
November 30 2021,Richland,SC,Passenger,0,1,1,136,137,0.73
November 30 2021,Saginaw,MI,Passenger,1,0,1,5,6,16.67
November 30 2021,Howard,IN,Passenger,0,1,1,6,7,14.29
November 30 2021,Howard,MD,Passenger,0,1,1,56,57,1.75
November 30 2021,Island,WA,Truck,0,0,0,21548,21548,0.00
November 30 2021,Klickitat,WA,Truck,0,0,0,8335,8335,0.00
November 30 2021,Las Animas,CO,Passenger,1,0,1,0,1,100.00
November 30 2021,Lincoln,WA,Truck,0,0,0,4812,4812,0.00
December 31 2021,Prince William,VA,Passenger,1,1,2,201,203,0.99
December 31 2021,Rockingham,NH,Passenger,1,0,1,19,20,5.00
December 31 2021,Rogers,OK,Passenger,1,0,1,4,5,20.00
December 31 2021,San Bernardino,CA,Passenger,0,1,1,358,359,0.28
December 31 2021,Santa Cruz,CA,Passenger,1,0,1,24,25,4.00
December 31 2021,Snohomish,WA,Passenger,7024,2235,9259,537528,546787,1.69
November 30 2021,Cowlitz,WA,Passenger,265,159,424,71777,72201,0.59
November 30 2021,Dorchester,SC,Passenger,1,0,1,62,63,1.59
November 30 2021,Flathead,MT,Passenger,1,0,1,40,41,2.44
November 30 2021,Fort Bend,TX,Passenger,1,0,1,36,37,2.70
November 30 2021,Garfield,WA,Truck,0,0,0,994,994,0.00
November 30 2021,Goochland,VA,Passenger,3,2,5,181,186,2.69
November 30 2021,Greene,MO,Passenger,0,1,1,25,26,3.85
November 30 2021,Hamilton,IN,Passenger,2,0,2,29,31,6.45
November 30 2021,Hamilton,OH,Passenger,1,0,1,33,34,2.94
November 30 2021,Harnett,NC,Passenger,1,1,2,155,157,1.27
November 30 2021,Harris,TX,Passenger,1,1,2,166,168,1.19
November 30 2021,Hawaii,HI,Passenger,1,0,1,41,42,2.38
November 30 2021,Hidalgo,TX,Passenger,0,1,1,53,54,1.85
November 30 2021,Honolulu,HI,Passenger,4,3,7,363,370,1.89
September 30 2021,Snohomish,WA,Truck,1,0,1,125969,125970,0.00
September 30 2021,Spartanburg,SC,Passenger,0,1,1,48,49,2.04
September 30 2021,Vigo,IN,Passenger,1,0,1,5,6,16.67
September 30 2021,Wahkiakum,WA,Truck,0,0,0,1816,1816,0.00
September 30 2021,Whatcom,WA,Passenger,1540,642,2182,150569,152751,1.43
October 31 2021,Adams,WA,Passenger,16,14,30,13035,13065,0.23
October 31 2021,Baltimore,MD,Passenger,1,0,1,87,88,1.14
October 31 2021,Boone,MO,Passenger,0,1,1,9,10,10.00
December 31 2021,Nassau,NY,Passenger,2,0,2,25,27,7.41
December 31 2021,Okanogan,WA,Passenger,69,45,114,26605,26719,0.43
December 31 2021,Okanogan,WA,Truck,0,0,0,16692,16692,0.00
December 31 2021,Penobscot,ME,Passenger,0,1,1,8,9,11.11
December 31 2021,Queens,NY,Passenger,1,0,1,48,49,2.04
December 31 2021,Sacramento,CA,Passenger,2,0,2,210,212,0.94
December 31 2021,Santa Clara,CA,Passenger,7,1,8,228,236,3.39
December 31 2021,Sonoma,CA,Passenger,0,1,1,80,81,1.23
December 31 2021,Suffolk,VA,Passenger,1,0,1,123,124,0.81
January 31 2022,Garfield,WA,Passenger,0,3,3,1356,1359,0.22
January 31 2022,Grant,WA,Passenger,140,100,240,66820,67060,0.36
January 31 2022,Houston,GA,Passenger,1,0,1,40,41,2.44
January 31 2022,Hudson,NJ,Passenger,1,0,1,36,37,2.70
January 31 2022,King,WA,Passenger,36359,10407,46766,1356704,1403470,3.33
January 31 2022,Kings,NY,Passenger,1,0,1,65,66,1.52
October 31 2021,Snohomish,WA,Truck,2,0,2,125805,125807,0.00
October 31 2021,Spokane,WA,Truck,0,0,0,102598,102598,0.00
October 31 2021,Stevens,WA,Passenger,52,43,95,30249,30344,0.31
October 31 2021,Wahkiakum,WA,Passenger,17,8,25,3065,3090,0.81
November 30 2021,Alameda,CA,Passenger,4,0,4,210,214,1.87
November 30 2021,Albemarle,VA,Passenger,1,0,1,20,21,4.76
November 30 2021,Anchorage,AK,Passenger,1,0,1,126,127,0.79
December 31 2021,Wahkiakum,WA,Passenger,17,10,27,3082,3109,0.87
December 31 2021,Williams,ND,Passenger,0,1,1,8,9,11.11
January 31 2022,Allen,IN,Passenger,1,0,1,14,15,6.67
January 31 2022,Asotin,WA,Passenger,23,17,40,12670,12710,0.31
November 30 2021,San Bernardino,CA,Passenger,0,1,1,364,365,0.27
November 30 2021,San Juan,WA,Truck,0,0,0,5996,5996,0.00
November 30 2021,Sarpy,NE,Passenger,1,0,1,58,59,1.69
November 30 2021,Sevier,AR,Passenger,0,1,1,0,1,100.00
November 30 2021,Snohomish,WA,Passenger,6837,2229,9066,538459,547525,1.66
November 30 2021,Spokane,WA,Passenger,1262,748,2010,327136,329146,0.61
November 30 2021,St. Louis,MO,Passenger,1,0,1,71,72,1.39
November 30 2021,Stafford,VA,Passenger,2,1,3,93,96,3.12
November 30 2021,Suffolk,VA,Passenger,1,0,1,121,122,0.82
November 30 2021,Ventura,CA,Passenger,2,1,3,253,256,1.17
January 31 2022,Louisa,VA,Passenger,0,1,1,1,2,50.00
January 31 2022,Manassas,VA,Passenger,0,1,1,6,7,14.29
January 31 2022,Marin,CA,Passenger,0,1,1,33,34,2.94
January 31 2022,Monterey,CA,Passenger,0,1,1,136,137,0.73
January 31 2022,Okanogan,WA,Truck,0,0,0,16697,16697,0.00
January 31 2022,Platte,MO,Passenger,1,0,1,16,17,5.88
January 31 2022,Powhatan,VA,Passenger,1,0,1,1,2,50.00
January 31 2022,Richmond,GA,Passenger,0,1,1,74,75,1.33
October 31 2021,Boulder,CO,Passenger,1,1,2,37,39,5.13
October 31 2021,Camden,NJ,Passenger,0,1,1,14,15,6.67
October 31 2021,Cape May,NJ,Passenger,0,1,1,8,9,11.11
October 31 2021,Champaign,IL,Passenger,1,0,1,11,12,8.33
October 31 2021,Clackamas,OR,Passenger,2,0,2,169,171,1.17
October 31 2021,Clark,NV,Passenger,4,3,7,578,585,1.20
October 31 2021,Dorchester,SC,Passenger,1,0,1,64,65,1.54
October 31 2021,Douglas,CO,Passenger,0,1,1,75,76,1.32
October 31 2021,Duval,FL,Passenger,0,2,2,323,325,0.62
October 31 2021,Ferry,WA,Truck,0,0,0,3592,3592,0.00
November 30 2021,New York,NY,Passenger,1,0,1,38,39,2.56
November 30 2021,Orange,CA,Passenger,5,2,7,393,400,1.75
November 30 2021,Philadelphia,PA,Passenger,1,0,1,39,40,2.50
November 30 2021,Pierce,WA,Truck,0,0,0,145154,145154,0.00
November 30 2021,Polk,FL,Passenger,1,0,1,56,57,1.75
November 30 2021,Richmond,NY,Passenger,1,0,1,6,7,14.29
November 30 2021,Riverside,CA,Passenger,5,1,6,498,504,1.19
November 30 2021,San Mateo,CA,Passenger,2,0,2,80,82,2.44
November 30 2021,Shelby,OH,Passenger,0,1,1,2,3,33.33
November 30 2021,Skagit,WA,Truck,1,0,1,32805,32806,0.00
November 30 2021,Stevens,WA,Passenger,54,43,97,30318,30415,0.32
November 30 2021,Island,WA,Passenger,701,343,1044,62987,64031,1.63
November 30 2021,Jefferson,WA,Truck,0,0,0,9602,9602,0.00
November 30 2021,Mason,WA,Passenger,255,158,413,47809,48222,0.86
November 30 2021,Multnomah,OR,Passenger,2,6,8,614,622,1.29
November 30 2021,Nassau,NY,Passenger,2,0,2,24,26,7.69
November 30 2021,Bexar,TX,Passenger,3,4,7,487,494,1.42
November 30 2021,Carroll,MD,Passenger,0,1,1,16,17,5.88
November 30 2021,Charles,MD,Passenger,1,1,2,69,71,2.82
November 30 2021,Chelan,WA,Passenger,400,113,513,54702,55215,0.93
November 30 2021,Clallam,WA,Truck,1,0,1,22117,22118,0.00
December 31 2021,Travis,TX,Passenger,2,0,2,132,134,1.49
December 31 2021,Ventura,CA,Passenger,2,1,3,249,252,1.19
December 31 2021,Virginia Beach,VA,Passenger,2,0,2,570,572,0.35
December 31 2021,Walla Walla,WA,Truck,0,0,0,14091,14091,0.00
December 31 2021,Washington,MD,Passenger,2,0,2,14,16,12.50
December 31 2021,Whitman,WA,Passenger,67,59,126,21982,22108,0.57
December 31 2021,Whitman,WA,Truck,0,0,0,8561,8561,0.00
December 31 2021,Williamson,TX,Passenger,1,2,3,88,91,3.30
December 31 2021,Wilson,TX,Passenger,0,1,1,2,3,33.33
January 31 2022,Allegheny,PA,Passenger,1,1,2,53,55,3.64
January 31 2022,Arlington,VA,Passenger,1,0,1,131,132,0.76
January 31 2022,Douglas,OR,Passenger,1,0,1,28,29,3.45
January 31 2022,Douglas,WA,Truck,0,0,0,12681,12681,0.00
January 31 2022,El Paso,CO,Passenger,3,0,3,666,669,0.45
January 31 2022,El Paso,TX,Passenger,2,0,2,350,352,0.57
January 31 2022,Garfield,WA,Truck,0,0,0,994,994,0.00
January 31 2022,Gwinnett,GA,Passenger,1,0,1,56,57,1.75
January 31 2022,San Diego,CA,Passenger,15,8,23,2391,2414,0.95
January 31 2022,Suffolk,MA,Passenger,0,2,2,24,26,7.69
January 31 2022,Sumter,SC,Passenger,0,1,1,32,33,3.03
July 31 2018,Morris,NJ,Passenger,1,0,1,16,17,5.88
July 31 2018,Okanogan,WA,Truck,0,0,0,16423,16423,0.00
July 31 2018,Tuolumne,CA,Passenger,0,1,1,11,12,8.33
July 31 2018,Volusia,FL,Passenger,0,1,1,32,33,3.03
July 31 2018,Walla Walla,WA,Passenger,34,44,78,35740,35818,0.22
July 31 2018,Yakima,WA,Passenger,65,93,158,163967,164125,0.10
July 31 2018,Yakima,WA,Truck,0,0,0,58545,58545,0.00
August 31 2018,Adams,WA,Truck,0,0,0,5174,5174,0.00
August 31 2018,Alameda,CA,Passenger,0,1,1,339,340,0.29
August 31 2018,Anne Arundel,MD,Passenger,0,1,1,453,454,0.22
August 31 2018,Asotin,WA,Truck,0,0,0,6647,6647,0.00
August 31 2018,Beaufort,SC,Passenger,1,0,1,39,40,2.50
August 31 2018,Prince George's,MD,Passenger,1,1,2,180,182,1.10
August 31 2018,San Juan,WA,Passenger,152,66,218,14152,14370,1.52
August 31 2018,Sangamon,IL,Passenger,1,0,1,11,12,8.33
August 31 2018,Santa Clara,CA,Passenger,8,0,8,377,385,2.08
August 31 2018,Sedgwick,KS,Passenger,0,1,1,100,101,0.99
August 31 2018,Whitman,WA,Truck,0,0,0,8506,8506,0.00
August 31 2018,Williamson,TX,Passenger,0,1,1,162,163,0.61
September 30 2018,Adams,WA,Passenger,5,5,10,12683,12693,0.08
September 30 2018,Anne Arundel,MD,Passenger,0,1,1,451,452,0.22
September 30 2018,Cape May,NJ,Passenger,0,1,1,22,23,4.35
June 30 2018,Camden,NJ,Passenger,0,1,1,33,34,2.94
June 30 2018,Clark,WA,Truck,0,0,0,79123,79123,0.00
June 30 2018,Douglas,WA,Truck,0,0,0,11947,11947,0.00
June 30 2018,DuPage,IL,Passenger,1,0,1,63,64,1.56
June 30 2018,El Paso,CO,Passenger,2,1,3,764,767,0.39
June 30 2018,Franklin,MA,Passenger,0,1,1,1,2,50.00
August 31 2018,Pacific,WA,Truck,0,0,0,7625,7625,0.00
August 31 2018,Palm Beach,FL,Passenger,0,1,1,82,83,1.20
August 31 2018,Pend Oreille,WA,Truck,0,0,0,5718,5718,0.00
August 31 2018,Pima,AZ,Passenger,1,1,2,415,417,0.48
August 31 2018,Ramsey,MN,Passenger,1,0,1,40,41,2.44
August 31 2018,San Juan,PR,Passenger,0,1,1,4,5,20.00
August 31 2018,St. Lucie,FL,Passenger,1,0,1,30,31,3.23
August 31 2018,Stevens,WA,Truck,0,0,0,18674,18674,0.00
July 31 2018,Pima,AZ,Passenger,1,1,2,412,414,0.48
July 31 2018,Shelby,TN,Passenger,0,1,1,102,103,0.97
July 31 2018,Travis,TX,Passenger,0,1,1,191,192,0.52
July 31 2018,Richmond,GA,Passenger,0,1,1,95,96,1.04
July 31 2018,Riverside,CA,Passenger,2,2,4,694,698,0.57
July 31 2018,San Juan,WA,Truck,0,0,0,5732,5732,0.00
July 31 2018,San Mateo,CA,Passenger,1,1,2,131,133,1.50
July 31 2018,Santa Fe,NM,Passenger,0,1,1,44,45,2.22
July 31 2018,Skagit,WA,Truck,1,0,1,32122,32123,0.00
July 31 2018,St. Lucie,FL,Passenger,1,0,1,29,30,3.33
July 31 2018,Stevens,WA,Passenger,11,25,36,31650,31686,0.11
July 31 2018,Sumter,FL,Passenger,0,1,1,10,11,9.09
July 31 2018,Tarrant,TX,Passenger,1,0,1,218,219,0.46
July 31 2018,Thurston,WA,Truck,0,0,0,54408,54408,0.00
July 31 2018,Whatcom,WA,Truck,2,0,2,42310,42312,0.00
August 31 2018,Charles,MD,Passenger,0,1,1,83,84,1.19
August 31 2018,Clallam,WA,Truck,0,0,0,21474,21474,0.00
August 31 2018,Clay,FL,Passenger,0,1,1,95,96,1.04
August 31 2018,DuPage,IL,Passenger,1,0,1,57,58,1.72
August 31 2018,Franklin,WA,Truck,0,0,0,18794,18794,0.00
August 31 2018,Garfield,WA,Passenger,1,1,2,1318,1320,0.15
July 31 2018,Pierce,WA,Passenger,1262,1194,2456,533528,535984,0.46
July 31 2018,Portsmouth,VA,Passenger,0,1,1,72,73,1.37
July 31 2018,Skagit,WA,Passenger,215,171,386,90716,91102,0.42
July 31 2018,Snohomish,WA,Passenger,2403,1295,3698,522676,526374,0.70
July 31 2018,Spokane,WA,Passenger,347,320,667,304020,304687,0.22
August 31 2018,Snohomish,WA,Truck,1,0,1,121716,121717,0.00
August 31 2018,Spokane,WA,Truck,1,0,1,93038,93039,0.00
August 31 2018,Thurston,WA,Passenger,603,517,1120,194270,195390,0.57
August 31 2018,Tuolumne,CA,Passenger,0,1,1,12,13,7.69
August 31 2018,Washtenaw,MI,Passenger,1,0,1,38,39,2.56
September 30 2018,Clackamas,OR,Passenger,0,1,1,221,222,0.45
September 30 2018,DeKalb,IN,Passenger,1,0,1,1,2,50.00
September 30 2018,Ferry,WA,Truck,0,0,0,3560,3560,0.00
September 30 2018,Franklin,WA,Passenger,37,65,102,58511,58613,0.17
August 31 2018,Yakima,WA,Passenger,67,92,159,164210,164369,0.10
September 30 2018,Arlington,VA,Passenger,1,1,2,170,172,1.16
September 30 2018,Benton,WA,Truck,0,0,0,41346,41346,0.00
June 30 2018,Gwinnett,GA,Passenger,0,1,1,81,82,1.22
June 30 2018,Hardin,KY,Passenger,0,1,1,121,122,0.82
June 30 2018,Jefferson,CO,Passenger,0,1,1,66,67,1.49
June 30 2018,Juneau,AK,Passenger,0,1,1,47,48,2.08
June 30 2018,Kent,MI,Passenger,0,1,1,27,28,3.57
June 30 2018,Kitsap,WA,Truck,1,0,1,53208,53209,0.00
June 30 2018,Lane,OR,Passenger,0,1,1,185,186,0.54
June 30 2018,Lewis,WA,Passenger,80,59,139,57683,57822,0.24
August 31 2018,Ada,ID,Passenger,0,2,2,315,317,0.63
August 31 2018,Broward,FL,Passenger,1,1,2,134,136,1.47
August 31 2018,Chelan,WA,Passenger,114,55,169,53721,53890,0.31
July 31 2018,Ventura,CA,Passenger,0,2,2,316,318,0.63
July 31 2018,Virginia Beach,VA,Passenger,2,1,3,702,705,0.43
July 31 2018,Whitman,WA,Passenger,19,28,47,22658,22705,0.21
August 31 2018,Adams,WA,Passenger,5,5,10,12683,12693,0.08
August 31 2018,Arlington,VA,Passenger,1,1,2,173,175,1.14
August 31 2018,,,Passenger,2,1,3,450,453,0.66
August 31 2018,Benton,WA,Passenger,189,198,387,132212,132599,0.29
June 30 2018,Lumpkin,GA,Passenger,1,0,1,7,8,12.50
June 30 2018,Madison,ID,Passenger,1,0,1,39,40,2.50
June 30 2018,New Haven,CT,Passenger,0,1,1,49,50,2.00
June 30 2018,Nueces,TX,Passenger,1,1,2,89,91,2.20
June 30 2018,Palm Beach,FL,Passenger,0,1,1,80,81,1.23
August 31 2018,Jefferson,CO,Passenger,0,1,1,67,68,1.47
August 31 2018,Kitsap,WA,Passenger,828,488,1316,179333,180649,0.73
August 31 2018,Kitsap,WA,Truck,1,0,1,53443,53444,0.00
August 31 2018,Latah,ID,Passenger,0,1,1,75,76,1.32
September 30 2018,,,Passenger,2,1,3,445,448,0.67
September 30 2018,Bexar,TX,Passenger,3,4,7,733,740,0.95
September 30 2018,Caddo,LA,Passenger,0,1,1,24,25,4.00
September 30 2018,Clallam,WA,Truck,0,0,0,21490,21490,0.00
September 30 2018,Cochise,AZ,Passenger,0,1,1,120,121,0.83
September 30 2018,Honolulu,HI,Passenger,1,2,3,531,534,0.56
September 30 2018,Howard,MD,Passenger,0,1,1,88,89,1.12
September 30 2018,Jefferson,WA,Truck,0,0,0,9648,9648,0.00
September 30 2018,Kitsap,WA,Passenger,841,499,1340,179469,180809,0.74
September 30 2018,Klamath,OR,Passenger,1,0,1,33,34,2.94
August 31 2018,Manassas,VA,Passenger,0,1,1,9,10,10.00
August 31 2018,Montgomery,TX,Passenger,2,0,2,61,63,3.17
August 31 2018,New London,CT,Passenger,0,1,1,257,258,0.39
August 31 2018,Orange,CA,Passenger,4,1,5,557,562,0.89
August 31 2018,Orange,FL,Passenger,2,1,3,167,170,1.76
August 31 2018,Camden,NJ,Passenger,0,1,1,32,33,3.03
August 31 2018,Cape May,NJ,Passenger,0,1,1,22,23,4.35
August 31 2018,Charleston,SC,Passenger,1,0,1,131,132,0.76
August 31 2018,Clark,NV,Passenger,1,2,3,736,739,0.41
August 31 2018,Clark,WA,Passenger,1069,764,1833,309228,311061,0.59
August 31 2018,DeKalb,IN,Passenger,1,0,1,1,2,50.00
August 31 2018,District of Columbia,DC,Passenger,0,3,3,192,195,1.54
August 31 2018,Duval,FL,Passenger,1,2,3,383,386,0.78
August 31 2018,Essex,NJ,Passenger,1,0,1,11,12,8.33
August 31 2018,Brevard,FL,Passenger,0,1,1,91,92,1.09
August 31 2018,Carroll,NH,Passenger,0,1,1,1,2,50.00
August 31 2018,Cochise,AZ,Passenger,0,1,1,117,118,0.85
August 31 2018,Cowlitz,WA,Truck,0,0,0,28610,28610,0.00
August 31 2018,Dale,AL,Passenger,0,1,1,58,59,1.69
August 31 2018,Deschutes,OR,Passenger,2,0,2,162,164,1.22
August 31 2018,Douglas,NE,Passenger,0,1,1,70,71,1.41
August 31 2018,Douglas,WA,Passenger,45,31,76,27789,27865,0.27
September 30 2018,Lincoln,WA,Truck,0,0,0,4580,4580,0.00
September 30 2018,Marion,IN,Passenger,1,0,1,119,120,0.83
September 30 2018,Orange,CA,Passenger,4,1,5,553,558,0.90
August 31 2018,Clallam,WA,Passenger,128,115,243,50124,50367,0.48
August 31 2018,Dakota,MN,Passenger,0,2,2,35,37,5.41
August 31 2018,Fairfax,VA,Passenger,2,2,4,820,824,0.49
August 31 2018,Ferry,WA,Passenger,2,2,4,4421,4425,0.09
August 31 2018,Grant,WA,Truck,0,0,0,26007,26007,0.00
June 30 2018,Richland,SC,Passenger,0,1,1,171,172,0.58
June 30 2018,Snohomish,WA,Passenger,2348,1262,3610,521530,525140,0.69
June 30 2018,Spokane,WA,Passenger,340,316,656,303135,303791,0.22
June 30 2018,Stevens,WA,Truck,0,0,0,18607,18607,0.00
September 30 2018,Deschutes,OR,Passenger,2,0,2,161,163,1.23
September 30 2018,Douglas,WA,Passenger,48,33,81,27847,27928,0.29
September 30 2018,Frederick,MD,Passenger,0,1,1,87,88,1.14
September 30 2018,Garfield,WA,Passenger,1,1,2,1320,1322,0.15
September 30 2018,Grant,WA,Passenger,33,50,83,63767,63850,0.13
September 30 2018,Charleston,SC,Passenger,1,0,1,132,133,0.75
September 30 2018,Chelan,WA,Truck,0,0,0,22026,22026,0.00
September 30 2018,Clallam,WA,Passenger,129,122,251,50173,50424,0.50
September 30 2018,Clark,WA,Passenger,1089,783,1872,309728,311600,0.60
September 30 2018,Cowlitz,WA,Passenger,63,85,148,72022,72170,0.21
September 30 2018,Denver,CO,Passenger,1,0,1,135,136,0.74
September 30 2018,District of Columbia,DC,Passenger,0,3,3,197,200,1.50
September 30 2018,El Paso,TX,Passenger,1,0,1,502,503,0.20
September 30 2018,Fairfax,VA,Passenger,2,2,4,815,819,0.49
September 30 2018,Flathead,MT,Passenger,1,0,1,51,52,1.92
September 30 2018,Fresno,CA,Passenger,1,0,1,192,193,0.52
August 31 2018,Island,WA,Truck,0,0,0,21053,21053,0.00
August 31 2018,Juneau,AK,Passenger,0,1,1,44,45,2.22
August 31 2018,Kootenai,ID,Passenger,0,1,1,220,221,0.45
August 31 2018,Larimer,CO,Passenger,1,0,1,65,66,1.52
August 31 2018,Fresno,CA,Passenger,1,0,1,196,197,0.51
August 31 2018,Fulton,GA,Passenger,1,2,3,106,109,2.75
August 31 2018,Howard,MD,Passenger,0,1,1,87,88,1.14
August 31 2018,Jefferson,NY,Passenger,0,1,1,229,230,0.43
August 31 2018,Kent,MI,Passenger,0,1,1,27,28,3.57
August 31 2018,Lane,OR,Passenger,0,1,1,181,182,0.55
September 30 2018,Manassas,VA,Passenger,0,1,1,9,10,10.00
September 30 2018,Maui,HI,Passenger,1,0,1,56,57,1.75
August 31 2018,Prince George,VA,Passenger,0,1,1,79,80,1.25
August 31 2018,Richland,SC,Passenger,0,1,1,173,174,0.57
August 31 2018,San Juan,WA,Truck,0,0,0,5756,5756,0.00
August 31 2018,Santa Fe,NM,Passenger,0,1,1,45,46,2.17
August 31 2018,Snohomish,WA,Passenger,2470,1311,3781,523647,527428,0.72
August 31 2018,Tulsa,OK,Passenger,1,1,2,47,49,4.08
June 30 2018,Whitman,WA,Truck,0,0,0,8493,8493,0.00
June 30 2018,Williamson,TX,Passenger,0,1,1,161,162,0.62
July 31 2018,Allegheny,PA,Passenger,1,0,1,75,76,1.32
July 31 2018,Brevard,FL,Passenger,0,1,1,91,92,1.09
July 31 2018,Carroll,NH,Passenger,0,1,1,1,2,50.00
July 31 2018,Carson City,NV,Passenger,1,0,1,14,15,6.67
August 31 2018,Frederick,MD,Passenger,0,1,1,85,86,1.16
August 31 2018,Grant,WA,Passenger,34,49,83,63544,63627,0.13
August 31 2018,Jefferson,WA,Passenger,152,101,253,24679,24932,1.01
August 31 2018,Manatee,FL,Passenger,1,0,1,37,38,2.63
August 31 2018,Marion,OR,Passenger,1,0,1,122,123,0.81
August 31 2018,New Haven,CT,Passenger,0,1,1,48,49,2.04
August 31 2018,Norfolk,MA,Passenger,1,0,1,36,37,2.70
August 31 2018,Pierce,WA,Truck,0,0,0,138292,138292,0.00
August 31 2018,Polk,FL,Passenger,1,0,1,64,65,1.54
September 30 2018,Hamilton,IN,Passenger,1,0,1,48,49,2.04
September 30 2018,Hawaii,HI,Passenger,1,0,1,70,71,1.41
September 30 2018,Island,WA,Passenger,227,208,435,62863,63298,0.69
September 30 2018,Klickitat,WA,Truck,0,0,0,8137,8137,0.00
August 31 2018,Wahkiakum,WA,Passenger,1,1,2,2961,2963,0.07
September 30 2018,Ada,ID,Passenger,0,2,2,316,318,0.63
September 30 2018,Riverside,CA,Passenger,2,2,4,689,693,0.58
September 30 2018,San Juan,WA,Passenger,161,68,229,14183,14412,1.59
September 30 2018,Sedgwick,KS,Passenger,0,1,1,97,98,1.02
September 30 2018,St. Mary's,MD,Passenger,1,0,1,220,221,0.45
September 30 2018,Sumter,FL,Passenger,0,1,1,10,11,9.09
September 30 2018,Thurston,WA,Passenger,621,527,1148,194621,195769,0.59
September 30 2018,Thurston,WA,Truck,0,0,0,54636,54636,0.00
August 31 2018,Lee,FL,Passenger,1,0,1,58,59,1.69
August 31 2018,Monterey,CA,Passenger,0,2,2,188,190,1.05
August 31 2018,Pacific,WA,Passenger,19,22,41,15682,15723,0.26
September 30 2018,Montgomery,MD,Passenger,1,0,1,285,286,0.35
September 30 2018,Okanogan,WA,Truck,0,0,0,16497,16497,0.00
September 30 2018,Prince George,VA,Passenger,0,1,1,77,78,1.28
September 30 2018,Prince George's,MD,Passenger,1,1,2,179,181,1.10
September 30 2018,San Diego,CA,Passenger,7,2,9,2570,2579,0.35
August 31 2018,Lewis,WA,Passenger,83,62,145,57862,58007,0.25
August 31 2018,Lincoln,WA,Truck,0,0,0,4572,4572,0.00
August 31 2018,Marion,IN,Passenger,1,0,1,120,121,0.83
August 31 2018,Mason,WA,Truck,0,0,0,20084,20084,0.00
August 31 2018,Monroe,IL,Passenger,1,0,1,5,6,16.67
August 31 2018,Morris,NJ,Passenger,1,0,1,16,17,5.88
August 31 2018,Nantucket,MA,Passenger,1,0,1,4,5,20.00
August 31 2018,Norfolk,VA,Passenger,2,2,4,339,343,1.17
August 31 2018,Nueces,TX,Passenger,1,1,2,88,90,2.22
July 31 2018,Clackamas,OR,Passenger,0,1,1,220,221,0.45
July 31 2018,Columbia,WA,Passenger,2,2,4,2419,2423,0.17
July 31 2018,Douglas,NE,Passenger,0,1,1,71,72,1.39
July 31 2018,Franklin,WA,Passenger,38,66,104,58176,58280,0.18
September 30 2018,Contra Costa,CA,Passenger,0,2,2,428,430,0.47
September 30 2018,Cook,IL,Passenger,1,0,1,256,257,0.39
September 30 2018,DeKalb,GA,Passenger,1,0,1,77,78,1.28
September 30 2018,Washington,OR,Passenger,0,1,1,466,467,0.21
October 31 2018,Asotin,WA,Passenger,12,9,21,12714,12735,0.16
October 31 2018,Broward,FL,Passenger,2,1,3,136,139,2.16
October 31 2018,Caddo,LA,Passenger,0,1,1,25,26,3.85
August 31 2018,Riverside,CA,Passenger,2,2,4,693,697,0.57
September 30 2018,Suffolk,MA,Passenger,0,1,1,43,44,2.27
September 30 2018,Tarrant,TX,Passenger,1,0,1,210,211,0.47
October 31 2018,Adams,WA,Passenger,5,5,10,12721,12731,0.08
October 31 2018,Asotin,WA,Truck,0,0,0,6634,6634,0.00
September 30 2018,Mason,WA,Passenger,94,100,194,46184,46378,0.42
September 30 2018,Monroe,IL,Passenger,1,0,1,5,6,16.67
September 30 2018,Moore,NC,Passenger,0,1,1,196,197,0.51
September 30 2018,Nantucket,MA,Passenger,1,0,1,4,5,20.00
September 30 2018,Newport,RI,Passenger,1,0,1,101,102,0.98
September 30 2018,Pierce,WA,Passenger,1325,1267,2592,535604,538196,0.48
September 30 2018,Pima,AZ,Passenger,1,1,2,412,414,0.48
September 30 2018,Polk,FL,Passenger,1,0,1,63,64,1.56
September 30 2018,San Mateo,CA,Passenger,1,1,2,133,135,1.48
September 30 2018,Ferry,WA,Passenger,2,2,4,4407,4411,0.09
September 30 2018,Garfield,OK,Passenger,1,0,1,16,17,5.88
September 30 2018,Garfield,WA,Truck,0,0,0,966,966,0.00
September 30 2018,Hennepin,MN,Passenger,1,0,1,109,110,0.91
September 30 2018,Houston,GA,Passenger,1,0,1,54,55,1.82
August 31 2018,Pend Oreille,WA,Passenger,5,5,10,9582,9592,0.10
August 31 2018,Pinal,AZ,Passenger,2,0,2,205,207,0.97
August 31 2018,Prince William,VA,Passenger,0,4,4,260,264,1.52
August 31 2018,Richmond,GA,Passenger,0,1,1,96,97,1.03
August 31 2018,San Diego,CA,Passenger,7,2,9,2581,2590,0.35
August 31 2018,Skamania,WA,Passenger,14,10,24,8672,8696,0.28
August 31 2018,Suffolk,MA,Passenger,0,1,1,42,43,2.33
August 31 2018,Tarrant,TX,Passenger,1,0,1,213,214,0.47
August 31 2018,Utah,UT,Passenger,0,1,1,137,138,0.72
October 31 2018,Columbia,WA,Truck,0,0,0,1518,1518,0.00
August 31 2018,Sumter,FL,Passenger,0,1,1,10,11,9.09
August 31 2018,Thurston,WA,Truck,0,0,0,54557,54557,0.00
September 30 2018,Asotin,WA,Passenger,11,8,19,12678,12697,0.15
July 31 2018,Grays Harbor,WA,Passenger,54,62,116,46761,46877,0.25
July 31 2018,Kittitas,WA,Passenger,48,32,80,28990,29070,0.28
July 31 2018,Klamath,OR,Passenger,1,0,1,34,35,2.86
July 31 2018,Lewis,WA,Truck,0,0,0,25584,25584,0.00
July 31 2018,Lincoln,WA,Passenger,3,6,9,7749,7758,0.12
July 31 2018,Los Angeles,CA,Passenger,7,4,11,1135,1146,0.96
August 31 2018,San Mateo,CA,Passenger,1,1,2,134,136,1.47
August 31 2018,Shelby,TN,Passenger,0,1,1,101,102,0.98
August 31 2018,Skagit,WA,Truck,1,0,1,32232,32233,0.00
August 31 2018,Spokane,WA,Passenger,360,336,696,304749,305445,0.23
August 31 2018,St. Clair,IL,Passenger,0,1,1,157,158,0.63
August 31 2018,Stevens,WA,Passenger,12,26,38,31687,31725,0.12
August 31 2018,Travis,TX,Passenger,0,1,1,195,196,0.51
August 31 2018,Walla Walla,WA,Passenger,34,48,82,35874,35956,0.23
August 31 2018,Whatcom,WA,Truck,2,0,2,42390,42392,0.00
August 31 2018,Whitman,WA,Passenger,20,30,50,22681,22731,0.22
September 30 2018,Saratoga,NY,Passenger,1,0,1,62,63,1.59
September 30 2018,Skagit,WA,Passenger,222,176,398,90866,91264,0.44
September 30 2018,St. Lucie,FL,Passenger,1,0,1,30,31,3.23
September 30 2018,Stevens,WA,Passenger,13,27,40,31700,31740,0.13
September 30 2018,Twin Falls,ID,Passenger,0,1,1,21,22,4.55
September 30 2018,Wahkiakum,WA,Truck,0,0,0,1691,1691,0.00
September 30 2018,Washoe,NV,Passenger,1,0,1,111,112,0.89
October 31 2018,,,Passenger,3,1,4,445,449,0.89
October 31 2018,Ada,ID,Passenger,0,2,2,314,316,0.63
September 30 2018,King,WA,Passenger,14204,6079,20283,1374042,1394325,1.45
September 30 2018,Kittitas,WA,Passenger,55,36,91,29201,29292,0.31
September 30 2018,Larimer,CO,Passenger,1,0,1,63,64,1.56
September 30 2018,Lee,AL,Passenger,1,0,1,37,38,2.63
September 30 2018,Marion,OR,Passenger,1,0,1,122,123,0.81
September 30 2018,Mecklenburg,NC,Passenger,1,0,1,82,83,1.20
September 30 2018,Montgomery,PA,Passenger,2,0,2,36,38,5.26
September 30 2018,Multnomah,OR,Passenger,3,4,7,776,783,0.89
October 31 2018,Chelan,WA,Passenger,126,59,185,53931,54116,0.34
October 31 2018,Clallam,WA,Passenger,136,119,255,50309,50564,0.50
October 31 2018,Cowlitz,WA,Passenger,69,86,155,72152,72307,0.21
October 31 2018,Dakota,MN,Passenger,0,2,2,33,35,5.71
October 31 2018,El Paso,CO,Passenger,3,1,4,772,776,0.52
October 31 2018,Fairfax,VA,Passenger,1,2,3,815,818,0.37
October 31 2018,Flathead,MT,Passenger,1,0,1,53,54,1.85
August 31 2018,Whatcom,WA,Passenger,653,321,974,148268,149242,0.65
September 30 2018,Allegheny,PA,Passenger,1,0,1,78,79,1.27
September 30 2018,Benton,WA,Passenger,188,209,397,132437,132834,0.30
September 30 2018,Broward,FL,Passenger,1,1,2,135,137,1.46
September 30 2018,Carson City,NV,Passenger,1,0,1,14,15,6.67
September 30 2018,Carroll,NH,Passenger,0,1,1,1,2,50.00
September 30 2018,Chelan,WA,Passenger,117,59,176,53802,53978,0.33
September 30 2018,Clark,WA,Truck,0,0,0,79365,79365,0.00
September 30 2018,El Paso,CO,Passenger,3,1,4,775,779,0.51
July 31 2018,Montgomery,PA,Passenger,2,0,2,34,36,5.56
July 31 2018,Pacific,WA,Passenger,19,21,40,15623,15663,0.26
July 31 2018,Pend Oreille,WA,Passenger,5,5,10,9577,9587,0.10
October 31 2018,DeKalb,GA,Passenger,1,0,1,77,78,1.28
October 31 2018,District of Columbia,DC,Passenger,0,3,3,192,195,1.54
October 31 2018,Ferry,WA,Passenger,3,2,5,4407,4412,0.11
October 31 2018,Franklin,WA,Truck,0,0,0,18952,18952,0.00
October 31 2018,Fresno,CA,Passenger,1,0,1,186,187,0.53
October 31 2018,Grays Harbor,WA,Truck,0,0,0,20280,20280,0.00
October 31 2018,Howard,MD,Passenger,0,1,1,88,89,1.12
October 31 2018,Camden,NJ,Passenger,0,1,1,27,28,3.57
October 31 2018,Contra Costa,CA,Passenger,0,2,2,424,426,0.47
October 31 2018,Cook,IL,Passenger,1,0,1,252,253,0.40
August 31 2018,Yakima,WA,Truck,0,0,0,58620,58620,0.00
September 30 2018,Adams,WA,Truck,0,0,0,5158,5158,0.00
September 30 2018,Alameda,CA,Passenger,0,2,2,332,334,0.60
September 30 2018,Brevard,FL,Passenger,0,1,1,91,92,1.09
September 30 2018,Camden,NJ,Passenger,0,1,1,27,28,3.57
September 30 2018,Charles,MD,Passenger,0,1,1,83,84,1.19
September 30 2018,Clark,NV,Passenger,1,2,3,734,737,0.41
September 30 2018,Clay,FL,Passenger,0,1,1,93,94,1.06
September 30 2018,Nassau,NY,Passenger,2,0,2,37,39,5.13
September 30 2018,Norfolk,MA,Passenger,1,0,1,37,38,2.63
September 30 2018,Okanogan,WA,Passenger,10,20,30,26056,26086,0.12
September 30 2018,Oldham,KY,Passenger,0,1,1,5,6,16.67
September 30 2018,Queens,NY,Passenger,1,0,1,61,62,1.61
September 30 2018,San Francisco,CA,Passenger,1,1,2,117,119,1.68
September 30 2018,Sangamon,IL,Passenger,1,0,1,11,12,8.33
September 30 2018,Santa Clara,CA,Passenger,8,0,8,374,382,2.09
September 30 2018,Shelby,TN,Passenger,0,1,1,102,103,0.97
September 30 2018,Skamania,WA,Truck,0,0,0,3967,3967,0.00
October 31 2018,Hawaii,HI,Passenger,1,0,1,67,68,1.47
October 31 2018,Island,WA,Passenger,244,216,460,63041,63501,0.72
October 31 2018,King,WA,Truck,7,1,8,182842,182850,0.00
October 31 2018,Klickitat,WA,Passenger,24,32,56,15387,15443,0.36
October 31 2018,Manatee,FL,Passenger,1,0,1,39,40,2.50
September 30 2018,Franklin,MA,Passenger,0,1,1,1,2,50.00
September 30 2018,Grant,WA,Truck,0,0,0,26067,26067,0.00
September 30 2018,Guadalupe,TX,Passenger,1,0,1,83,84,1.19
September 30 2018,Hardin,KY,Passenger,0,1,1,122,123,0.81
September 30 2018,Juneau,AK,Passenger,0,1,1,43,44,2.27
September 30 2018,King,WA,Truck,7,1,8,182878,182886,0.00
September 30 2018,Columbia,WA,Passenger,2,2,4,2429,2433,0.16
September 30 2018,Cowlitz,WA,Truck,0,0,0,28604,28604,0.00
September 30 2018,Cumberland,NC,Passenger,0,1,1,529,530,0.19
September 30 2018,Dakota,MN,Passenger,0,2,2,33,35,5.71
September 30 2018,Douglas,NE,Passenger,0,1,1,68,69,1.45
September 30 2018,Fulton,GA,Passenger,1,2,3,107,110,2.73
September 30 2018,Dale,AL,Passenger,0,1,1,58,59,1.69
September 30 2018,Douglas,WA,Truck,0,0,0,12011,12011,0.00
September 30 2018,DuPage,IL,Passenger,1,0,1,57,58,1.72
September 30 2018,Duval,FL,Passenger,1,2,3,386,389,0.77
September 30 2018,Gwinnett,GA,Passenger,0,1,1,84,85,1.18
September 30 2018,Jefferson,CO,Passenger,0,1,1,66,67,1.49
September 30 2018,Jefferson,WA,Passenger,153,99,252,24693,24945,1.01
October 31 2018,Deschutes,OR,Passenger,2,0,2,160,162,1.23
October 31 2018,Douglas,WA,Passenger,47,33,80,27892,27972,0.29
October 31 2018,Ferry,WA,Truck,0,0,0,3567,3567,0.00
October 31 2018,Frederick,MD,Passenger,0,1,1,83,84,1.19
October 31 2018,Hardin,KY,Passenger,0,1,1,117,118,0.85
October 31 2018,Hennepin,MN,Passenger,2,0,2,111,113,1.77
October 31 2018,Kitsap,WA,Passenger,880,507,1387,179936,181323,0.76
October 31 2018,Kittitas,WA,Truck,0,0,0,14125,14125,0.00
October 31 2018,Klickitat,WA,Truck,0,0,0,8154,8154,0.00
October 31 2018,Larimer,CO,Passenger,1,0,1,62,63,1.59
October 31 2018,Middlesex,MA,Passenger,0,1,1,140,141,0.71
October 31 2018,Monroe,IL,Passenger,1,0,1,4,5,20.00
October 31 2018,Juneau,AK,Passenger,0,1,1,43,44,2.27
October 31 2018,Lane,OR,Passenger,0,1,1,174,175,0.57
October 31 2018,Maui,HI,Passenger,1,0,1,54,55,1.82
October 31 2018,Pierce,WA,Passenger,1405,1305,2710,537198,539908,0.50
October 31 2018,Portsmouth,VA,Passenger,0,1,1,77,78,1.28
October 31 2018,Prince George's,MD,Passenger,1,1,2,179,181,1.10
October 31 2018,Randolph,NC,Passenger,1,0,1,5,6,16.67
September 30 2018,Lee,FL,Passenger,1,0,1,57,58,1.72
September 30 2018,Lincoln,WA,Passenger,2,6,8,7749,7757,0.10
September 30 2018,New Haven,CT,Passenger,0,1,1,48,49,2.04
September 30 2018,Pend Oreille,WA,Passenger,5,5,10,9588,9598,0.10
July 31 2018,San Juan,WA,Passenger,149,62,211,14115,14326,1.47
July 31 2018,Santa Clara,CA,Passenger,7,0,7,373,380,1.84
July 31 2018,Snohomish,WA,Truck,1,0,1,121684,121685,0.00
July 31 2018,Spokane,WA,Truck,1,0,1,92877,92878,0.00
July 31 2018,Utah,UT,Passenger,0,1,1,133,134,0.75
July 31 2018,Whatcom,WA,Passenger,637,318,955,147986,148941,0.64
September 30 2018,St. Clair,IL,Passenger,0,1,1,159,160,0.62
September 30 2018,Tuolumne,CA,Passenger,0,1,1,12,13,7.69
September 30 2018,Virginia Beach,VA,Passenger,2,1,3,706,709,0.42
September 30 2018,Walla Walla,WA,Truck,0,0,0,13493,13493,0.00
September 30 2018,Whitman,WA,Passenger,20,32,52,22692,22744,0.23
September 30 2018,Yakima,WA,Truck,0,0,0,58691,58691,0.00
October 31 2018,Alameda,CA,Passenger,0,2,2,332,334,0.60
October 31 2018,Montgomery,MD,Passenger,1,0,1,281,282,0.35
October 31 2018,New Haven,CT,Passenger,0,1,1,46,47,2.13
October 31 2018,Palm Beach,FL,Passenger,0,1,1,86,87,1.15
October 31 2018,Rogers,OK,Passenger,1,0,1,6,7,14.29
October 31 2018,San Diego,CA,Passenger,8,2,10,2574,2584,0.39
October 31 2018,Sangamon,IL,Passenger,1,0,1,11,12,8.33
September 30 2018,Kent,MI,Passenger,0,1,1,27,28,3.57
September 30 2018,Kitsap,WA,Truck,1,0,1,53542,53543,0.00
September 30 2018,Lane,OR,Passenger,0,1,1,177,178,0.56
September 30 2018,Lewis,WA,Passenger,84,66,150,57929,58079,0.26
September 30 2018,Lumpkin,GA,Passenger,1,0,1,7,8,12.50
September 30 2018,Madison,ID,Passenger,1,0,1,38,39,2.56
October 31 2018,Moore,NC,Passenger,0,1,1,195,196,0.51
October 31 2018,New London,CT,Passenger,0,1,1,257,258,0.39
October 31 2018,Orange,CA,Passenger,5,1,6,552,558,1.08
October 31 2018,Pima,AZ,Passenger,1,1,2,407,409,0.49
October 31 2018,Polk,FL,Passenger,1,0,1,62,63,1.59
October 31 2018,Riverside,CA,Passenger,2,2,4,679,683,0.59
October 31 2018,San Juan,WA,Truck,0,0,0,5788,5788,0.00
October 31 2018,San Mateo,CA,Passenger,1,1,2,129,131,1.53
October 31 2018,Santa Fe,NM,Passenger,0,1,1,43,44,2.27
August 31 2018,Benton,WA,Truck,0,0,0,41230,41230,0.00
August 31 2018,Chelan,WA,Truck,0,0,0,21982,21982,0.00
August 31 2018,Cowlitz,WA,Passenger,62,81,143,71988,72131,0.20
September 30 2018,Grays Harbor,WA,Passenger,55,65,120,47164,47284,0.25
September 30 2018,Island,WA,Truck,0,0,0,21101,21101,0.00
September 30 2018,Jefferson,NY,Passenger,0,1,1,229,230,0.43
September 30 2018,Klickitat,WA,Passenger,24,32,56,15360,15416,0.36
September 30 2018,Kootenai,ID,Passenger,0,1,1,216,217,0.46
September 30 2018,Lewis,WA,Truck,0,0,0,25570,25570,0.00
September 30 2018,Los Angeles,CA,Passenger,7,5,12,1127,1139,1.05
September 30 2018,Manatee,FL,Passenger,1,0,1,37,38,2.63
September 30 2018,Maricopa,AZ,Passenger,2,2,4,1559,1563,0.26
October 31 2018,Allegheny,PA,Passenger,1,0,1,81,82,1.22
October 31 2018,Arlington,VA,Passenger,1,1,2,166,168,1.19
October 31 2018,Beaufort,SC,Passenger,1,0,1,36,37,2.70
October 31 2018,Charles,MD,Passenger,0,1,1,82,83,1.20
October 31 2018,Charleston,SC,Passenger,1,0,1,131,132,0.76
October 31 2018,Clallam,WA,Truck,0,0,0,21567,21567,0.00
October 31 2018,Clark,WA,Passenger,1149,813,1962,310430,312392,0.63
October 31 2018,Clay,FL,Passenger,0,1,1,93,94,1.06
September 30 2018,Nueces,TX,Passenger,1,1,2,88,90,2.22
September 30 2018,Palm Beach,FL,Passenger,0,1,1,84,85,1.18
September 30 2018,Pinal,AZ,Passenger,2,0,2,203,205,0.98
September 30 2018,Prince William,VA,Passenger,0,4,4,260,264,1.52
September 30 2018,Richland,SC,Passenger,0,1,1,169,170,0.59
October 31 2018,Sedgwick,KS,Passenger,0,1,1,99,100,1.00
October 31 2018,St. Clair,IL,Passenger,0,1,1,163,164,0.61
October 31 2018,Thurston,WA,Passenger,663,552,1215,195089,196304,0.62
October 31 2018,Tuolumne,CA,Passenger,0,1,1,12,13,7.69
October 31 2018,Yakima,WA,Truck,0,0,0,58758,58758,0.00
September 30 2018,San Juan,PR,Passenger,0,1,1,4,5,20.00
September 30 2018,Skamania,WA,Passenger,15,11,26,8712,8738,0.30
September 30 2018,Spokane,WA,Passenger,359,344,703,305150,305853,0.23
September 30 2018,Walla Walla,WA,Passenger,36,50,86,35927,36013,0.24
September 30 2018,Whitman,WA,Truck,0,0,0,8518,8518,0.00
September 30 2018,Williamson,TX,Passenger,0,1,1,160,161,0.62
October 31 2018,St. Lucie,FL,Passenger,1,0,1,29,30,3.33
October 31 2018,Sumter,FL,Passenger,0,1,1,10,11,9.09
October 31 2018,Thurston,WA,Truck,0,0,0,54800,54800,0.00
October 31 2018,Ventura,CA,Passenger,0,2,2,317,319,0.63
November 30 2018,Arlington,VA,Passenger,1,1,2,166,168,1.19
October 31 2018,Hamilton,IN,Passenger,1,0,1,48,49,2.04
October 31 2018,Jackson,OK,Passenger,1,0,1,49,50,2.00
August 31 2018,Flathead,MT,Passenger,1,0,1,53,54,1.85
August 31 2018,Garfield,OK,Passenger,1,0,1,17,18,5.56
August 31 2018,Hamilton,IN,Passenger,1,0,1,47,48,2.08
August 31 2018,Hawaii,HI,Passenger,1,0,1,71,72,1.39
August 31 2018,Honolulu,HI,Passenger,1,2,3,533,536,0.56
October 31 2018,Skagit,WA,Passenger,240,180,420,91017,91437,0.46
October 31 2018,Spokane,WA,Passenger,383,352,735,306207,306942,0.24
October 31 2018,Stevens,WA,Passenger,14,28,42,31810,31852,0.13
November 30 2018,Adams,WA,Passenger,5,5,10,12750,12760,0.08
November 30 2018,Adams,WA,Truck,0,0,0,5160,5160,0.00
November 30 2018,Alameda,CA,Passenger,0,2,2,326,328,0.61
November 30 2018,Albemarle,VA,Passenger,1,0,1,28,29,3.45
November 30 2018,Anne Arundel,MD,Passenger,0,2,2,452,454,0.44
September 30 2018,Mason,WA,Truck,0,0,0,20089,20089,0.00
September 30 2018,Monterey,CA,Passenger,0,2,2,192,194,1.03
September 30 2018,Morris,NJ,Passenger,1,0,1,17,18,5.56
September 30 2018,Norfolk,VA,Passenger,2,2,4,336,340,1.18
September 30 2018,Pacific,WA,Passenger,18,22,40,15738,15778,0.25
September 30 2018,Pierce,WA,Truck,0,0,0,138451,138451,0.00
November 30 2018,Asotin,WA,Truck,0,0,0,6618,6618,0.00
November 30 2018,Beaufort,SC,Passenger,1,0,1,35,36,2.78
November 30 2018,Bergen,NJ,Passenger,1,0,1,27,28,3.57
November 30 2018,Clay,FL,Passenger,0,1,1,90,91,1.10
November 30 2018,DeKalb,IN,Passenger,1,0,1,1,2,50.00
September 30 2018,Snohomish,WA,Passenger,2515,1329,3844,524571,528415,0.73
September 30 2018,Stevens,WA,Truck,0,0,0,18677,18677,0.00
September 30 2018,Tulsa,OK,Passenger,1,1,2,47,49,4.08
September 30 2018,Utah,UT,Passenger,0,1,1,138,139,0.72
September 30 2018,Wahkiakum,WA,Passenger,1,1,2,2980,2982,0.07
October 31 2018,Adams,WA,Truck,0,0,0,5151,5151,0.00
October 31 2018,Anne Arundel,MD,Passenger,0,1,1,452,453,0.22
October 31 2018,Benton,WA,Truck,0,0,0,41426,41426,0.00
October 31 2018,Carroll,NH,Passenger,0,1,1,1,2,50.00
October 31 2018,Carson City,NV,Passenger,1,0,1,14,15,6.67
October 31 2018,Clackamas,OR,Passenger,0,1,1,219,220,0.45
October 31 2018,Clark,WA,Truck,0,0,0,79578,79578,0.00
October 31 2018,Kent,MI,Passenger,0,1,1,25,26,3.85
October 31 2018,Kitsap,WA,Truck,1,0,1,53626,53627,0.00
October 31 2018,Lewis,WA,Passenger,88,70,158,58037,58195,0.27
October 31 2018,Manassas,VA,Passenger,0,1,1,9,10,10.00
October 31 2018,Maricopa,AZ,Passenger,3,2,5,1562,1567,0.32
October 31 2018,Mason,WA,Passenger,101,108,209,46354,46563,0.45
October 31 2018,Montgomery,TX,Passenger,2,0,2,61,63,3.17
November 30 2018,Benton,WA,Passenger,210,224,434,132795,133229,0.33
November 30 2018,Clark,WA,Truck,0,0,0,79740,79740,0.00
November 30 2018,Cochise,AZ,Passenger,0,1,1,119,120,0.83
November 30 2018,Cowlitz,WA,Truck,0,0,0,28726,28726,0.00
November 30 2018,Denver,CO,Passenger,1,0,1,131,132,0.76
November 30 2018,Deschutes,OR,Passenger,2,0,2,162,164,1.22
November 30 2018,Douglas,WA,Truck,0,0,0,12122,12122,0.00
November 30 2018,El Paso,TX,Passenger,1,0,1,500,501,0.20
August 31 2018,Island,WA,Passenger,216,204,420,62718,63138,0.67
August 31 2018,Jackson,OK,Passenger,1,0,1,45,46,2.17
August 31 2018,Jefferson,WA,Truck,0,0,0,9626,9626,0.00
August 31 2018,Lee,AL,Passenger,1,0,1,37,38,2.63
August 31 2018,Mason,WA,Passenger,92,97,189,46047,46236,0.41
August 31 2018,Multnomah,OR,Passenger,3,5,8,778,786,1.02
August 31 2018,Nassau,NY,Passenger,2,0,2,36,38,5.26
November 30 2018,Bucks,PA,Passenger,1,0,1,16,17,5.88
November 30 2018,Cape May,NJ,Passenger,0,1,1,21,22,4.55
November 30 2018,Charles,MD,Passenger,0,1,1,79,80,1.25
November 30 2018,Charleston,SC,Passenger,1,0,1,128,129,0.78
November 30 2018,Chelan,WA,Passenger,135,60,195,54063,54258,0.36
November 30 2018,Clallam,WA,Passenger,147,121,268,50331,50599,0.53
November 30 2018,Clark,NV,Passenger,2,2,4,723,727,0.55
November 30 2018,Clark,WA,Passenger,1189,829,2018,311003,313021,0.64
November 30 2018,District of Columbia,DC,Passenger,1,3,4,193,197,2.03
October 31 2018,Brevard,FL,Passenger,0,1,1,91,92,1.09
October 31 2018,Chelan,WA,Truck,0,0,0,22057,22057,0.00
October 31 2018,Columbia,WA,Passenger,2,2,4,2432,2436,0.16
November 30 2018,DuPage,IL,Passenger,1,0,1,58,59,1.69
November 30 2018,Franklin,WA,Passenger,38,64,102,58942,59044,0.17
November 30 2018,Franklin,WA,Truck,0,0,0,18987,18987,0.00
November 30 2018,Garfield,WA,Passenger,1,1,2,1331,1333,0.15
November 30 2018,Jefferson,CO,Passenger,0,2,2,65,67,2.99
October 31 2018,Nantucket,MA,Passenger,1,0,1,4,5,20.00
October 31 2018,Newport,RI,Passenger,1,0,1,103,104,0.96
October 31 2018,Norfolk,VA,Passenger,2,2,4,341,345,1.16
October 31 2018,Nueces,TX,Passenger,1,1,2,90,92,2.17
October 31 2018,Orange,FL,Passenger,2,1,3,164,167,1.80
October 31 2018,Santa Cruz,CA,Passenger,1,0,1,40,41,2.44
October 31 2018,Cumberland,NC,Passenger,0,1,1,526,527,0.19
October 31 2018,Douglas,NE,Passenger,0,1,1,68,69,1.45
October 31 2018,DuPage,IL,Passenger,1,0,1,57,58,1.72
October 31 2018,Franklin,MA,Passenger,0,1,1,1,2,50.00
October 31 2018,Franklin,WA,Passenger,35,66,101,58750,58851,0.17
October 31 2018,Grays Harbor,WA,Passenger,60,66,126,47273,47399,0.27
October 31 2018,Honolulu,HI,Passenger,1,2,3,524,527,0.57
October 31 2018,Denver,CO,Passenger,1,0,1,129,130,0.77
October 31 2018,Douglas,WA,Truck,0,0,0,12076,12076,0.00
October 31 2018,El Paso,TX,Passenger,1,0,1,505,506,0.20
October 31 2018,Garfield,WA,Truck,0,0,0,960,960,0.00
October 31 2018,Guadalupe,TX,Passenger,1,0,1,80,81,1.23
October 31 2018,Gwinnett,GA,Passenger,0,1,1,79,80,1.25
September 30 2018,Richmond,GA,Passenger,0,1,1,96,97,1.03
September 30 2018,Skagit,WA,Truck,1,0,1,32264,32265,0.00
September 30 2018,Snohomish,WA,Truck,1,0,1,121778,121779,0.00
September 30 2018,Spokane,WA,Truck,1,0,1,93193,93194,0.00
September 30 2018,Washtenaw,MI,Passenger,1,0,1,38,39,2.56
September 30 2018,Whatcom,WA,Passenger,666,335,1001,148506,149507,0.67
September 30 2018,Whatcom,WA,Truck,2,0,2,42430,42432,0.00
November 30 2018,Franklin,MA,Passenger,0,1,1,1,2,50.00
November 30 2018,Frederick,MD,Passenger,0,1,1,82,83,1.20
November 30 2018,Goochland,VA,Passenger,0,1,1,241,242,0.41
November 30 2018,Grant,WA,Passenger,32,52,84,64034,64118,0.13
November 30 2018,Gwinnett,GA,Passenger,0,1,1,77,78,1.28
November 30 2018,Island,WA,Truck,0,0,0,21179,21179,0.00
November 30 2018,Jefferson,NY,Passenger,0,1,1,234,235,0.43
November 30 2018,Duval,FL,Passenger,1,2,3,384,387,0.78
November 30 2018,Fairfax,VA,Passenger,1,2,3,813,816,0.37
November 30 2018,Ferry,WA,Passenger,3,2,5,4384,4389,0.11
November 30 2018,Grant,WA,Truck,0,0,0,26158,26158,0.00
November 30 2018,Howard,MD,Passenger,0,1,1,87,88,1.14
October 31 2018,Jefferson,CO,Passenger,0,1,1,65,66,1.52
October 31 2018,Klamath,OR,Passenger,1,0,1,32,33,3.03
October 31 2018,Lee,FL,Passenger,1,0,1,56,57,1.75
October 31 2018,Lewis,WA,Truck,0,0,0,25612,25612,0.00
October 31 2018,Los Angeles,CA,Passenger,6,5,11,1131,1142,0.96
November 30 2018,Kitsap,WA,Passenger,916,522,1438,180352,181790,0.79
November 30 2018,Kitsap,WA,Truck,1,0,1,53656,53657,0.00
November 30 2018,Klamath,OR,Passenger,1,0,1,34,35,2.86
November 30 2018,Lincoln,WA,Truck,0,0,0,4630,4630,0.00
November 30 2018,Manassas,VA,Passenger,0,1,1,9,10,10.00
November 30 2018,Larimer,CO,Passenger,1,0,1,63,64,1.56
November 30 2018,Marion,OR,Passenger,1,0,1,119,120,0.83
August 31 2018,Newport,RI,Passenger,1,0,1,102,103,0.97
August 31 2018,Okanogan,WA,Passenger,10,20,30,26064,26094,0.11
August 31 2018,Pierce,WA,Passenger,1303,1224,2527,534882,537409,0.47
August 31 2018,Portsmouth,VA,Passenger,0,1,1,75,76,1.32
August 31 2018,San Francisco,CA,Passenger,1,1,2,121,123,1.63
August 31 2018,Santa Rosa,FL,Passenger,1,0,1,92,93,1.08
August 31 2018,Saratoga,NY,Passenger,1,0,1,63,64,1.56
August 31 2018,Skagit,WA,Passenger,220,169,389,90841,91230,0.43
August 31 2018,Skamania,WA,Truck,0,0,0,3948,3948,0.00
August 31 2018,St. Mary's,MD,Passenger,1,0,1,221,222,0.45
October 31 2018,Cape May,NJ,Passenger,0,1,1,21,22,4.55
October 31 2018,Clark,NV,Passenger,2,2,4,731,735,0.54
October 31 2018,Collin,TX,Passenger,1,1,2,153,155,1.29
November 30 2018,Kootenai,ID,Passenger,1,1,2,220,222,0.90
November 30 2018,Lumpkin,GA,Passenger,1,0,1,7,8,12.50
November 30 2018,Madison,ID,Passenger,1,0,1,38,39,2.56
November 30 2018,Mason,WA,Truck,0,0,0,20190,20190,0.00
November 30 2018,Monterey,CA,Passenger,0,2,2,193,195,1.03
October 31 2018,Snohomish,WA,Passenger,2636,1378,4014,525964,529978,0.76
October 31 2018,Tulsa,OK,Passenger,1,1,2,47,49,4.08
October 31 2018,Valencia,NM,Passenger,1,0,1,10,11,9.09
October 31 2018,Wahkiakum,WA,Passenger,1,1,2,2984,2986,0.07
October 31 2018,Washtenaw,MI,Passenger,1,0,1,38,39,2.56
October 31 2018,Kittitas,WA,Passenger,57,35,92,29281,29373,0.31
October 31 2018,Lee,AL,Passenger,1,0,1,36,37,2.70
October 31 2018,Lincoln,WA,Passenger,2,6,8,7741,7749,0.10
October 31 2018,Lumpkin,GA,Passenger,1,0,1,7,8,12.50
October 31 2018,Madison,ID,Passenger,1,0,1,38,39,2.56
October 31 2018,Dale,AL,Passenger,0,1,1,59,60,1.67
October 31 2018,Dallas,TX,Passenger,0,1,1,201,202,0.50
October 31 2018,Duval,FL,Passenger,1,2,3,386,389,0.77
October 31 2018,Garfield,OK,Passenger,1,0,1,15,16,6.25
October 31 2018,Grant,WA,Truck,0,0,0,26084,26084,0.00
November 30 2018,Bexar,TX,Passenger,3,4,7,720,727,0.96
November 30 2018,Caddo,LA,Passenger,0,1,1,24,25,4.00
November 30 2018,Palm Beach,FL,Passenger,0,1,1,89,90,1.11
November 30 2018,Pierce,WA,Truck,0,0,0,139052,139052,0.00
November 30 2018,Richmond,GA,Passenger,0,1,1,96,97,1.03
November 30 2018,San Juan,PR,Passenger,0,1,1,5,6,16.67
November 30 2018,Saratoga,NY,Passenger,1,0,1,62,63,1.59
November 30 2018,Shasta,CA,Passenger,1,0,1,42,43,2.33
November 30 2018,Skagit,WA,Truck,1,0,1,32342,32343,0.00
November 30 2018,Stevens,WA,Truck,0,0,0,18729,18729,0.00
November 30 2018,Suffolk,MA,Passenger,0,1,1,43,44,2.27
August 31 2018,Twin Falls,ID,Passenger,0,1,1,23,24,4.17
August 31 2018,Volusia,FL,Passenger,0,1,1,34,35,2.86
August 31 2018,Wahkiakum,WA,Truck,0,0,0,1691,1691,0.00
August 31 2018,Walla Walla,WA,Truck,0,0,0,13498,13498,0.00
August 31 2018,Washington,OR,Passenger,0,1,1,469,470,0.21
August 31 2018,Washoe,NV,Passenger,1,0,1,113,114,0.88
September 30 2018,Asotin,WA,Truck,0,0,0,6629,6629,0.00
November 30 2018,Nantucket,MA,Passenger,1,0,1,4,5,20.00
November 30 2018,Norfolk,MA,Passenger,1,0,1,36,37,2.70
November 30 2018,Oldham,KY,Passenger,0,1,1,5,6,16.67
November 30 2018,Pinal,AZ,Passenger,2,0,2,203,205,0.98
November 30 2018,Polk,FL,Passenger,1,0,1,63,64,1.56
November 30 2018,Prince William,VA,Passenger,0,4,4,257,261,1.53
November 30 2018,Skamania,WA,Passenger,18,14,32,8733,8765,0.37
November 30 2018,Stevens,WA,Passenger,16,27,43,31792,31835,0.14
October 31 2018,Pend Oreille,WA,Passenger,6,5,11,9587,9598,0.11
October 31 2018,Richland,SC,Passenger,0,1,1,168,169,0.59
October 31 2018,San Juan,PR,Passenger,0,1,1,4,5,20.00
October 31 2018,San Juan,WA,Passenger,169,69,238,14212,14450,1.65
October 31 2018,Saratoga,NY,Passenger,1,0,1,60,61,1.64
October 31 2018,Snohomish,WA,Truck,1,0,1,121865,121866,0.00
November 30 2018,DeKalb,GA,Passenger,1,0,1,77,78,1.28
November 30 2018,El Paso,CO,Passenger,3,1,4,780,784,0.51
November 30 2018,Garfield,WA,Truck,0,0,0,964,964,0.00
November 30 2018,Guadalupe,TX,Passenger,1,0,1,80,81,1.23
November 30 2018,New London,CT,Passenger,0,1,1,256,257,0.39
November 30 2018,Orange,CA,Passenger,5,2,7,549,556,1.26
November 30 2018,Orange,FL,Passenger,2,1,3,163,166,1.81
November 30 2018,Richland,SC,Passenger,0,1,1,166,167,0.60
November 30 2018,Riverside,CA,Passenger,2,2,4,684,688,0.58
November 30 2018,San Juan,WA,Passenger,176,68,244,14214,14458,1.69
November 30 2018,San Juan,WA,Truck,0,0,0,5806,5806,0.00
November 30 2018,Santa Fe,NM,Passenger,0,1,1,43,44,2.27
October 31 2018,Jefferson,WA,Passenger,163,101,264,24782,25046,1.05
October 31 2018,Jefferson,WA,Truck,0,0,0,9615,9615,0.00
October 31 2018,Montgomery,PA,Passenger,2,0,2,36,38,5.26
October 31 2018,Nassau,NY,Passenger,3,0,3,36,39,7.69
October 31 2018,Okanogan,WA,Passenger,15,21,36,26107,26143,0.14
October 31 2018,Pacific,WA,Passenger,19,23,42,15770,15812,0.27
October 31 2018,Santa Clara,CA,Passenger,8,0,8,374,382,2.09
October 31 2018,Spokane,WA,Truck,1,0,1,93441,93442,0.00
September 30 2018,Beaufort,SC,Passenger,1,0,1,38,39,2.56
September 30 2018,Collin,TX,Passenger,1,1,2,154,156,1.28
September 30 2018,Columbia,WA,Truck,0,0,0,1521,1521,0.00
September 30 2018,Dallas,TX,Passenger,0,1,1,200,201,0.50
October 31 2018,Twin Falls,ID,Passenger,0,1,1,22,23,4.35
October 31 2018,Wahkiakum,WA,Truck,0,0,0,1701,1701,0.00
October 31 2018,Washoe,NV,Passenger,1,0,1,108,109,0.92
October 31 2018,Whatcom,WA,Passenger,700,341,1041,148810,149851,0.69
November 30 2018,Tarrant,TX,Passenger,1,0,1,206,207,0.48
December 31 2018,Adams,WA,Passenger,5,6,11,12745,12756,0.09
November 30 2018,Sumter,FL,Passenger,0,1,1,10,11,9.09
November 30 2018,Thurston,WA,Truck,0,0,0,54920,54920,0.00
November 30 2018,Valencia,NM,Passenger,1,0,1,10,11,9.09
September 30 2018,Franklin,WA,Truck,0,0,0,18876,18876,0.00
September 30 2018,Grays Harbor,WA,Truck,0,0,0,20300,20300,0.00
September 30 2018,Jackson,OK,Passenger,1,0,1,47,48,2.08
December 31 2018,Cape May,NJ,Passenger,0,1,1,21,22,4.55
December 31 2018,Clackamas,OR,Passenger,1,1,2,219,221,0.90
December 31 2018,Contra Costa,CA,Passenger,0,2,2,413,415,0.48
December 31 2018,Cook,IL,Passenger,1,0,1,247,248,0.40
December 31 2018,DeKalb,GA,Passenger,1,0,1,77,78,1.28
October 31 2018,Marion,OR,Passenger,1,0,1,121,122,0.82
October 31 2018,Multnomah,OR,Passenger,3,4,7,759,766,0.91
October 31 2018,Norfolk,MA,Passenger,1,0,1,37,38,2.63
October 31 2018,Oldham,KY,Passenger,0,1,1,5,6,16.67
October 31 2018,Pacific,WA,Truck,0,0,0,7630,7630,0.00
October 31 2018,Pend Oreille,WA,Truck,0,0,0,5752,5752,0.00
October 31 2018,Pinal,AZ,Passenger,2,0,2,206,208,0.96
October 31 2018,Prince William,VA,Passenger,0,4,4,258,262,1.53
October 31 2018,Ramsey,MN,Passenger,1,0,1,40,41,2.44
October 31 2018,Stevens,WA,Truck,0,0,0,18717,18717,0.00
October 31 2018,Utah,UT,Passenger,0,1,1,137,138,0.72
October 31 2018,Walla Walla,WA,Truck,0,0,0,13508,13508,0.00
October 31 2018,Whitman,WA,Truck,0,0,0,8533,8533,0.00
October 31 2018,Williamson,TX,Passenger,0,1,1,158,159,0.63
November 30 2018,,,Passenger,3,1,4,444,448,0.89
November 30 2018,Allegheny,PA,Passenger,1,0,1,82,83,1.20
November 30 2018,Tulsa,OK,Passenger,1,1,2,47,49,4.08
November 30 2018,Wahkiakum,WA,Passenger,1,1,2,2984,2986,0.07
November 30 2018,Walla Walla,WA,Passenger,38,52,90,36094,36184,0.25
November 30 2018,Whitman,WA,Passenger,20,35,55,22797,22852,0.24
December 31 2018,Adams,WA,Truck,0,0,0,5150,5150,0.00
December 31 2018,Asotin,WA,Passenger,12,9,21,12725,12746,0.16
November 30 2018,Houston,GA,Passenger,1,0,1,52,53,1.89
November 30 2018,King,WA,Passenger,15785,6398,22183,1377252,1399435,1.59
November 30 2018,King,WA,Truck,6,1,7,182767,182774,0.00
November 30 2018,Kittitas,WA,Truck,0,0,0,14160,14160,0.00
November 30 2018,Lee,AL,Passenger,1,0,1,36,37,2.70
November 30 2018,Lincoln,WA,Passenger,2,6,8,7773,7781,0.10
September 30 2018,Kittitas,WA,Truck,0,0,0,14104,14104,0.00
September 30 2018,Latah,ID,Passenger,0,1,1,72,73,1.37
September 30 2018,Middlesex,MA,Passenger,0,1,1,141,142,0.70
September 30 2018,Montgomery,TX,Passenger,2,0,2,61,63,3.17
September 30 2018,New London,CT,Passenger,0,1,1,256,257,0.39
September 30 2018,Orange,FL,Passenger,2,1,3,165,168,1.79
November 30 2018,Chelan,WA,Truck,0,0,0,22081,22081,0.00
November 30 2018,Columbia,WA,Passenger,2,2,4,2437,2441,0.16
November 30 2018,Contra Costa,CA,Passenger,0,2,2,421,423,0.47
November 30 2018,Cook,IL,Passenger,1,0,1,250,251,0.40
November 30 2018,Cowlitz,WA,Passenger,69,91,160,72369,72529,0.22
November 30 2018,Dallas,TX,Passenger,0,1,1,202,203,0.49
November 30 2018,Douglas,WA,Passenger,49,33,82,27966,28048,0.29
November 30 2018,Flathead,MT,Passenger,1,0,1,55,56,1.79
November 30 2018,Benton,WA,Truck,0,0,0,41440,41440,0.00
November 30 2018,Clackamas,OR,Passenger,1,1,2,222,224,0.89
November 30 2018,Clallam,WA,Truck,0,0,0,21612,21612,0.00
November 30 2018,Montgomery,PA,Passenger,2,0,2,35,37,5.41
November 30 2018,Okanogan,WA,Passenger,15,22,37,26131,26168,0.14
November 30 2018,Okanogan,WA,Truck,0,0,0,16492,16492,0.00
December 31 2018,Ferry,WA,Passenger,3,2,5,4384,4389,0.11
December 31 2018,Ferry,WA,Truck,0,0,0,3586,3586,0.00
December 31 2018,Franklin,WA,Passenger,45,66,111,59123,59234,0.19
December 31 2018,Hennepin,MN,Passenger,2,0,2,104,106,1.89
December 31 2018,Howard,MD,Passenger,0,1,1,85,86,1.16
December 31 2018,Camden,NJ,Passenger,0,1,1,28,29,3.45
December 31 2018,Clark,WA,Truck,0,0,0,79839,79839,0.00
December 31 2018,Douglas,WA,Truck,0,0,0,12159,12159,0.00
December 31 2018,DuPage,IL,Passenger,1,0,1,60,61,1.64
December 31 2018,El Paso,CO,Passenger,3,1,4,779,783,0.51
October 31 2018,San Francisco,CA,Passenger,1,1,2,115,117,1.71
October 31 2018,Santa Rosa,FL,Passenger,1,0,1,89,90,1.11
October 31 2018,Skamania,WA,Passenger,18,12,30,8730,8760,0.34
October 31 2018,Skamania,WA,Truck,0,0,0,3983,3983,0.00
October 31 2018,St. Mary's,MD,Passenger,1,0,1,222,223,0.45
October 31 2018,Volusia,FL,Passenger,0,1,1,37,38,2.63
October 31 2018,Walla Walla,WA,Passenger,36,50,86,35996,36082,0.24
October 31 2018,Washington,OR,Passenger,0,1,1,472,473,0.21
December 31 2018,Benton,WA,Passenger,227,235,462,132934,133396,0.35
December 31 2018,Broward,FL,Passenger,2,1,3,128,131,2.29
December 31 2018,Chelan,WA,Truck,0,0,0,22051,22051,0.00
December 31 2018,Clallam,WA,Passenger,150,124,274,50361,50635,0.54
December 31 2018,Columbia,WA,Passenger,2,2,4,2421,2425,0.16
December 31 2018,Cowlitz,WA,Passenger,72,94,166,72433,72599,0.23
December 31 2018,Cowlitz,WA,Truck,0,0,0,28742,28742,0.00
December 31 2018,Dakota,MN,Passenger,0,2,2,34,36,5.56
December 31 2018,Denver,CO,Passenger,1,0,1,129,130,0.77
December 31 2018,El Paso,TX,Passenger,1,0,1,499,500,0.20
September 30 2018,Pacific,WA,Truck,0,0,0,7633,7633,0.00
September 30 2018,Pend Oreille,WA,Truck,0,0,0,5744,5744,0.00
September 30 2018,Portsmouth,VA,Passenger,0,1,1,76,77,1.30
September 30 2018,Ramsey,MN,Passenger,1,0,1,40,41,2.44
September 30 2018,San Juan,WA,Truck,0,0,0,5762,5762,0.00
September 30 2018,Santa Fe,NM,Passenger,0,1,1,44,45,2.22
September 30 2018,Santa Rosa,FL,Passenger,1,0,1,89,90,1.11
December 31 2018,Franklin,MA,Passenger,0,1,1,1,2,50.00
December 31 2018,Guadalupe,TX,Passenger,1,0,1,79,80,1.25
December 31 2018,Gwinnett,GA,Passenger,0,1,1,78,79,1.27
December 31 2018,Hardin,KY,Passenger,0,1,1,108,109,0.92
December 31 2018,Jefferson,CO,Passenger,0,2,2,63,65,3.08
December 31 2018,Juneau,AK,Passenger,0,1,1,43,44,2.27
December 31 2018,Kent,MI,Passenger,0,1,1,23,24,4.17
December 31 2018,Kitsap,WA,Truck,1,0,1,53640,53641,0.00
December 31 2018,Lane,OR,Passenger,0,1,1,169,170,0.59
November 30 2018,Garfield,OK,Passenger,1,0,1,14,15,6.67
November 30 2018,Hawaii,HI,Passenger,1,0,1,65,66,1.52
November 30 2018,Hennepin,MN,Passenger,2,0,2,108,110,1.82
November 30 2018,Island,WA,Passenger,266,224,490,63105,63595,0.77
November 30 2018,Kittitas,WA,Passenger,61,34,95,29289,29384,0.32
November 30 2018,Klickitat,WA,Passenger,23,32,55,15419,15474,0.36
November 30 2018,Cumberland,NC,Passenger,0,1,1,523,524,0.19
November 30 2018,Ferry,WA,Truck,0,0,0,3583,3583,0.00
November 30 2018,Grays Harbor,WA,Passenger,61,68,129,47375,47504,0.27
November 30 2018,Hamilton,IN,Passenger,1,0,1,47,48,2.08
November 30 2018,Harnett,NC,Passenger,1,0,1,237,238,0.42
November 30 2018,Honolulu,HI,Passenger,1,3,4,524,528,0.76
November 30 2018,Santa Clara,CA,Passenger,8,1,9,374,383,2.35
November 30 2018,Shelby,TN,Passenger,0,1,1,102,103,0.97
November 30 2018,Travis,TX,Passenger,0,1,1,198,199,0.50
November 30 2018,Ventura,CA,Passenger,0,2,2,322,324,0.62
November 30 2018,Virginia Beach,VA,Passenger,2,1,3,706,709,0.42
November 30 2018,Whitman,WA,Truck,0,0,0,8533,8533,0.00
November 30 2018,Williamson,TX,Passenger,0,1,1,148,149,0.67
December 31 2018,Kitsap,WA,Passenger,946,544,1490,179838,181328,0.82
December 31 2018,Kittitas,WA,Passenger,66,37,103,29342,29445,0.35
December 31 2018,Klamath,OR,Passenger,1,0,1,35,36,2.78
December 31 2018,Larimer,CO,Passenger,1,0,1,62,63,1.59
December 31 2018,Marion,OR,Passenger,1,0,1,117,118,0.85
December 31 2018,Montgomery,PA,Passenger,2,0,2,35,37,5.41
December 31 2018,Norfolk,MA,Passenger,1,0,1,36,37,2.70
October 31 2018,Whitman,WA,Passenger,19,33,52,22747,22799,0.23
October 31 2018,Yakima,WA,Passenger,71,96,167,164424,164591,0.10
November 30 2018,Brevard,FL,Passenger,0,1,1,94,95,1.05
November 30 2018,Carroll,NH,Passenger,0,1,1,1,2,50.00
November 30 2018,Carson City,NV,Passenger,1,0,1,15,16,6.25
December 31 2018,Lewis,WA,Passenger,93,77,170,58323,58493,0.29
December 31 2018,Lumpkin,GA,Passenger,1,0,1,7,8,12.50
December 31 2018,Madison,ID,Passenger,1,0,1,36,37,2.70
December 31 2018,New Haven,CT,Passenger,0,1,1,49,50,2.00
December 31 2018,Nueces,TX,Passenger,1,1,2,93,95,2.11
December 31 2018,Palm Beach,FL,Passenger,0,1,1,90,91,1.10
December 31 2018,Allegheny,PA,Passenger,1,0,1,79,80,1.25
December 31 2018,Benton,WA,Truck,0,0,0,41559,41559,0.00
December 31 2018,Carroll,NH,Passenger,0,1,1,1,2,50.00
December 31 2018,Carson City,NV,Passenger,1,0,1,15,16,6.25
December 31 2018,Charleston,SC,Passenger,1,0,1,126,127,0.79
December 31 2018,Fairfax,VA,Passenger,3,2,5,815,820,0.61
December 31 2018,Flathead,MT,Passenger,1,0,1,56,57,1.75
December 31 2018,Hawaii,HI,Passenger,1,0,1,62,63,1.59
December 31 2018,Island,WA,Passenger,276,225,501,63176,63677,0.79
December 31 2018,Island,WA,Truck,0,0,0,21186,21186,0.00
November 30 2018,Maui,HI,Passenger,1,0,1,52,53,1.89
November 30 2018,Montgomery,MD,Passenger,1,0,1,277,278,0.36
November 30 2018,Multnomah,OR,Passenger,3,5,8,756,764,1.05
November 30 2018,Nassau,NY,Passenger,3,0,3,36,39,7.69
November 30 2018,Pend Oreille,WA,Truck,0,0,0,5742,5742,0.00
September 30 2018,Ventura,CA,Passenger,0,2,2,314,316,0.63
September 30 2018,Volusia,FL,Passenger,0,1,1,38,39,2.56
September 30 2018,Yakima,WA,Passenger,67,93,160,164243,164403,0.10
October 31 2018,Albemarle,VA,Passenger,1,0,1,28,29,3.45
October 31 2018,Benton,WA,Passenger,192,217,409,132579,132988,0.31
October 31 2018,Bexar,TX,Passenger,3,4,7,732,739,0.95
November 30 2018,Collin,TX,Passenger,1,1,2,148,150,1.33
November 30 2018,Columbia,WA,Truck,0,0,0,1516,1516,0.00
November 30 2018,Dale,AL,Passenger,0,1,1,58,59,1.69
November 30 2018,Douglas,NE,Passenger,0,1,1,66,67,1.49
November 30 2018,Fresno,CA,Passenger,1,0,1,190,191,0.52
November 30 2018,Grays Harbor,WA,Truck,0,0,0,20332,20332,0.00
December 31 2018,Oldham,KY,Passenger,0,1,1,5,6,16.67
December 31 2018,Orange,CA,Passenger,6,2,8,544,552,1.45
December 31 2018,Riverside,CA,Passenger,2,2,4,678,682,0.59
December 31 2018,San Juan,WA,Passenger,183,69,252,14224,14476,1.74
December 31 2018,Sangamon,IL,Passenger,1,0,1,9,10,10.00
December 31 2018,Santa Clara,CA,Passenger,8,1,9,373,382,2.36
December 31 2018,Sedgwick,KS,Passenger,0,1,1,98,99,1.01
October 31 2018,Cochise,AZ,Passenger,0,1,1,121,122,0.82
October 31 2018,Cowlitz,WA,Truck,0,0,0,28670,28670,0.00
October 31 2018,DeKalb,IN,Passenger,1,0,1,1,2,50.00
November 30 2018,Jackson,OK,Passenger,1,0,1,48,49,2.04
November 30 2018,Jefferson,WA,Truck,0,0,0,9617,9617,0.00
November 30 2018,Lewis,WA,Truck,0,0,0,25626,25626,0.00
November 30 2018,Los Angeles,CA,Passenger,7,5,12,1123,1135,1.06
November 30 2018,Maricopa,AZ,Passenger,3,3,6,1539,1545,0.39
November 30 2018,Mason,WA,Passenger,103,110,213,46426,46639,0.46
November 30 2018,Montgomery,TX,Passenger,2,0,2,62,64,3.12
November 30 2018,Jefferson,WA,Passenger,169,104,273,24796,25069,1.09
November 30 2018,Klickitat,WA,Truck,0,0,0,8183,8183,0.00
November 30 2018,Lee,FL,Passenger,1,0,1,52,53,1.89
November 30 2018,Middlesex,MA,Passenger,0,1,1,137,138,0.72
November 30 2018,Monroe,IL,Passenger,1,0,1,4,5,20.00
December 31 2018,Richland,SC,Passenger,0,1,1,165,166,0.60
December 31 2018,Rogers,OK,Passenger,1,0,1,5,6,16.67
December 31 2018,San Juan,PR,Passenger,0,1,1,5,6,16.67
December 31 2018,Snohomish,WA,Passenger,2914,1437,4351,527247,531598,0.82
December 31 2018,Spokane,WA,Passenger,439,373,812,307181,307993,0.26
December 31 2018,St. Clair,IL,Passenger,0,1,1,166,167,0.60
December 31 2018,Stevens,WA,Truck,0,0,0,18762,18762,0.00
December 31 2018,Clark,WA,Passenger,1247,840,2087,311398,313485,0.67
December 31 2018,Cumberland,NC,Passenger,0,1,1,524,525,0.19
December 31 2018,District of Columbia,DC,Passenger,1,3,4,197,201,1.99
December 31 2018,Douglas,NE,Passenger,0,1,1,67,68,1.47
December 31 2018,Fresno,CA,Passenger,1,0,1,191,192,0.52
December 31 2018,Fulton,GA,Passenger,1,2,3,108,111,2.70
December 31 2018,Goochland,VA,Passenger,0,1,1,240,241,0.41
December 31 2018,Grays Harbor,WA,Passenger,62,72,134,47468,47602,0.28
November 30 2018,Newport,RI,Passenger,1,0,1,101,102,0.98
November 30 2018,Sedgwick,KS,Passenger,0,1,1,99,100,1.00
November 30 2018,Snohomish,WA,Truck,1,0,1,121954,121955,0.00
December 31 2018,Klickitat,WA,Passenger,28,32,60,15429,15489,0.39
December 31 2018,Klickitat,WA,Truck,0,0,0,8209,8209,0.00
December 31 2018,Kootenai,ID,Passenger,1,1,2,218,220,0.91
December 31 2018,Manatee,FL,Passenger,1,0,1,37,38,2.63
December 31 2018,Pacific,WA,Passenger,21,25,46,15839,15885,0.29
December 31 2018,Pierce,WA,Passenger,1509,1373,2882,538926,541808,0.53
December 31 2018,Sumter,FL,Passenger,0,1,1,10,11,9.09
December 31 2018,Thurston,WA,Truck,0,0,0,54870,54870,0.00
December 31 2018,Travis,TX,Passenger,1,1,2,197,199,1.01
December 31 2018,Tuolumne,CA,Passenger,0,1,1,13,14,7.14
December 31 2018,Whitman,WA,Passenger,24,38,62,22814,22876,0.27
January 31 2019,Asotin,WA,Passenger,12,9,21,12730,12751,0.16
November 30 2018,Pierce,WA,Passenger,1470,1339,2809,538455,541264,0.52
November 30 2018,Portsmouth,VA,Passenger,0,1,1,79,80,1.25
November 30 2018,Prince George's,MD,Passenger,1,1,2,181,183,1.09
November 30 2018,Ramsey,MN,Passenger,1,0,1,40,41,2.44
November 30 2018,Randolph,NC,Passenger,1,0,1,5,6,16.67
November 30 2018,San Diego,CA,Passenger,8,2,10,2578,2588,0.39
November 30 2018,San Francisco,CA,Passenger,2,1,3,118,121,2.48
November 30 2018,Sangamon,IL,Passenger,1,0,1,9,10,10.00
November 30 2018,Santa Rosa,FL,Passenger,1,0,1,88,89,1.12
November 30 2018,Skagit,WA,Passenger,249,184,433,91195,91628,0.47
November 30 2018,Skamania,WA,Truck,0,0,0,4005,4005,0.00
November 30 2018,Spokane,WA,Truck,1,0,1,93673,93674,0.00
November 30 2018,Tuolumne,CA,Passenger,0,1,1,12,13,7.69
December 31 2018,Whitman,WA,Truck,0,0,0,8543,8543,0.00
December 31 2018,Williamson,TX,Passenger,0,1,1,147,148,0.68
January 31 2019,Brevard,FL,Passenger,0,1,1,89,90,1.11
October 31 2018,Fulton,GA,Passenger,1,2,3,107,110,2.73
October 31 2018,Garfield,WA,Passenger,1,1,2,1330,1332,0.15
October 31 2018,Grant,WA,Passenger,32,50,82,63919,64001,0.13
October 31 2018,Houston,GA,Passenger,1,0,1,53,54,1.85
October 31 2018,Island,WA,Truck,0,0,0,21131,21131,0.00
October 31 2018,Jefferson,NY,Passenger,0,1,1,228,229,0.44
October 31 2018,King,WA,Passenger,15035,6221,21256,1376393,1397649,1.52
October 31 2018,Kootenai,ID,Passenger,1,1,2,218,220,0.91
January 31 2019,Beaufort,SC,Passenger,1,0,1,37,38,2.63
January 31 2019,Broward,FL,Passenger,2,1,3,128,131,2.29
January 31 2019,Cowlitz,WA,Passenger,79,96,175,72556,72731,0.24
January 31 2019,Dakota,MN,Passenger,0,2,2,33,35,5.71
November 30 2018,Volusia,FL,Passenger,0,1,1,36,37,2.70
November 30 2018,Walla Walla,WA,Truck,0,0,0,13519,13519,0.00
November 30 2018,Yakima,WA,Passenger,78,98,176,164687,164863,0.11
December 31 2018,Asotin,WA,Truck,0,0,0,6633,6633,0.00
December 31 2018,Beaufort,SC,Passenger,1,0,1,35,36,2.78
January 31 2019,Carroll,NH,Passenger,0,1,1,1,2,50.00
January 31 2019,Carson City,NV,Passenger,1,0,1,14,15,6.67
January 31 2019,Clackamas,OR,Passenger,1,1,2,217,219,0.91
January 31 2019,Columbia,WA,Passenger,2,2,4,2423,2427,0.16
January 31 2019,Cumberland,NC,Passenger,0,2,2,524,526,0.38
January 31 2019,Douglas,NE,Passenger,0,1,1,67,68,1.47
November 30 2018,Moore,NC,Passenger,0,1,1,193,194,0.52
November 30 2018,Pacific,WA,Passenger,20,23,43,15815,15858,0.27
November 30 2018,Pacific,WA,Truck,0,0,0,7610,7610,0.00
November 30 2018,Pend Oreille,WA,Passenger,5,5,10,9556,9566,0.10
November 30 2018,Pima,AZ,Passenger,1,1,2,401,403,0.50
November 30 2018,San Mateo,CA,Passenger,2,1,3,128,131,2.29
November 30 2018,St. Lucie,FL,Passenger,1,0,1,29,30,3.33
November 30 2018,St. Mary's,MD,Passenger,1,0,1,221,222,0.45
November 30 2018,Thurston,WA,Passenger,707,567,1274,195472,196746,0.65
November 30 2018,Twin Falls,ID,Passenger,0,1,1,23,24,4.17
November 30 2018,Wahkiakum,WA,Truck,0,0,0,1704,1704,0.00
November 30 2018,Washington,OR,Passenger,0,1,1,467,468,0.21
November 30 2018,Washoe,NV,Passenger,1,0,1,107,108,0.93
November 30 2018,Washtenaw,MI,Passenger,1,0,1,39,40,2.50
December 31 2018,,,Passenger,3,1,4,438,442,0.90
December 31 2018,Jefferson,NY,Passenger,0,1,1,232,233,0.43
December 31 2018,Lewis,WA,Truck,0,0,0,25635,25635,0.00
December 31 2018,Los Angeles,CA,Passenger,7,5,12,1102,1114,1.08
December 31 2018,Maricopa,AZ,Passenger,3,3,6,1543,1549,0.39
December 31 2018,Mason,WA,Passenger,107,110,217,46461,46678,0.46
December 31 2018,Pierce,WA,Truck,0,0,0,139115,139115,0.00
December 31 2018,Polk,FL,Passenger,1,0,1,64,65,1.54
December 31 2018,Randolph,NC,Passenger,1,0,1,6,7,14.29
December 31 2018,Richmond,GA,Passenger,0,1,1,94,95,1.05
December 31 2018,San Mateo,CA,Passenger,2,1,3,128,131,2.29
December 31 2018,Shasta,CA,Passenger,1,0,1,42,43,2.33
December 31 2018,Skagit,WA,Passenger,259,187,446,91201,91647,0.49
December 31 2018,Skagit,WA,Truck,1,0,1,32320,32321,0.00
December 31 2018,Spokane,WA,Truck,1,0,1,93768,93769,0.00
December 31 2018,St. Lucie,FL,Passenger,1,0,1,30,31,3.23
December 31 2018,Stevens,WA,Passenger,16,27,43,31786,31829,0.14
January 31 2019,El Paso,CO,Passenger,3,1,4,777,781,0.51
January 31 2019,Flathead,MT,Passenger,1,0,1,59,60,1.67
January 31 2019,Harris,TX,Passenger,0,1,1,253,254,0.39
January 31 2019,Hawaii,HI,Passenger,1,0,1,60,61,1.64
January 31 2019,Island,WA,Passenger,288,229,517,63249,63766,0.81
January 31 2019,Jackson,OK,Passenger,1,0,1,49,50,2.00
October 31 2018,Lincoln,WA,Truck,0,0,0,4608,4608,0.00
October 31 2018,Marion,IN,Passenger,1,0,1,120,121,0.83
October 31 2018,Mason,WA,Truck,0,0,0,20173,20173,0.00
October 31 2018,Mecklenburg,NC,Passenger,1,0,1,81,82,1.22
October 31 2018,Monterey,CA,Passenger,0,2,2,193,195,1.03
October 31 2018,Morris,NJ,Passenger,1,0,1,17,18,5.56
October 31 2018,Okanogan,WA,Truck,0,0,0,16501,16501,0.00
December 31 2018,Bexar,TX,Passenger,3,4,7,712,719,0.97
December 31 2018,Caddo,LA,Passenger,0,1,1,22,23,4.35
December 31 2018,Collin,TX,Passenger,1,1,2,147,149,1.34
December 31 2018,Columbia,WA,Truck,0,0,0,1517,1517,0.00
December 31 2018,Deschutes,OR,Passenger,2,0,2,164,166,1.20
November 30 2018,Whatcom,WA,Passenger,730,355,1085,149138,150223,0.72
December 31 2018,Ada,ID,Passenger,0,2,2,313,315,0.63
December 31 2018,Albemarle,VA,Passenger,1,0,1,26,27,3.70
December 31 2018,Anne Arundel,MD,Passenger,0,2,2,453,455,0.44
December 31 2018,Bergen,NJ,Passenger,1,0,1,27,28,3.57
December 31 2018,Whatcom,WA,Truck,2,0,2,42662,42664,0.00
January 31 2019,Ada,ID,Passenger,0,2,2,311,313,0.64
January 31 2019,Alexandria,VA,Passenger,1,0,1,164,165,0.61
January 31 2019,Calvert,MD,Passenger,0,1,1,88,89,1.12
December 31 2018,Mason,WA,Truck,0,0,0,20192,20192,0.00
December 31 2018,Monroe,IL,Passenger,1,0,1,4,5,20.00
December 31 2018,Monterey,CA,Passenger,0,1,1,194,195,0.51
December 31 2018,Moore,NC,Passenger,0,1,1,191,192,0.52
December 31 2018,Nantucket,MA,Passenger,1,0,1,4,5,20.00
December 31 2018,Newport,RI,Passenger,1,0,1,100,101,0.99
December 31 2018,Norfolk,VA,Passenger,2,2,4,346,350,1.14
December 31 2018,Pima,AZ,Passenger,1,1,2,401,403,0.50
December 31 2018,Clallam,WA,Truck,0,0,0,21641,21641,0.00
December 31 2018,Cochise,AZ,Passenger,0,1,1,119,120,0.83
December 31 2018,Dallas,TX,Passenger,0,1,1,207,208,0.48
December 31 2018,Douglas,WA,Passenger,50,34,84,28009,28093,0.30
December 31 2018,Franklin,WA,Truck,0,0,0,19057,19057,0.00
December 31 2018,Frederick,MD,Passenger,0,1,1,79,80,1.25
December 31 2018,Garfield,WA,Passenger,1,1,2,1329,1331,0.15
December 31 2018,DeKalb,IN,Passenger,1,0,1,1,2,50.00
January 31 2019,Franklin,WA,Passenger,49,68,117,59323,59440,0.20
January 31 2019,Grays Harbor,WA,Passenger,67,76,143,47453,47596,0.30
January 31 2019,Kittitas,WA,Passenger,69,36,105,29468,29573,0.36
January 31 2019,Klamath,OR,Passenger,1,0,1,35,36,2.78
January 31 2019,Lee,FL,Passenger,1,0,1,52,53,1.89
January 31 2019,Lewis,WA,Truck,0,0,0,25664,25664,0.00
October 31 2018,Pierce,WA,Truck,0,0,0,138772,138772,0.00
October 31 2018,Prince George,VA,Passenger,0,1,1,79,80,1.25
October 31 2018,Richmond,GA,Passenger,0,1,1,96,97,1.03
October 31 2018,Shasta,CA,Passenger,1,0,1,43,44,2.27
October 31 2018,Shelby,TN,Passenger,0,1,1,103,104,0.96
October 31 2018,Skagit,WA,Truck,1,0,1,32337,32338,0.00
October 31 2018,Suffolk,MA,Passenger,0,1,1,43,44,2.27
October 31 2018,Tarrant,TX,Passenger,1,0,1,205,206,0.49
January 31 2019,Kent,MI,Passenger,0,1,1,23,24,4.17
January 31 2019,Kitsap,WA,Truck,1,0,1,53735,53736,0.00
January 31 2019,Lewis,WA,Passenger,95,82,177,58365,58542,0.30
January 31 2019,Manatee,FL,Passenger,1,0,1,36,37,2.70
January 31 2019,Mason,WA,Passenger,108,115,223,46659,46882,0.48
January 31 2019,Montgomery,TX,Passenger,2,0,2,60,62,3.23
January 31 2019,Newport,RI,Passenger,1,0,1,98,99,1.01
January 31 2019,Norfolk,VA,Passenger,2,2,4,345,349,1.15
January 31 2019,Nueces,TX,Passenger,1,1,2,90,92,2.17
December 31 2018,Kittitas,WA,Truck,0,0,0,14194,14194,0.00
December 31 2018,Okanogan,WA,Truck,0,0,0,16487,16487,0.00
December 31 2018,Garfield,OK,Passenger,1,0,1,14,15,6.67
December 31 2018,Garfield,WA,Truck,0,0,0,965,965,0.00
December 31 2018,Harnett,NC,Passenger,1,0,1,230,231,0.43
December 31 2018,Honolulu,HI,Passenger,1,3,4,523,527,0.76
December 31 2018,Houston,GA,Passenger,1,0,1,51,52,1.92
December 31 2018,Jefferson,WA,Truck,0,0,0,9608,9608,0.00
January 31 2019,Contra Costa,CA,Passenger,1,2,3,410,413,0.73
January 31 2019,Cook,IL,Passenger,1,0,1,245,246,0.41
January 31 2019,Douglas,WA,Passenger,51,35,86,28011,28097,0.31
January 31 2019,Frederick,MD,Passenger,0,1,1,80,81,1.23
December 31 2018,Grant,WA,Passenger,32,52,84,64198,64282,0.13
December 31 2018,Grays Harbor,WA,Truck,0,0,0,20352,20352,0.00
December 31 2018,Jackson,OK,Passenger,1,0,1,49,50,2.00
December 31 2018,Santa Cruz,CA,Passenger,1,0,1,41,42,2.38
December 31 2018,Saratoga,NY,Passenger,1,0,1,62,63,1.59
December 31 2018,Snohomish,WA,Truck,1,0,1,121971,121972,0.00
December 31 2018,Twin Falls,ID,Passenger,0,1,1,23,24,4.17
December 31 2018,Wahkiakum,WA,Truck,0,0,0,1722,1722,0.00
December 31 2018,Washoe,NV,Passenger,2,0,2,110,112,1.79
December 31 2018,Washtenaw,MI,Passenger,1,0,1,40,41,2.44
December 31 2018,Whatcom,WA,Passenger,757,371,1128,149451,150579,0.75
January 31 2019,,,Passenger,3,1,4,442,446,0.90
January 31 2019,Garfield,OK,Passenger,1,0,1,14,15,6.67
January 31 2019,Grant,WA,Truck,0,0,0,26325,26325,0.00
January 31 2019,Hardin,KY,Passenger,0,1,1,105,106,0.94
January 31 2019,Hennepin,MN,Passenger,2,0,2,105,107,1.87
January 31 2019,Juneau,AK,Passenger,0,1,1,39,40,2.50
January 31 2019,Lincoln,WA,Passenger,2,5,7,7757,7764,0.09
January 31 2019,Los Angeles,CA,Passenger,7,5,12,1093,1105,1.09
January 31 2019,Montgomery,PA,Passenger,2,0,2,35,37,5.41
January 31 2019,Pacific,WA,Passenger,22,26,48,15887,15935,0.30
January 31 2019,Pend Oreille,WA,Passenger,5,5,10,9537,9547,0.10
October 31 2018,Virginia Beach,VA,Passenger,2,1,3,705,708,0.42
October 31 2018,Whatcom,WA,Truck,2,0,2,42552,42554,0.00
November 30 2018,Ada,ID,Passenger,0,2,2,315,317,0.63
November 30 2018,Asotin,WA,Passenger,12,9,21,12727,12748,0.16
November 30 2018,Broward,FL,Passenger,2,1,3,133,136,2.21
December 31 2018,Manassas,VA,Passenger,0,1,1,9,10,10.00
December 31 2018,Maui,HI,Passenger,1,0,1,51,52,1.92
December 31 2018,Middlesex,MA,Passenger,1,1,2,130,132,1.52
December 31 2018,Montgomery,MD,Passenger,1,0,1,277,278,0.36
December 31 2018,Montgomery,TX,Passenger,2,0,2,61,63,3.17
December 31 2018,New London,CT,Passenger,0,2,2,255,257,0.78
December 31 2018,Orange,FL,Passenger,2,0,2,166,168,1.19
December 31 2018,King,WA,Passenger,16281,6530,22811,1378240,1401051,1.63
December 31 2018,Lee,AL,Passenger,1,0,1,36,37,2.70
December 31 2018,Lincoln,WA,Truck,0,0,0,4639,4639,0.00
December 31 2018,Marion,IN,Passenger,1,0,1,120,121,0.83
December 31 2018,Mecklenburg,NC,Passenger,1,0,1,79,80,1.25
December 31 2018,Montgomery,AL,Passenger,0,1,1,47,48,2.08
December 31 2018,Multnomah,OR,Passenger,3,5,8,765,773,1.03
December 31 2018,Nassau,NY,Passenger,3,0,3,35,38,7.89
December 31 2018,Pacific,WA,Truck,0,0,0,7613,7613,0.00
December 31 2018,Portsmouth,VA,Passenger,0,1,1,81,82,1.22
December 31 2018,Prince George's,MD,Passenger,1,1,2,182,184,1.09
December 31 2018,Suffolk,MA,Passenger,0,1,1,42,43,2.33
December 31 2018,Tarrant,TX,Passenger,1,0,1,203,204,0.49
December 31 2018,Thurston,WA,Passenger,739,572,1311,195617,196928,0.67
January 31 2019,Bucks,PA,Passenger,1,0,1,16,17,5.88
January 31 2019,Camden,NJ,Passenger,0,1,1,27,28,3.57
January 31 2019,Cape May,NJ,Passenger,0,1,1,20,21,4.76
January 31 2019,Clark,NV,Passenger,2,2,4,721,725,0.55
November 30 2018,Camden,NJ,Passenger,0,1,1,26,27,3.70
November 30 2018,Dakota,MN,Passenger,0,2,2,34,36,5.56
January 31 2019,Marion,OR,Passenger,1,0,1,117,118,0.85
January 31 2019,Maui,HI,Passenger,1,0,1,50,51,1.96
January 31 2019,Montgomery,MD,Passenger,1,0,1,278,279,0.36
January 31 2019,Multnomah,OR,Passenger,3,5,8,769,777,1.03
January 31 2019,Nassau,NY,Passenger,3,0,3,36,39,7.69
January 31 2019,New Haven,CT,Passenger,0,1,1,49,50,2.00
January 31 2019,Norfolk,MA,Passenger,1,0,1,36,37,2.70
January 31 2019,Oldham,KY,Passenger,0,1,1,5,6,16.67
January 31 2019,Pend Oreille,WA,Truck,0,0,0,5743,5743,0.00
December 31 2018,Ventura,CA,Passenger,0,2,2,323,325,0.62
January 31 2019,Bexar,TX,Passenger,3,4,7,707,714,0.98
January 31 2019,Pierce,WA,Passenger,1581,1423,3004,539814,542818,0.55
January 31 2019,Portsmouth,VA,Passenger,0,1,1,80,81,1.23
January 31 2019,Santa Cruz,CA,Passenger,1,0,1,42,43,2.33
January 31 2019,Skagit,WA,Passenger,270,186,456,91365,91821,0.50
January 31 2019,Snohomish,WA,Passenger,3074,1488,4562,528298,532860,0.86
January 31 2019,Spokane,WA,Passenger,471,380,851,307611,308462,0.28
November 30 2018,Fulton,GA,Passenger,1,2,3,107,110,2.73
November 30 2018,Hardin,KY,Passenger,0,1,1,112,113,0.88
November 30 2018,Juneau,AK,Passenger,0,1,1,43,44,2.27
November 30 2018,Kent,MI,Passenger,0,1,1,23,24,4.17
November 30 2018,Lane,OR,Passenger,0,1,1,174,175,0.57
January 31 2019,Dale,AL,Passenger,0,1,1,57,58,1.72
January 31 2019,Deschutes,OR,Passenger,2,0,2,163,165,1.21
January 31 2019,Duval,FL,Passenger,1,2,3,385,388,0.77
January 31 2019,Ferry,WA,Truck,0,0,0,3591,3591,0.00
December 31 2018,Pend Oreille,WA,Truck,0,0,0,5738,5738,0.00
December 31 2018,Ramsey,MN,Passenger,1,0,1,39,40,2.50
December 31 2018,San Diego,CA,Passenger,8,2,10,2582,2592,0.39
December 31 2018,San Juan,WA,Truck,0,0,0,5819,5819,0.00
December 31 2018,Santa Fe,NM,Passenger,0,1,1,41,42,2.38
December 31 2018,Santa Rosa,FL,Passenger,1,0,1,89,90,1.11
December 31 2018,Okanogan,WA,Passenger,16,22,38,26069,26107,0.15
December 31 2018,San Francisco,CA,Passenger,2,1,3,115,118,2.54
December 31 2018,Shelby,TN,Passenger,0,1,1,98,99,1.01
December 31 2018,Skamania,WA,Truck,0,0,0,4008,4008,0.00
December 31 2018,St. Mary's,MD,Passenger,1,0,1,217,218,0.46
January 31 2019,Cochise,AZ,Passenger,0,1,1,118,119,0.84
January 31 2019,DeKalb,GA,Passenger,1,0,1,77,78,1.28
January 31 2019,District of Columbia,DC,Passenger,1,3,4,203,207,1.93
January 31 2019,San Juan,WA,Passenger,190,68,258,14255,14513,1.78
January 31 2019,Santa Clara,CA,Passenger,8,1,9,371,380,2.37
January 31 2019,Snohomish,WA,Truck,1,0,1,122010,122011,0.00
January 31 2019,Spokane,WA,Truck,1,0,1,93949,93950,0.00
January 31 2019,Whatcom,WA,Passenger,778,375,1153,149714,150867,0.76
November 30 2018,Lewis,WA,Passenger,89,71,160,58208,58368,0.27
November 30 2018,Manatee,FL,Passenger,1,0,1,39,40,2.50
November 30 2018,Marion,IN,Passenger,1,0,1,121,122,0.82
November 30 2018,Mecklenburg,NC,Passenger,1,0,1,79,80,1.25
November 30 2018,Morris,NJ,Passenger,1,0,1,18,19,5.26
November 30 2018,New Haven,CT,Passenger,0,1,1,48,49,2.04
November 30 2018,Norfolk,VA,Passenger,2,2,4,347,351,1.14
November 30 2018,Nueces,TX,Passenger,1,1,2,93,95,2.11
January 31 2019,Ramsey,MN,Passenger,1,0,1,38,39,2.56
January 31 2019,San Diego,CA,Passenger,9,2,11,2595,2606,0.42
January 31 2019,San Francisco,CA,Passenger,2,1,3,114,117,2.56
January 31 2019,Sangamon,IL,Passenger,1,0,1,8,9,11.11
January 31 2019,Santa Rosa,FL,Passenger,1,0,1,90,91,1.10
January 31 2019,Skamania,WA,Passenger,18,15,33,8744,8777,0.38
January 31 2019,Skamania,WA,Truck,0,0,0,4008,4008,0.00
January 31 2019,St. Clair,IL,Passenger,0,1,1,168,169,0.59
January 31 2019,Tuolumne,CA,Passenger,0,1,1,12,13,7.69
January 31 2019,Valencia,NM,Passenger,1,0,1,9,10,10.00
January 31 2019,Washoe,NV,Passenger,2,0,2,107,109,1.83
February 28 2019,Adams,WA,Passenger,4,6,10,12671,12681,0.08
February 28 2019,Anne Arundel,MD,Passenger,0,2,2,447,449,0.45
January 31 2019,Jefferson,WA,Passenger,175,112,287,24853,25140,1.14
January 31 2019,Jefferson,WA,Truck,0,0,0,9620,9620,0.00
February 28 2019,Cape May,NJ,Passenger,0,1,1,19,20,5.00
February 28 2019,DeKalb,GA,Passenger,1,0,1,77,78,1.28
February 28 2019,,,Passenger,2,1,3,438,441,0.68
February 28 2019,Bexar,TX,Passenger,3,4,7,695,702,1.00
February 28 2019,Caddo,LA,Passenger,0,1,1,23,24,4.17
December 31 2018,Virginia Beach,VA,Passenger,2,1,3,704,707,0.42
December 31 2018,Walla Walla,WA,Truck,0,0,0,13524,13524,0.00
December 31 2018,Washington,OR,Passenger,0,1,1,468,469,0.21
December 31 2018,Yakima,WA,Truck,0,0,0,58847,58847,0.00
January 31 2019,Alameda,CA,Passenger,0,2,2,315,317,0.63
January 31 2019,Allegheny,PA,Passenger,1,0,1,83,84,1.19
January 31 2019,Ferry,WA,Passenger,3,2,5,4389,4394,0.11
January 31 2019,Fresno,CA,Passenger,1,0,1,188,189,0.53
January 31 2019,Fulton,GA,Passenger,1,2,3,107,110,2.73
January 31 2019,Grant,WA,Passenger,33,53,86,64368,64454,0.13
January 31 2019,Grays Harbor,WA,Truck,0,0,0,20315,20315,0.00
January 31 2019,Houston,GA,Passenger,1,0,1,51,52,1.92
January 31 2019,Jefferson,NY,Passenger,0,1,1,233,234,0.43
December 31 2018,Valencia,NM,Passenger,1,0,1,10,11,9.09
December 31 2018,Volusia,FL,Passenger,0,1,1,37,38,2.63
December 31 2018,Yakima,WA,Passenger,82,99,181,164765,164946,0.11
January 31 2022,Tarrant,TX,Passenger,1,0,1,125,126,0.79
January 31 2022,Ulster,NY,Passenger,1,0,1,9,10,10.00
January 31 2022,Virginia Beach,VA,Passenger,2,0,2,569,571,0.35
February 28 2022,Allen,IN,Passenger,1,0,1,14,15,6.67
October 31 2021,Franklin,WA,Passenger,144,102,246,62088,62334,0.39
October 31 2021,Harnett,NC,Passenger,1,1,2,157,159,1.26
October 31 2021,Hidalgo,TX,Passenger,0,1,1,54,55,1.82
October 31 2021,Honolulu,HI,Passenger,5,3,8,370,378,2.12
October 31 2021,Howard,IN,Passenger,0,1,1,6,7,14.29
October 31 2021,Howard,MD,Passenger,0,1,1,56,57,1.75
October 31 2021,Jefferson,WA,Truck,0,0,0,9593,9593,0.00
October 31 2021,Klamath,OR,Passenger,1,0,1,26,27,3.70
October 31 2021,Lane,OR,Passenger,0,1,1,114,115,0.87
October 31 2021,Las Animas,CO,Passenger,1,0,1,0,1,100.00
November 30 2021,Thurston,WA,Truck,0,0,0,56190,56190,0.00
November 30 2021,Wayne,NC,Passenger,1,0,1,28,29,3.45
November 30 2021,Whatcom,WA,Truck,4,0,4,43701,43705,0.01
November 30 2021,Williams,ND,Passenger,0,1,1,8,9,11.11
November 30 2021,Wilson,NC,Passenger,1,0,1,0,1,100.00
December 31 2021,Allen,IN,Passenger,1,0,1,14,15,6.67
December 31 2021,Asotin,WA,Passenger,22,17,39,12720,12759,0.31
December 31 2021,Broward,FL,Passenger,2,0,2,93,95,2.11
November 30 2021,Whitman,WA,Truck,0,0,0,8558,8558,0.00
November 30 2021,Williamson,TX,Passenger,1,2,3,91,94,3.19
November 30 2021,Yamhill,OR,Passenger,1,0,1,31,32,3.12
December 31 2021,Allegheny,PA,Passenger,1,1,2,53,55,3.64
December 31 2021,Benton,WA,Passenger,639,445,1084,136125,137209,0.79
December 31 2021,Carroll,NH,Passenger,0,1,1,5,6,16.67
December 31 2021,Carson City,NV,Passenger,1,0,1,8,9,11.11
December 31 2021,Columbia,GA,Passenger,0,1,1,107,108,0.93
December 31 2021,Columbia,WA,Passenger,6,2,8,2452,2460,0.33
December 31 2021,Coryell,TX,Passenger,1,0,1,108,109,0.92
December 31 2021,Cowlitz,WA,Truck,0,1,1,29001,29002,0.00
February 28 2022,Asotin,WA,Passenger,22,18,40,12641,12681,0.32
February 28 2022,Boone,MO,Passenger,0,1,1,9,10,10.00
February 28 2022,Broward,FL,Passenger,2,0,2,86,88,2.27
February 28 2022,Calvert,MD,Passenger,0,2,2,79,81,2.47
February 28 2022,Camden,NJ,Passenger,0,1,1,13,14,7.14
February 28 2022,Champaign,IL,Passenger,1,0,1,12,13,7.69
October 31 2021,Lincoln,WA,Truck,0,0,0,4805,4805,0.00
November 30 2021,Garfield,WA,Passenger,0,3,3,1350,1353,0.22
November 30 2021,Kauai,HI,Passenger,1,0,1,17,18,5.56
November 30 2021,King,WA,Truck,6,1,7,183346,183353,0.00
November 30 2021,Kings,NY,Passenger,1,0,1,65,66,1.52
November 30 2021,Lake,IL,Passenger,3,0,3,153,156,1.92
November 30 2021,Lincoln,WA,Passenger,7,16,23,7694,7717,0.30
November 30 2021,Loudoun,VA,Passenger,1,0,1,66,67,1.49
November 30 2021,Newport,RI,Passenger,1,0,1,70,71,1.41
November 30 2021,Okanogan,WA,Passenger,67,43,110,26606,26716,0.41
November 30 2021,Penobscot,ME,Passenger,0,1,1,8,9,11.11
November 30 2021,Pierce,WA,Passenger,4130,2111,6241,557456,563697,1.11
November 30 2021,Pinellas,FL,Passenger,0,1,1,88,89,1.12
November 30 2021,Queens,NY,Passenger,1,0,1,45,46,2.17
November 30 2021,San Francisco,CA,Passenger,0,1,1,78,79,1.27
November 30 2021,Saratoga,NY,Passenger,1,0,1,39,40,2.50
November 30 2021,Skagit,WA,Passenger,667,299,966,91304,92270,1.05
November 30 2021,Skamania,WA,Truck,0,0,0,4003,4003,0.00
November 30 2021,St. Mary's,MD,Passenger,1,0,1,204,205,0.49
January 31 2022,Jefferson,WA,Passenger,385,197,582,24696,25278,2.30
January 31 2022,King,WA,Truck,14,1,15,182688,182703,0.01
January 31 2022,Kings,CA,Passenger,2,1,3,319,322,0.93
January 31 2022,Lake,FL,Passenger,1,0,1,23,24,4.17
January 31 2022,Lincoln,WA,Passenger,6,17,23,7739,7762,0.30
January 31 2022,Benton,WA,Truck,0,0,0,43607,43607,0.00
January 31 2022,Carson City,NV,Passenger,1,0,1,8,9,11.11
January 31 2022,Charleston,SC,Passenger,2,1,3,73,76,3.95
January 31 2022,Clallam,WA,Truck,1,0,1,22144,22145,0.00
January 31 2022,Clark,WA,Passenger,3543,1571,5114,319532,324646,1.58
January 31 2022,Columbia,GA,Passenger,0,1,1,104,105,0.95
January 31 2022,Coryell,TX,Passenger,1,0,1,105,106,0.94
January 31 2022,Cumberland,NC,Passenger,1,2,3,398,401,0.75
January 31 2022,District of Columbia,DC,Passenger,5,0,5,183,188,2.66
November 30 2021,Manassas,VA,Passenger,0,1,1,6,7,14.29
November 30 2021,Marin,CA,Passenger,0,1,1,35,36,2.78
November 30 2021,Okanogan,WA,Truck,0,0,0,16693,16693,0.00
November 30 2021,Pennington,SD,Passenger,1,0,1,31,32,3.12
November 30 2021,Platte,MO,Passenger,1,0,1,16,17,5.88
November 30 2021,Salt Lake,UT,Passenger,0,2,2,154,156,1.28
February 28 2022,Douglas,CO,Passenger,0,1,1,76,77,1.30
February 28 2022,El Paso,CO,Passenger,3,1,4,653,657,0.61
February 28 2022,Juneau,AK,Passenger,0,1,1,28,29,3.45
February 28 2022,Kitsap,WA,Truck,0,0,0,54110,54110,0.00
February 28 2022,Lane,OR,Passenger,0,1,1,103,104,0.96
February 28 2022,Las Animas,CO,Passenger,1,0,1,1,2,50.00
December 31 2021,Burlington,NJ,Passenger,0,1,1,117,118,0.85
December 31 2021,Chelan,WA,Passenger,408,114,522,54685,55207,0.95
December 31 2021,Clallam,WA,Passenger,383,239,622,50399,51021,1.22
December 31 2021,Denton,TX,Passenger,1,0,1,75,76,1.32
December 31 2021,El Paso,CO,Passenger,3,0,3,669,672,0.45
December 31 2021,Fairfax,VA,Passenger,3,4,7,651,658,1.06
December 31 2021,Cumberland,NC,Passenger,1,2,3,406,409,0.73
December 31 2021,Douglas,NE,Passenger,1,2,3,45,48,6.25
December 31 2021,Fairbanks North Star,AK,Passenger,0,1,1,80,81,1.23
December 31 2021,Grays Harbor,WA,Passenger,192,157,349,49449,49798,0.70
December 31 2021,Island,WA,Truck,0,0,0,21525,21525,0.00
December 31 2021,Jefferson,NY,Passenger,0,1,1,206,207,0.48
January 31 2022,Montgomery,PA,Passenger,2,0,2,22,24,8.33
January 31 2022,Owyhee,ID,Passenger,1,0,1,2,3,33.33
January 31 2022,Pacific,WA,Passenger,55,63,118,16059,16177,0.73
January 31 2022,Pennington,SD,Passenger,2,0,2,29,31,6.45
January 31 2022,Penobscot,ME,Passenger,0,1,1,7,8,12.50
January 31 2022,Prince William,VA,Passenger,1,1,2,202,204,0.98
January 31 2022,Queens,NY,Passenger,1,0,1,48,49,2.04
January 31 2022,Rockingham,NH,Passenger,1,0,1,19,20,5.00
January 31 2022,Rogers,OK,Passenger,1,0,1,3,4,25.00
November 30 2021,Vigo,IN,Passenger,1,0,1,5,6,16.67
November 30 2021,Wahkiakum,WA,Truck,0,0,0,1818,1818,0.00
November 30 2021,Wake,NC,Passenger,1,0,1,107,108,0.93
November 30 2021,Walla Walla,WA,Truck,0,0,0,14079,14079,0.00
November 30 2021,Washington,OR,Passenger,1,0,1,346,347,0.29
December 31 2021,,,Passenger,3,1,4,345,349,1.15
January 31 2022,Fresno,CA,Passenger,1,0,1,155,156,0.64
January 31 2022,Goochland,VA,Passenger,3,2,5,166,171,2.92
January 31 2022,Grays Harbor,WA,Passenger,197,158,355,49347,49702,0.71
January 31 2022,Hamilton,IN,Passenger,2,0,2,22,24,8.33
January 31 2022,Hamilton,OH,Passenger,1,0,1,31,32,3.12
January 31 2022,Harris,TX,Passenger,1,0,1,157,158,0.63
January 31 2022,Jefferson,NY,Passenger,0,1,1,202,203,0.49
January 31 2022,Lake,IL,Passenger,3,0,3,150,153,1.96
January 31 2022,Leavenworth,KS,Passenger,1,1,2,108,110,1.82
October 31 2021,Rockdale,GA,Passenger,1,0,1,7,8,12.50
October 31 2021,San Juan,WA,Passenger,469,146,615,14190,14805,4.15
October 31 2021,Sedgwick,KS,Passenger,1,1,2,78,80,2.50
October 31 2021,St. Mary's,MD,Passenger,1,0,1,205,206,0.49
October 31 2021,Thurston,WA,Passenger,1803,922,2725,197298,200023,1.36
October 31 2021,Thurston,WA,Truck,0,0,0,56207,56207,0.00
October 31 2021,Wake,NC,Passenger,1,0,1,111,112,0.89
October 31 2021,Washington,OR,Passenger,1,0,1,353,354,0.28
November 30 2021,Solano,CA,Passenger,1,0,1,177,178,0.56
November 30 2021,Sonoma,CA,Passenger,0,1,1,82,83,1.20
November 30 2021,Ulster,NY,Passenger,1,0,1,9,10,10.00
November 30 2021,Virginia Beach,VA,Passenger,2,0,2,581,583,0.34
November 30 2021,Wahkiakum,WA,Passenger,17,10,27,3091,3118,0.87
November 30 2021,Washington,MD,Passenger,2,0,2,14,16,12.50
February 28 2022,Lewis,WA,Passenger,221,166,387,59456,59843,0.65
February 28 2022,Lincoln,OR,Passenger,0,1,1,30,31,3.23
February 28 2022,New Haven,CT,Passenger,0,2,2,30,32,6.25
February 28 2022,Norfolk,VA,Passenger,3,3,6,304,310,1.94
February 28 2022,Nueces,TX,Passenger,1,1,2,59,61,3.28
December 31 2021,Grant,WA,Truck,0,0,0,28003,28003,0.00
December 31 2021,Juneau,AK,Passenger,0,1,1,27,28,3.57
December 31 2021,King,WA,Truck,6,1,7,183044,183051,0.00
December 31 2021,Lee,FL,Passenger,1,0,1,29,30,3.33
January 31 2022,Sonoma,CA,Passenger,0,1,1,75,76,1.32
January 31 2022,St. Louis,MO,Passenger,1,0,1,72,73,1.37
January 31 2022,Stevens,WA,Truck,0,0,0,18940,18940,0.00
January 31 2022,Washington,MD,Passenger,2,0,2,14,16,12.50
January 31 2022,Whitman,WA,Truck,0,0,0,8567,8567,0.00
January 31 2022,Wichita,TX,Passenger,1,0,1,41,42,2.38
January 31 2022,Williamson,TX,Passenger,1,2,3,86,89,3.37
January 31 2022,Wilson,TX,Passenger,0,1,1,2,3,33.33
February 28 2022,Alexandria,VA,Passenger,3,0,3,113,116,2.59
October 31 2021,Wayne,NC,Passenger,1,0,1,28,29,3.45
October 31 2021,Williams,ND,Passenger,0,1,1,8,9,11.11
October 31 2021,Wilson,NC,Passenger,1,0,1,0,1,100.00
November 30 2021,Carroll,NH,Passenger,0,1,1,5,6,16.67
November 30 2021,Clark,WA,Truck,0,0,0,84073,84073,0.00
December 31 2021,New Haven,CT,Passenger,0,2,2,28,30,6.67
December 31 2021,Oldham,KY,Passenger,0,1,1,4,5,20.00
December 31 2021,Owyhee,ID,Passenger,1,0,1,2,3,33.33
December 31 2021,Pennington,SD,Passenger,1,0,1,31,32,3.12
December 31 2021,RÃ­o Grande,PR,Passenger,1,0,1,0,1,100.00
December 31 2021,Richmond,NY,Passenger,1,0,1,6,7,14.29
December 31 2021,Carroll,MD,Passenger,0,1,1,16,17,5.88
December 31 2021,Clallam,WA,Truck,1,0,1,22126,22127,0.00
December 31 2021,Contra Costa,CA,Passenger,1,4,5,269,274,1.82
December 31 2021,Cook,IL,Passenger,2,0,2,193,195,1.03
December 31 2021,Douglas,WA,Passenger,116,56,172,28612,28784,0.60
December 31 2021,Elmore,ID,Passenger,1,0,1,17,18,5.56
December 31 2021,Kings,CA,Passenger,2,1,3,323,326,0.92
December 31 2021,Lewis,WA,Truck,0,0,0,26681,26681,0.00
December 31 2021,Los Angeles,CA,Passenger,8,7,15,828,843,1.78
December 31 2021,Mason,WA,Truck,0,0,0,21224,21224,0.00
December 31 2021,Monterey,CA,Passenger,0,1,1,138,139,0.72
December 31 2021,New York,NY,Passenger,1,0,1,37,38,2.63
December 31 2021,Pacific,WA,Passenger,51,64,115,16070,16185,0.71
February 28 2022,Richmond,NY,Passenger,1,0,1,6,7,14.29
February 28 2022,Rock Island,IL,Passenger,0,1,1,16,17,5.88
February 28 2022,Rockingham,NH,Passenger,1,0,1,19,20,5.00
February 28 2022,Rogers,OK,Passenger,1,0,1,3,4,25.00
February 28 2022,San Bernardino,CA,Passenger,1,1,2,345,347,0.58
February 28 2022,Santa Cruz,CA,Passenger,1,0,1,25,26,3.85
February 28 2022,Sevier,AR,Passenger,0,1,1,0,1,100.00
February 28 2022,Snohomish,WA,Passenger,7454,2311,9765,536007,545772,1.79
February 28 2022,Spokane,WA,Passenger,1392,784,2176,326311,328487,0.66
February 28 2022,St. Clair,IL,Passenger,2,0,2,123,125,1.60
February 28 2022,St. Louis,MO,Passenger,1,0,1,71,72,1.39
February 28 2022,Contra Costa,CA,Passenger,1,4,5,268,273,1.83
February 28 2022,Cook,IL,Passenger,2,0,2,194,196,1.02
February 28 2022,Cowlitz,WA,Passenger,280,168,448,71266,71714,0.62
February 28 2022,Dallas,TX,Passenger,1,0,1,127,128,0.78
February 28 2022,Douglas,WA,Passenger,122,55,177,28561,28738,0.62
February 28 2022,Flathead,MT,Passenger,1,0,1,37,38,2.63
February 28 2022,Fort Bend,TX,Passenger,1,0,1,33,34,2.94
February 28 2022,Frederick,MD,Passenger,1,1,2,66,68,2.94
November 30 2021,Dallas,TX,Passenger,1,0,1,145,146,0.68
November 30 2021,Danville,VA,Passenger,1,0,1,0,1,100.00
November 30 2021,Denton,TX,Passenger,1,0,1,76,77,1.30
November 30 2021,Douglas,WA,Passenger,106,53,159,28612,28771,0.55
November 30 2021,Frederick,MD,Passenger,1,1,2,68,70,2.86
November 30 2021,Grant,WA,Passenger,131,97,228,66953,67181,0.34
November 30 2021,Grays Harbor,WA,Truck,0,0,0,21426,21426,0.00
December 31 2021,Sevier,AR,Passenger,0,1,1,0,1,100.00
December 31 2021,Shelby,OH,Passenger,0,1,1,2,3,33.33
December 31 2021,Skamania,WA,Passenger,60,42,102,8321,8423,1.21
December 31 2021,Spokane,WA,Passenger,1310,758,2068,327461,329529,0.63
December 31 2021,St. Clair,IL,Passenger,2,0,2,122,124,1.61
December 31 2021,St. Louis,MO,Passenger,1,0,1,73,74,1.35
December 31 2021,Walla Walla,WA,Passenger,143,87,230,36383,36613,0.63
December 31 2021,Benton,WA,Truck,0,0,0,43712,43712,0.00
December 31 2021,Chelan,WA,Truck,0,0,0,23110,23110,0.00
December 31 2021,Clark,WA,Passenger,3476,1561,5037,320391,325428,1.55
December 31 2021,Clark,WA,Truck,1,0,1,83997,83998,0.00
December 31 2021,Columbia,WA,Truck,0,0,0,1555,1555,0.00
December 31 2021,Danville,VA,Passenger,1,0,1,0,1,100.00
December 31 2021,District of Columbia,DC,Passenger,5,0,5,186,191,2.62
December 31 2021,Douglas,OR,Passenger,1,0,1,28,29,3.45
December 31 2021,El Paso,TX,Passenger,2,0,2,350,352,0.57
February 28 2022,Yakima,WA,Truck,0,0,0,61658,61658,0.00
February 28 2022,Yellowstone,MT,Passenger,0,1,1,27,28,3.57
March 31 2022,Alameda,CA,Passenger,4,0,4,195,199,2.01
March 31 2022,Carroll,NH,Passenger,0,1,1,5,6,16.67
March 31 2022,Charles,MD,Passenger,0,1,1,60,61,1.64
March 31 2022,Clark,NV,Passenger,4,3,7,537,544,1.29
January 31 2022,Lewis,WA,Passenger,213,165,378,59519,59897,0.63
January 31 2022,Lewis,WA,Truck,0,0,0,26658,26658,0.00
January 31 2022,Los Angeles,CA,Passenger,10,7,17,820,837,2.03
January 31 2022,Maricopa,AZ,Passenger,6,3,9,1005,1014,0.89
January 31 2022,Mason,WA,Passenger,272,161,433,47776,48209,0.90
January 31 2022,Mason,WA,Truck,0,0,0,21192,21192,0.00
January 31 2022,Newport,RI,Passenger,1,0,1,72,73,1.37
January 31 2022,Norfolk,VA,Passenger,3,3,6,307,313,1.92
January 31 2022,Nueces,TX,Passenger,1,1,2,61,63,3.17
January 31 2022,Plaquemines,LA,Passenger,0,1,1,17,18,5.56
December 31 2021,Ferry,WA,Truck,0,0,0,3596,3596,0.00
December 31 2021,Frederick,MD,Passenger,1,1,2,67,69,2.90
December 31 2021,Grant,WA,Passenger,137,98,235,66982,67217,0.35
December 31 2021,Harrison,MS,Passenger,2,0,2,48,50,4.00
December 31 2021,Hillsborough,FL,Passenger,0,1,1,134,135,0.74
December 31 2021,Hudson,NJ,Passenger,1,0,1,38,39,2.56
December 31 2021,Klickitat,WA,Passenger,89,53,142,15349,15491,0.92
December 31 2021,Lake,IL,Passenger,3,0,3,150,153,1.96
November 30 2021,Juneau,AK,Passenger,0,1,1,27,28,3.57
November 30 2021,Lee,FL,Passenger,1,0,1,29,30,3.33
November 30 2021,Louisa,VA,Passenger,0,1,1,1,2,50.00
November 30 2021,Middlesex,MA,Passenger,1,1,2,89,91,2.20
November 30 2021,Milwaukee,WI,Passenger,1,0,1,37,38,2.63
March 31 2022,Denton,TX,Passenger,1,0,1,69,70,1.43
March 31 2022,Jefferson,WA,Passenger,408,207,615,24701,25316,2.43
February 28 2022,Galveston,TX,Passenger,0,1,1,20,21,4.76
February 28 2022,Harrison,MS,Passenger,2,0,2,49,51,3.92
February 28 2022,Hawaii,HI,Passenger,1,0,1,37,38,2.63
February 28 2022,Hennepin,MN,Passenger,3,0,3,61,64,4.69
February 28 2022,Hillsborough,FL,Passenger,0,1,1,129,130,0.77
February 28 2022,Hudson,NJ,Passenger,1,0,1,35,36,2.78
February 28 2022,Island,WA,Passenger,745,352,1097,62425,63522,1.73
February 28 2022,Klickitat,WA,Passenger,92,53,145,15307,15452,0.94
February 28 2022,Louisa,VA,Passenger,0,1,1,1,2,50.00
December 31 2021,Louisa,VA,Passenger,0,1,1,1,2,50.00
December 31 2021,Manassas,VA,Passenger,0,1,1,6,7,14.29
December 31 2021,Maricopa,AZ,Passenger,7,3,10,1026,1036,0.97
December 31 2021,Marin,CA,Passenger,0,1,1,34,35,2.86
December 31 2021,Montgomery,MD,Passenger,3,2,5,207,212,2.36
December 31 2021,Platte,MO,Passenger,1,0,1,16,17,5.88
December 31 2021,Prince George's,MD,Passenger,2,1,3,138,141,2.13
December 31 2021,Pend Oreille,WA,Passenger,18,9,27,9132,9159,0.29
December 31 2021,Pierce,WA,Truck,0,0,0,144835,144835,0.00
December 31 2021,Plaquemines,LA,Passenger,0,1,1,17,18,5.56
December 31 2021,Powhatan,VA,Passenger,1,0,1,1,2,50.00
December 31 2021,Ray,MO,Passenger,0,1,1,1,2,50.00
December 31 2021,Richmond,GA,Passenger,0,1,1,74,75,1.33
December 31 2021,San Joaquin,CA,Passenger,1,1,2,94,96,2.08
December 31 2021,Skagit,WA,Truck,1,0,1,32703,32704,0.00
December 31 2021,Snohomish,WA,Truck,2,0,2,125455,125457,0.00
December 31 2021,Spartanburg,SC,Passenger,0,1,1,47,48,2.08
December 31 2021,Spokane,WA,Truck,0,0,0,102804,102804,0.00
December 31 2021,Suffolk,MA,Passenger,0,2,2,25,27,7.41
December 31 2021,Tarrant,TX,Passenger,1,0,1,126,127,0.79
December 31 2021,Fresno,CA,Passenger,1,0,1,156,157,0.64
December 31 2021,Geary,KS,Passenger,1,0,1,94,95,1.05
December 31 2021,Goochland,VA,Passenger,3,2,5,173,178,2.81
December 31 2021,Grays Harbor,WA,Truck,0,0,0,21387,21387,0.00
December 31 2021,Greene,MO,Passenger,0,1,1,24,25,4.00
December 31 2021,Gwinnett,GA,Passenger,1,0,1,57,58,1.72
December 31 2021,Klickitat,WA,Truck,0,0,0,8333,8333,0.00
December 31 2021,Leavenworth,KS,Passenger,1,1,2,110,112,1.79
December 31 2021,Yakima,WA,Truck,0,0,0,61789,61789,0.00
January 31 2022,Adams,WA,Truck,0,0,0,5434,5434,0.00
January 31 2022,Alameda,CA,Passenger,4,0,4,203,207,1.93
January 31 2022,Anne Arundel,MD,Passenger,5,3,8,354,362,2.21
January 31 2022,Carroll,NH,Passenger,0,1,1,5,6,16.67
January 31 2022,Charles,MD,Passenger,1,1,2,66,68,2.94
January 31 2022,Clark,WA,Truck,2,0,2,83893,83895,0.00
January 31 2022,Danville,VA,Passenger,1,0,1,0,1,100.00
January 31 2022,Denton,TX,Passenger,1,0,1,71,72,1.39
January 31 2022,Douglas,NE,Passenger,1,2,3,45,48,6.25
January 31 2022,DuPage,IL,Passenger,1,0,1,49,50,2.00
January 31 2022,Erie,NY,Passenger,1,0,1,31,32,3.12
January 31 2022,Greene,MO,Passenger,0,1,1,24,25,4.00
December 31 2021,Randolph,NC,Passenger,1,0,1,5,6,16.67
December 31 2021,San Diego,CA,Passenger,15,8,23,2421,2444,0.94
December 31 2021,Sedgwick,KS,Passenger,1,1,2,80,82,2.44
December 31 2021,Sumter,SC,Passenger,0,1,1,32,33,3.03
December 31 2021,Thurston,WA,Passenger,1867,965,2832,196880,199712,1.42
December 31 2021,Middlesex,MA,Passenger,0,1,1,90,91,1.10
December 31 2021,Moore,NC,Passenger,0,1,1,121,122,0.82
December 31 2021,Okaloosa,FL,Passenger,0,1,1,111,112,0.89
December 31 2021,Onslow,NC,Passenger,0,1,1,168,169,0.59
December 31 2021,Philadelphia,PA,Passenger,1,0,1,37,38,2.63
December 31 2021,Pima,AZ,Passenger,1,1,2,253,255,0.78
December 31 2021,Pinellas,FL,Passenger,0,1,1,86,87,1.15
December 31 2021,San Luis Obispo,CA,Passenger,1,0,1,57,58,1.72
January 31 2022,Ray,MO,Passenger,0,1,1,1,2,50.00
January 31 2022,San Bernardino,CA,Passenger,1,1,2,350,352,0.57
January 31 2022,San Luis Obispo,CA,Passenger,1,0,1,56,57,1.75
January 31 2022,Santa Cruz,CA,Passenger,1,0,1,24,25,4.00
January 31 2022,Sarasota,FL,Passenger,2,0,2,28,30,6.67
January 31 2022,Saratoga,NY,Passenger,1,0,1,39,40,2.50
January 31 2022,Snohomish,WA,Passenger,7221,2278,9499,536711,546210,1.74
January 31 2022,Snohomish,WA,Truck,3,0,3,125314,125317,0.00
January 31 2022,Spartanburg,SC,Passenger,0,1,1,47,48,2.08
January 31 2022,St. Tammany,LA,Passenger,1,0,1,38,39,2.56
January 31 2022,Vigo,IN,Passenger,1,0,1,5,6,16.67
January 31 2022,Wahkiakum,WA,Passenger,17,11,28,3075,3103,0.90
January 31 2022,Wahkiakum,WA,Truck,0,0,0,1817,1817,0.00
November 30 2021,New Haven,CT,Passenger,0,2,2,28,30,6.67
November 30 2021,Onslow,NC,Passenger,0,1,1,170,171,0.58
November 30 2021,Pend Oreille,WA,Passenger,18,7,25,9170,9195,0.27
November 30 2021,Pend Oreille,WA,Truck,0,0,0,5696,5696,0.00
November 30 2021,Placer,CA,Passenger,2,0,2,71,73,2.74
November 30 2021,RÃ­o Grande,PR,Passenger,1,0,1,0,1,100.00
November 30 2021,San Diego,CA,Passenger,16,8,24,2448,2472,0.97
November 30 2021,Skamania,WA,Passenger,57,40,97,8342,8439,1.15
February 28 2022,Montgomery,MD,Passenger,3,2,5,197,202,2.48
February 28 2022,Multnomah,OR,Passenger,1,4,5,578,583,0.86
February 28 2022,Nassau,NY,Passenger,2,0,2,24,26,7.69
February 28 2022,Pend Oreille,WA,Truck,0,0,0,5718,5718,0.00
February 28 2022,Pierce,WA,Passenger,4485,2176,6661,552741,559402,1.19
February 28 2022,Placer,CA,Passenger,2,0,2,71,73,2.74
February 28 2022,Portsmouth,VA,Passenger,0,1,1,76,77,1.30
February 28 2022,Prince George's,MD,Passenger,2,1,3,132,135,2.22
February 28 2022,Randolph,NC,Passenger,1,0,1,5,6,16.67
March 31 2022,Kauai,HI,Passenger,1,0,1,18,19,5.26
March 31 2022,King,WA,Truck,25,1,26,182067,182093,0.01
March 31 2022,Kings,CA,Passenger,2,1,3,307,310,0.97
March 31 2022,Lee,FL,Passenger,1,0,1,28,29,3.45
March 31 2022,Lincoln,WA,Passenger,7,18,25,7669,7694,0.32
March 31 2022,Loudoun,VA,Passenger,1,1,2,66,68,2.94
March 31 2022,Montgomery,PA,Passenger,2,0,2,22,24,8.33
March 31 2022,Pacific,WA,Passenger,61,68,129,16002,16131,0.80
January 31 2022,Asotin,WA,Truck,0,0,0,6736,6736,0.00
January 31 2022,Chesapeake,VA,Passenger,2,3,5,372,377,1.33
January 31 2022,Collin,TX,Passenger,1,0,1,102,103,0.97
January 31 2022,Kauai,HI,Passenger,1,0,1,17,18,5.56
January 31 2022,Kitsap,WA,Truck,0,0,0,54170,54170,0.00
January 31 2022,Lee,FL,Passenger,1,0,1,28,29,3.45
January 31 2022,Loudoun,VA,Passenger,1,0,1,66,67,1.49
January 31 2022,Pend Oreille,WA,Passenger,17,9,26,9120,9146,0.28
December 31 2021,Whatcom,WA,Passenger,1643,673,2316,150020,152336,1.52
December 31 2021,Whatcom,WA,Truck,4,0,4,43694,43698,0.01
December 31 2021,Wichita,TX,Passenger,1,0,1,42,43,2.33
December 31 2021,Wood,OH,Passenger,0,1,1,6,7,14.29
January 31 2022,Adams,WA,Passenger,17,14,31,13043,13074,0.24
January 31 2022,Alexandria,VA,Passenger,2,0,2,114,116,1.72
January 31 2022,Baltimore,MD,Passenger,1,0,1,80,81,1.23
January 31 2022,Bartow,GA,Passenger,0,1,1,3,4,25.00
January 31 2022,Boulder,CO,Passenger,1,1,2,36,38,5.26
January 31 2022,Burlington,NJ,Passenger,0,1,1,115,116,0.86
January 31 2022,Cape May,NJ,Passenger,0,1,1,8,9,11.11
January 31 2022,Clark,NV,Passenger,4,3,7,556,563,1.24
December 31 2021,San Mateo,CA,Passenger,2,0,2,79,81,2.47
December 31 2021,Sarasota,FL,Passenger,2,0,2,30,32,6.25
December 31 2021,Saratoga,NY,Passenger,1,0,1,39,40,2.50
December 31 2021,Stevens,WA,Passenger,55,44,99,30295,30394,0.33
December 31 2021,Stevens,WA,Truck,0,0,0,18942,18942,0.00
December 31 2021,Vigo,IN,Passenger,1,0,1,5,6,16.67
December 31 2021,Wahkiakum,WA,Truck,0,0,0,1825,1825,0.00
January 31 2022,Columbia,WA,Truck,0,0,0,1557,1557,0.00
January 31 2022,DeKalb,GA,Passenger,1,0,1,54,55,1.82
January 31 2022,Franklin,WA,Truck,0,0,0,20891,20891,0.00
January 31 2022,Grays Harbor,WA,Truck,0,0,0,21346,21346,0.00
February 28 2022,Adams,WA,Passenger,17,14,31,13022,13053,0.24
February 28 2022,Adams,WA,Truck,0,0,0,5459,5459,0.00
February 28 2022,Alameda,CA,Passenger,4,0,4,201,205,1.95
February 28 2022,Albemarle,VA,Passenger,1,0,1,19,20,5.00
February 28 2022,Anne Arundel,MD,Passenger,5,3,8,358,366,2.19
February 28 2022,Asotin,WA,Truck,0,0,0,6741,6741,0.00
February 28 2022,Baltimore,MD,Passenger,1,0,1,77,78,1.28
February 28 2022,Carroll,MD,Passenger,0,1,1,15,16,6.25
January 31 2022,RÃ­o Grande,PR,Passenger,1,0,1,0,1,100.00
January 31 2022,Richland,SC,Passenger,0,1,1,132,133,0.75
January 31 2022,Salt Lake,UT,Passenger,1,2,3,148,151,1.99
January 31 2022,Skamania,WA,Passenger,60,43,103,8314,8417,1.22
January 31 2022,Solano,CA,Passenger,1,0,1,174,175,0.57
February 28 2022,San Diego,CA,Passenger,14,8,22,2359,2381,0.92
February 28 2022,San Francisco,CA,Passenger,0,1,1,73,74,1.35
February 28 2022,San Joaquin,CA,Passenger,1,1,2,89,91,2.20
February 28 2022,Skagit,WA,Passenger,716,316,1032,90675,91707,1.13
February 28 2022,Skamania,WA,Truck,0,0,0,4000,4000,0.00
February 28 2022,Yakima,WA,Passenger,301,178,479,168032,168511,0.28
January 31 2022,Bell,TX,Passenger,1,0,1,339,340,0.29
January 31 2022,Boone,MO,Passenger,0,1,1,9,10,10.00
January 31 2022,Calvert,MD,Passenger,0,2,2,79,81,2.47
January 31 2022,Camden,NJ,Passenger,0,1,1,13,14,7.14
January 31 2022,Champaign,IL,Passenger,1,0,1,11,12,8.33
January 31 2022,Clackamas,OR,Passenger,2,0,2,161,163,1.23
January 31 2022,Contra Costa,CA,Passenger,1,4,5,264,269,1.86
January 31 2022,Cook,IL,Passenger,2,0,2,193,195,1.03
January 31 2022,Dallas,TX,Passenger,1,0,1,131,132,0.76
January 31 2022,Dorchester,SC,Passenger,1,0,1,62,63,1.59
January 31 2022,Duval,FL,Passenger,0,2,2,303,305,0.66
January 31 2022,Ferry,WA,Passenger,14,3,17,4436,4453,0.38
January 31 2022,Fort Bend,TX,Passenger,1,0,1,32,33,3.03
January 31 2022,Galveston,TX,Passenger,0,1,1,20,21,4.76
January 31 2022,Grant,WA,Truck,0,0,0,28000,28000,0.00
January 31 2022,Harnett,NC,Passenger,1,1,2,147,149,1.34
March 31 2022,Pend Oreille,WA,Passenger,16,10,26,9052,9078,0.29
March 31 2022,Pennington,SD,Passenger,2,0,2,28,30,6.67
March 31 2022,Prince William,VA,Passenger,0,1,1,198,199,0.50
March 31 2022,RÃ­o Grande,PR,Passenger,1,0,1,0,1,100.00
March 31 2022,Salt Lake,UT,Passenger,1,2,3,140,143,2.10
March 31 2022,Skamania,WA,Passenger,65,45,110,8277,8387,1.31
March 31 2022,Solano,CA,Passenger,1,0,1,169,170,0.59
March 31 2022,Sonoma,CA,Passenger,0,1,1,74,75,1.33
March 31 2022,Wahkiakum,WA,Passenger,18,11,29,3078,3107,0.93
March 31 2022,Washington,MD,Passenger,2,0,2,14,16,12.50
March 31 2022,Whatcom,WA,Passenger,1735,695,2430,149263,151693,1.60
March 31 2022,Wichita,TX,Passenger,1,0,1,39,40,2.50
March 31 2022,Wilson,TX,Passenger,0,1,1,2,3,33.33
November 30 2021,Walla Walla,WA,Passenger,137,85,222,36399,36621,0.61
November 30 2021,Whatcom,WA,Passenger,1611,660,2271,150253,152524,1.49
November 30 2021,Yakima,WA,Passenger,272,167,439,168659,169098,0.26
December 31 2021,Adams,WA,Passenger,17,14,31,13085,13116,0.24
December 31 2021,Adams,WA,Truck,0,0,0,5419,5419,0.00
December 31 2021,Albemarle,VA,Passenger,1,0,1,19,20,5.00
December 31 2021,Anne Arundel,MD,Passenger,5,3,8,355,363,2.20
December 31 2021,Asotin,WA,Truck,0,0,0,6754,6754,0.00
December 31 2021,Baltimore,MD,Passenger,1,0,1,81,82,1.22
December 31 2021,Champaign,IL,Passenger,1,0,1,10,11,9.09
March 31 2022,Albemarle,VA,Passenger,1,0,1,18,19,5.26
March 31 2022,Asotin,WA,Truck,0,0,0,6757,6757,0.00
March 31 2022,Carroll,MD,Passenger,0,1,1,15,16,6.25
March 31 2022,Clallam,WA,Truck,1,0,1,22061,22062,0.00
March 31 2022,Dallas,TX,Passenger,1,0,1,119,120,0.83
April 30 2022,Allegheny,PA,Passenger,1,1,2,51,53,3.77
April 30 2022,Carroll,NH,Passenger,0,1,1,5,6,16.67
April 30 2022,Carson City,NV,Passenger,1,0,1,8,9,11.11
April 30 2022,Clackamas,OR,Passenger,2,0,2,151,153,1.31
January 31 2022,Hidalgo,TX,Passenger,0,1,1,53,54,1.85
January 31 2022,Honolulu,HI,Passenger,4,4,8,348,356,2.25
January 31 2022,Howard,IN,Passenger,0,1,1,6,7,14.29
January 31 2022,Howard,MD,Passenger,0,1,1,57,58,1.72
January 31 2022,Jefferson,WA,Truck,0,0,0,9573,9573,0.00
January 31 2022,Larimer,CO,Passenger,1,0,1,50,51,1.96
January 31 2022,Whatcom,WA,Passenger,1665,673,2338,149556,151894,1.54
January 31 2022,Yellowstone,MT,Passenger,0,1,1,31,32,3.12
February 28 2022,,,Passenger,3,1,4,347,351,1.14
February 28 2022,Allegheny,PA,Passenger,1,1,2,51,53,3.77
February 28 2022,Bell,TX,Passenger,1,0,1,332,333,0.30
February 28 2022,Clackamas,OR,Passenger,2,0,2,161,163,1.23
February 28 2022,Clallam,WA,Truck,1,0,1,22105,22106,0.00
January 31 2022,Douglas,CO,Passenger,0,1,1,75,76,1.32
January 31 2022,Ferry,WA,Truck,0,0,0,3582,3582,0.00
January 31 2022,Franklin,WA,Passenger,169,101,270,62159,62429,0.43
January 31 2022,Hennepin,MN,Passenger,3,0,3,61,64,4.69
January 31 2022,Hillsborough,FL,Passenger,0,1,1,132,133,0.75
January 31 2022,Juneau,AK,Passenger,0,1,1,28,29,3.45
January 31 2022,Kittitas,WA,Passenger,216,71,287,29815,30102,0.95
January 31 2022,Klamath,OR,Passenger,1,0,1,26,27,3.70
February 28 2022,DuPage,IL,Passenger,1,0,1,48,49,2.04
February 28 2022,Erie,NY,Passenger,1,0,1,30,31,3.23
February 28 2022,Essex,NJ,Passenger,2,0,2,10,12,16.67
February 28 2022,Franklin,WA,Passenger,175,102,277,62081,62358,0.44
February 28 2022,Franklin,WA,Truck,0,0,0,20925,20925,0.00
February 28 2022,Garfield,WA,Passenger,0,3,3,1353,1356,0.22
February 28 2022,Harnett,NC,Passenger,1,0,1,146,147,0.68
February 28 2022,Hidalgo,TX,Passenger,0,1,1,52,53,1.89
February 28 2022,Honolulu,HI,Passenger,4,4,8,344,352,2.27
February 28 2022,Howard,MD,Passenger,0,1,1,58,59,1.69
January 31 2022,Kern,CA,Passenger,0,1,1,197,198,0.51
January 31 2022,Kitsap,WA,Passenger,2191,971,3162,179979,183141,1.73
January 31 2022,Kittitas,WA,Truck,0,0,0,14768,14768,0.00
January 31 2022,Klickitat,WA,Truck,0,0,0,8335,8335,0.00
January 31 2022,Middlesex,MA,Passenger,0,1,1,88,89,1.12
January 31 2022,Montgomery,TX,Passenger,1,1,2,32,34,5.88
January 31 2022,Moore,NC,Passenger,0,1,1,123,124,0.81
January 31 2022,New London,CT,Passenger,1,4,5,215,220,2.27
January 31 2022,Okaloosa,FL,Passenger,0,1,1,108,109,0.92
January 31 2022,Onslow,NC,Passenger,0,1,1,168,169,0.59
January 31 2022,Orange,CA,Passenger,5,2,7,388,395,1.77
January 31 2022,Orange,FL,Passenger,1,0,1,99,100,1.00
February 28 2022,Dorchester,SC,Passenger,1,0,1,61,62,1.61
February 28 2022,Elmore,ID,Passenger,1,0,1,16,17,5.88
February 28 2022,Ferry,WA,Truck,0,0,0,3567,3567,0.00
February 28 2022,Hamilton,IN,Passenger,2,0,2,22,24,8.33
February 28 2022,Hamilton,OH,Passenger,1,0,1,31,32,3.12
February 28 2022,Harris,TX,Passenger,1,0,1,153,154,0.65
January 31 2022,Lane,OR,Passenger,0,1,1,104,105,0.95
January 31 2022,Las Animas,CO,Passenger,1,0,1,1,2,50.00
January 31 2022,Lincoln,OR,Passenger,0,1,1,32,33,3.03
January 31 2022,Lincoln,WA,Truck,0,0,0,4836,4836,0.00
January 31 2022,Montgomery,MD,Passenger,3,2,5,199,204,2.45
January 31 2022,New Haven,CT,Passenger,0,2,2,31,33,6.06
January 31 2022,Multnomah,OR,Passenger,1,4,5,589,594,0.84
January 31 2022,Nassau,NY,Passenger,2,0,2,25,27,7.41
January 31 2022,Okanogan,WA,Passenger,70,47,117,26538,26655,0.44
January 31 2022,Oldham,KY,Passenger,0,1,1,4,5,20.00
January 31 2022,Rockdale,GA,Passenger,1,0,1,7,8,12.50
January 31 2022,Sacramento,CA,Passenger,2,0,2,207,209,0.96
January 31 2022,San Francisco,CA,Passenger,0,1,1,75,76,1.32
January 31 2022,Skamania,WA,Truck,0,0,0,3989,3989,0.00
December 31 2021,Clackamas,OR,Passenger,2,0,2,163,165,1.21
December 31 2021,Dorchester,SC,Passenger,1,0,1,61,62,1.61
December 31 2021,Erie,NY,Passenger,1,0,1,32,33,3.03
December 31 2021,Essex,NJ,Passenger,2,0,2,10,12,16.67
December 31 2021,Franklin,WA,Passenger,162,104,266,62313,62579,0.43
December 31 2021,Franklin,WA,Truck,0,0,0,20851,20851,0.00
December 31 2021,Garfield,WA,Passenger,0,3,3,1350,1353,0.22
December 31 2021,Harnett,NC,Passenger,1,1,2,154,156,1.28
December 31 2021,Hidalgo,TX,Passenger,0,1,1,53,54,1.85
February 28 2022,Kauai,HI,Passenger,1,0,1,18,19,5.26
February 28 2022,Kern,CA,Passenger,0,1,1,198,199,0.50
February 28 2022,Kitsap,WA,Passenger,2230,983,3213,179722,182935,1.76
February 28 2022,Klamath,OR,Passenger,1,0,1,25,26,3.85
February 28 2022,Lincoln,WA,Truck,0,0,0,4846,4846,0.00
February 28 2022,Loudoun,VA,Passenger,1,0,1,65,66,1.52
February 28 2022,Marin,CA,Passenger,0,1,1,32,33,3.03
February 28 2022,New London,CT,Passenger,1,4,5,210,215,2.33
March 31 2022,Douglas,WA,Passenger,125,56,181,28532,28713,0.63
March 31 2022,Franklin,WA,Truck,0,0,0,20940,20940,0.00
March 31 2022,Frederick,MD,Passenger,1,1,2,66,68,2.94
March 31 2022,Garfield,WA,Passenger,0,3,3,1332,1335,0.22
March 31 2022,Grant,WA,Passenger,151,100,251,66874,67125,0.37
March 31 2022,Grays Harbor,WA,Truck,0,0,0,21364,21364,0.00
March 31 2022,Hudson,NJ,Passenger,1,0,1,34,35,2.86
April 30 2022,Columbia,WA,Passenger,7,0,7,2446,2453,0.29
April 30 2022,Cook,IL,Passenger,3,0,3,190,193,1.55
April 30 2022,Cumberland,NC,Passenger,1,2,3,381,384,0.78
April 30 2022,Douglas,NE,Passenger,1,2,3,42,45,6.67
April 30 2022,Fairbanks North Star,AK,Passenger,0,1,1,80,81,1.23
April 30 2022,Ferry,WA,Truck,0,0,0,3569,3569,0.00
April 30 2022,Franklin,WA,Passenger,179,105,284,62007,62291,0.46
April 30 2022,Grays Harbor,WA,Passenger,200,158,358,49217,49575,0.72
April 30 2022,Hennepin,MN,Passenger,3,0,3,56,59,5.08
January 31 2022,San Juan,WA,Passenger,482,151,633,14174,14807,4.28
January 31 2022,Santa Clara,CA,Passenger,8,1,9,229,238,3.78
January 31 2022,Sedgwick,KS,Passenger,1,1,2,81,83,2.41
January 31 2022,St. Clair,IL,Passenger,2,0,2,121,123,1.63
January 31 2022,Pacific,WA,Truck,0,0,0,8025,8025,0.00
January 31 2022,Pend Oreille,WA,Truck,0,0,0,5731,5731,0.00
January 31 2022,Philadelphia,PA,Passenger,1,0,1,36,37,2.70
January 31 2022,Pima,AZ,Passenger,1,1,2,252,254,0.79
January 31 2022,Placer,CA,Passenger,2,0,2,72,74,2.70
January 31 2022,Riverside,CA,Passenger,5,1,6,486,492,1.22
January 31 2022,San Juan,WA,Truck,1,0,1,6022,6023,0.02
January 31 2022,Sarpy,NE,Passenger,1,0,1,57,58,1.72
January 31 2022,Stafford,VA,Passenger,2,1,3,88,91,3.30
January 31 2022,Suffolk,VA,Passenger,1,0,1,119,120,0.83
February 28 2022,Jefferson,WA,Truck,0,0,0,9578,9578,0.00
February 28 2022,Lake,IL,Passenger,3,0,3,147,150,2.00
February 28 2022,Manassas,VA,Passenger,0,1,1,6,7,14.29
February 28 2022,Maricopa,AZ,Passenger,6,3,9,976,985,0.91
February 28 2022,Mason,WA,Passenger,280,166,446,47732,48178,0.93
February 28 2022,Montgomery,TX,Passenger,1,0,1,32,33,3.03
December 31 2021,Honolulu,HI,Passenger,4,4,8,353,361,2.22
December 31 2021,Howard,MD,Passenger,0,1,1,56,57,1.75
December 31 2021,Kern,CA,Passenger,0,1,1,200,201,0.50
December 31 2021,Kitsap,WA,Passenger,2129,959,3088,180210,183298,1.68
December 31 2021,Klamath,OR,Passenger,1,0,1,26,27,3.70
December 31 2021,Lincoln,OR,Passenger,0,1,1,32,33,3.03
December 31 2021,Lincoln,WA,Truck,0,0,0,4824,4824,0.00
December 31 2021,Loudoun,VA,Passenger,1,0,1,66,67,1.49
January 31 2022,Ventura,CA,Passenger,2,1,3,244,247,1.21
January 31 2022,Yakima,WA,Passenger,294,177,471,168305,168776,0.28
January 31 2022,Yamhill,OR,Passenger,1,0,1,29,30,3.33
February 28 2022,Arlington,VA,Passenger,1,0,1,129,130,0.77
February 28 2022,Bartow,GA,Passenger,0,1,1,3,4,25.00
February 28 2022,Boulder,CO,Passenger,1,0,1,35,36,2.78
February 28 2022,Burlington,NJ,Passenger,0,1,1,114,115,0.87
February 28 2022,Cape May,NJ,Passenger,0,1,1,8,9,11.11
February 28 2022,Newport,RI,Passenger,1,0,1,74,75,1.33
February 28 2022,Orange,FL,Passenger,1,0,1,95,96,1.04
February 28 2022,Pacific,WA,Truck,0,0,0,8007,8007,0.00
February 28 2022,Plaquemines,LA,Passenger,0,1,1,17,18,5.56
February 28 2022,Rockdale,GA,Passenger,1,0,1,7,8,12.50
February 28 2022,Sedgwick,KS,Passenger,1,1,2,81,83,2.41
February 28 2022,St. Mary's,MD,Passenger,1,0,1,201,202,0.50
February 28 2022,St. Tammany,LA,Passenger,1,0,1,37,38,2.63
March 31 2022,Kern,CA,Passenger,0,1,1,192,193,0.52
March 31 2022,Kitsap,WA,Passenger,2274,1007,3281,179367,182648,1.80
March 31 2022,Louisa,VA,Passenger,0,1,1,1,2,50.00
March 31 2022,Manassas,VA,Passenger,0,1,1,6,7,14.29
March 31 2022,Marin,CA,Passenger,0,1,1,32,33,3.03
March 31 2022,Middlesex,MA,Passenger,1,1,2,85,87,2.30
March 31 2022,Monterey,CA,Passenger,1,1,2,131,133,1.50
March 31 2022,Montgomery,TX,Passenger,1,0,1,32,33,3.03
March 31 2022,New London,CT,Passenger,1,5,6,206,212,2.83
March 31 2022,Onslow,NC,Passenger,0,1,1,166,167,0.60
March 31 2022,Orange,CA,Passenger,4,2,6,371,377,1.59
March 31 2022,Orange,FL,Passenger,1,0,1,94,95,1.05
January 31 2022,St. Mary's,MD,Passenger,1,0,1,202,203,0.49
January 31 2022,Thurston,WA,Truck,3,0,3,55945,55948,0.01
January 31 2022,Travis,TX,Passenger,1,0,1,125,126,0.79
January 31 2022,Wake,NC,Passenger,1,0,1,102,103,0.97
January 31 2022,Walla Walla,WA,Passenger,146,89,235,36296,36531,0.64
January 31 2022,Walla Walla,WA,Truck,0,0,0,14105,14105,0.00
January 31 2022,Whitman,WA,Passenger,69,58,127,21976,22103,0.57
January 31 2022,Williams,ND,Passenger,0,1,1,8,9,11.11
February 28 2022,Orange,CA,Passenger,4,2,6,378,384,1.56
February 28 2022,Richland,SC,Passenger,0,1,1,132,133,0.75
February 28 2022,Riverside,CA,Passenger,5,1,6,471,477,1.26
February 28 2022,Salt Lake,UT,Passenger,1,2,3,145,148,2.03
February 28 2022,San Juan,WA,Passenger,485,152,637,14179,14816,4.30
February 28 2022,San Juan,WA,Truck,1,0,1,6017,6018,0.02
February 28 2022,Solano,CA,Passenger,1,0,1,171,172,0.58
February 28 2022,Stafford,VA,Passenger,2,1,3,89,92,3.26
February 28 2022,Thurston,WA,Truck,3,0,3,55864,55867,0.01
January 31 2022,Thurston,WA,Passenger,1920,974,2894,196537,199431,1.45
January 31 2022,Wayne,NC,Passenger,1,0,1,27,28,3.57
January 31 2022,Wilson,NC,Passenger,1,0,1,0,1,100.00
January 31 2022,Yakima,WA,Truck,0,0,0,61619,61619,0.00
February 28 2022,Benton,WA,Passenger,664,451,1115,135860,136975,0.81
February 28 2022,Benton,WA,Truck,0,0,0,43650,43650,0.00
December 31 2021,New London,CT,Passenger,1,4,5,214,219,2.28
December 31 2021,Orange,CA,Passenger,5,2,7,385,392,1.79
December 31 2021,Richland,SC,Passenger,0,1,1,136,137,0.73
December 31 2021,Riverside,CA,Passenger,5,1,6,490,496,1.21
December 31 2021,Salt Lake,UT,Passenger,1,2,3,149,152,1.97
December 31 2021,San Juan,WA,Passenger,478,149,627,14190,14817,4.23
December 31 2021,Solano,CA,Passenger,1,0,1,175,176,0.57
April 30 2022,Kittitas,WA,Passenger,236,77,313,29750,30063,1.04
April 30 2022,Klickitat,WA,Passenger,100,55,155,15247,15402,1.01
April 30 2022,Lewis,WA,Truck,0,0,0,26443,26443,0.00
April 30 2022,Lincoln,WA,Passenger,7,18,25,7671,7696,0.32
April 30 2022,Los Angeles,CA,Passenger,8,7,15,781,796,1.88
April 30 2022,Maricopa,AZ,Passenger,6,3,9,931,940,0.96
April 30 2022,Montgomery,PA,Passenger,2,0,2,21,23,8.70
February 28 2022,Sumter,SC,Passenger,0,1,1,31,32,3.12
February 28 2022,Thurston,WA,Passenger,1970,991,2961,196098,199059,1.49
February 28 2022,Wake,NC,Passenger,1,0,1,100,101,0.99
March 31 2022,,,Passenger,3,1,4,343,347,1.15
March 31 2022,Anchorage,AK,Passenger,1,0,1,122,123,0.81
March 31 2022,Bexar,TX,Passenger,4,4,8,466,474,1.69
March 31 2022,Pend Oreille,WA,Truck,0,0,0,5689,5689,0.00
March 31 2022,Placer,CA,Passenger,2,0,2,70,72,2.78
March 31 2022,San Diego,CA,Passenger,14,8,22,2341,2363,0.93
March 31 2022,San Juan,WA,Truck,1,0,1,5995,5996,0.02
March 31 2022,Stafford,VA,Passenger,2,1,3,86,89,3.37
March 31 2022,Ulster,NY,Passenger,1,0,1,9,10,10.00
February 28 2022,Ulster,NY,Passenger,1,0,1,9,10,10.00
February 28 2022,Wayne,NC,Passenger,1,0,1,27,28,3.57
February 28 2022,Wilson,NC,Passenger,1,0,1,0,1,100.00
February 28 2022,Yamhill,OR,Passenger,1,0,1,30,31,3.23
March 31 2022,Benton,WA,Passenger,698,444,1142,135781,136923,0.83
March 31 2022,Broward,FL,Passenger,2,0,2,83,85,2.35
February 28 2022,Carroll,NH,Passenger,0,1,1,5,6,16.67
February 28 2022,Carson City,NV,Passenger,1,0,1,7,8,12.50
February 28 2022,Collin,TX,Passenger,2,0,2,99,101,1.98
February 28 2022,Columbia,WA,Passenger,6,1,7,2457,2464,0.28
February 28 2022,Columbia,WA,Truck,0,0,0,1571,1571,0.00
February 28 2022,Cumberland,NC,Passenger,1,2,3,390,393,0.76
February 28 2022,District of Columbia,DC,Passenger,5,0,5,182,187,2.67
February 28 2022,Douglas,NE,Passenger,1,2,3,45,48,6.25
February 28 2022,Fairbanks North Star,AK,Passenger,0,1,1,79,80,1.25
March 31 2022,Chesapeake,VA,Passenger,2,3,5,358,363,1.38
March 31 2022,Collin,TX,Passenger,2,0,2,97,99,2.02
March 31 2022,Columbia,WA,Truck,0,0,0,1590,1590,0.00
March 31 2022,Elmore,ID,Passenger,1,0,1,15,16,6.25
December 31 2021,Stafford,VA,Passenger,2,1,3,90,93,3.23
December 31 2021,Thurston,WA,Truck,0,0,0,56077,56077,0.00
December 31 2021,Ulster,NY,Passenger,1,0,1,9,10,10.00
December 31 2021,Wayne,NC,Passenger,1,0,1,27,28,3.57
December 31 2021,Wilson,NC,Passenger,1,0,1,0,1,100.00
December 31 2021,Yamhill,OR,Passenger,1,0,1,30,31,3.23
January 31 2022,Broward,FL,Passenger,2,0,2,91,93,2.15
February 28 2022,Charles,MD,Passenger,0,1,1,62,63,1.59
February 28 2022,Charleston,SC,Passenger,2,1,3,72,75,4.00
February 28 2022,Chelan,WA,Passenger,429,121,550,54566,55116,1.00
February 28 2022,Clallam,WA,Passenger,393,243,636,50154,50790,1.25
February 28 2022,Clark,NV,Passenger,4,3,7,546,553,1.27
February 28 2022,Clark,WA,Passenger,3629,1599,5228,319195,324423,1.61
February 28 2022,Denton,TX,Passenger,1,0,1,71,72,1.39
February 28 2022,Duval,FL,Passenger,0,2,2,298,300,0.67
February 28 2022,Fairfax,VA,Passenger,3,3,6,635,641,0.94
February 28 2022,Grant,WA,Truck,0,0,0,28013,28013,0.00
March 31 2022,Kings,NY,Passenger,1,0,1,62,63,1.59
March 31 2022,Kittitas,WA,Truck,0,0,0,14719,14719,0.00
February 28 2022,Chelan,WA,Truck,0,0,0,23077,23077,0.00
February 28 2022,Clark,WA,Truck,2,0,2,83760,83762,0.00
February 28 2022,Columbia,GA,Passenger,0,1,1,103,104,0.96
February 28 2022,Coryell,TX,Passenger,1,0,1,104,105,0.95
February 28 2022,Cowlitz,WA,Truck,0,1,1,28912,28913,0.00
February 28 2022,Danville,VA,Passenger,1,0,1,0,1,100.00
February 28 2022,Douglas,OR,Passenger,1,0,1,27,28,3.57
February 28 2022,Douglas,WA,Truck,0,0,0,12685,12685,0.00
February 28 2022,El Paso,TX,Passenger,2,0,2,349,351,0.57
February 28 2022,Goochland,VA,Passenger,3,2,5,160,165,3.03
February 28 2022,Grant,WA,Passenger,142,99,241,66806,67047,0.36
February 28 2022,Greene,MO,Passenger,0,1,1,24,25,4.00
March 31 2022,Yakima,WA,Passenger,312,181,493,167718,168211,0.29
April 30 2022,Bartow,GA,Passenger,0,1,1,3,4,25.00
April 30 2022,Benton,WA,Passenger,715,446,1161,135517,136678,0.85
April 30 2022,Burlington,NJ,Passenger,0,2,2,108,110,1.82
April 30 2022,Calvert,MD,Passenger,0,2,2,77,79,2.53
April 30 2022,Clallam,WA,Passenger,404,241,645,49840,50485,1.28
February 28 2022,Howard,IN,Passenger,0,1,1,6,7,14.29
February 28 2022,Jefferson,WA,Passenger,394,202,596,24689,25285,2.36
February 28 2022,King,WA,Truck,22,1,23,182509,182532,0.01
February 28 2022,Leavenworth,KS,Passenger,1,1,2,105,107,1.87
April 30 2022,Pacific,WA,Passenger,60,68,128,15943,16071,0.80
April 30 2022,Pend Oreille,WA,Passenger,16,10,26,9032,9058,0.29
April 30 2022,Plaquemines,LA,Passenger,1,1,2,16,18,11.11
April 30 2022,Randolph,NC,Passenger,1,0,1,5,6,16.67
April 30 2022,San Joaquin,CA,Passenger,1,1,2,89,91,2.20
April 30 2022,San Juan,WA,Passenger,494,155,649,14130,14779,4.39
April 30 2022,Santa Clara,CA,Passenger,9,1,10,216,226,4.42
April 30 2022,Sedgwick,KS,Passenger,1,1,2,77,79,2.53
April 30 2022,Snohomish,WA,Truck,4,0,4,124637,124641,0.00
April 30 2022,Solano,CA,Passenger,1,0,1,162,163,0.61
April 30 2022,Spokane,WA,Truck,0,0,0,102432,102432,0.00
March 31 2022,Okaloosa,FL,Passenger,0,1,1,105,106,0.94
March 31 2022,Okanogan,WA,Truck,0,0,0,16696,16696,0.00
March 31 2022,Pacific,WA,Truck,0,0,0,8009,8009,0.00
March 31 2022,Platte,MO,Passenger,1,0,1,16,17,5.88
March 31 2022,Portsmouth,VA,Passenger,0,1,1,76,77,1.30
March 31 2022,Powhatan,VA,Passenger,1,0,1,1,2,50.00
March 31 2022,Richmond,GA,Passenger,0,1,1,73,74,1.35
March 31 2022,Sarpy,NE,Passenger,1,0,1,52,53,1.89
February 28 2022,Gwinnett,GA,Passenger,1,0,1,56,57,1.75
February 28 2022,Island,WA,Truck,1,0,1,21490,21491,0.00
February 28 2022,Jefferson,NY,Passenger,0,1,1,202,203,0.49
February 28 2022,Lake,FL,Passenger,1,0,1,23,24,4.17
February 28 2022,Mason,WA,Truck,0,0,0,21189,21189,0.00
February 28 2022,Fresno,CA,Passenger,1,0,1,153,154,0.65
February 28 2022,Geary,KS,Passenger,1,0,1,89,90,1.11
February 28 2022,Grays Harbor,WA,Passenger,202,157,359,49318,49677,0.72
February 28 2022,Grays Harbor,WA,Truck,0,0,0,21339,21339,0.00
February 28 2022,Kings,CA,Passenger,2,1,3,313,316,0.95
February 28 2022,Klickitat,WA,Truck,0,0,0,8332,8332,0.00
February 28 2022,Lee,FL,Passenger,1,0,1,28,29,3.45
February 28 2022,Lewis,WA,Truck,0,0,0,26611,26611,0.00
February 28 2022,Los Angeles,CA,Passenger,10,7,17,812,829,2.05
February 28 2022,Oldham,KY,Passenger,0,1,1,4,5,20.00
February 28 2022,Prince William,VA,Passenger,1,1,2,202,204,0.98
February 28 2022,RÃ­o Grande,PR,Passenger,1,0,1,0,1,100.00
February 28 2022,Sarasota,FL,Passenger,2,0,2,27,29,6.90
April 30 2022,Washington,MD,Passenger,2,0,2,14,16,12.50
April 30 2022,Whatcom,WA,Passenger,1775,717,2492,149107,151599,1.64
April 30 2022,Wichita,TX,Passenger,1,0,1,39,40,2.50
April 30 2022,Wilson,TX,Passenger,0,1,1,2,3,33.33
April 30 2022,Wood,OH,Passenger,0,1,1,5,6,16.67
May 31 2022,Alexandria,VA,Passenger,3,0,3,108,111,2.70
March 31 2022,Chelan,WA,Passenger,437,122,559,54596,55155,1.01
March 31 2022,Chelan,WA,Truck,0,0,0,23050,23050,0.00
March 31 2022,Clallam,WA,Passenger,402,240,642,49991,50633,1.27
March 31 2022,Columbia,WA,Passenger,6,0,6,2448,2454,0.24
March 31 2022,Cowlitz,WA,Passenger,293,172,465,71088,71553,0.65
March 31 2022,Cowlitz,WA,Truck,0,1,1,28873,28874,0.00
March 31 2022,Fairbanks North Star,AK,Passenger,0,1,1,79,80,1.25
March 31 2022,Fairfax,VA,Passenger,3,3,6,620,626,0.96
March 31 2022,Flathead,MT,Passenger,1,0,1,31,32,3.12
March 31 2022,Geary,KS,Passenger,1,0,1,88,89,1.12
March 31 2022,Harrison,MS,Passenger,2,0,2,48,50,4.00
March 31 2022,Hawaii,HI,Passenger,1,0,1,37,38,2.63
April 30 2022,Cowlitz,WA,Truck,0,1,1,28740,28741,0.00
April 30 2022,DeKalb,GA,Passenger,1,0,1,48,49,2.04
April 30 2022,Fairfax,VA,Passenger,5,3,8,618,626,1.28
April 30 2022,Ferry,WA,Passenger,19,4,23,4406,4429,0.52
April 30 2022,Geary,KS,Passenger,1,0,1,86,87,1.15
April 30 2022,Houston,GA,Passenger,1,0,1,37,38,2.63
April 30 2022,Island,WA,Truck,1,0,1,21468,21469,0.00
January 31 2022,Chelan,WA,Passenger,421,117,538,54587,55125,0.98
January 31 2022,Chelan,WA,Truck,0,0,0,23064,23064,0.00
January 31 2022,Clallam,WA,Passenger,391,241,632,50253,50885,1.24
January 31 2022,Columbia,WA,Passenger,6,2,8,2452,2460,0.33
January 31 2022,Cowlitz,WA,Passenger,273,164,437,71320,71757,0.61
January 31 2022,Fairbanks North Star,AK,Passenger,0,1,1,79,80,1.25
January 31 2022,Fairfax,VA,Passenger,3,3,6,643,649,0.92
January 31 2022,Flathead,MT,Passenger,1,0,1,37,38,2.63
January 31 2022,Geary,KS,Passenger,1,0,1,91,92,1.09
February 28 2022,Monterey,CA,Passenger,0,1,1,132,133,0.75
February 28 2022,New York,NY,Passenger,1,0,1,35,36,2.78
February 28 2022,Pierce,WA,Truck,2,0,2,144079,144081,0.00
February 28 2022,Pinellas,FL,Passenger,0,1,1,82,83,1.20
February 28 2022,Powhatan,VA,Passenger,1,0,1,1,2,50.00
February 28 2022,Ray,MO,Passenger,0,1,1,1,2,50.00
February 28 2022,Richmond,GA,Passenger,0,1,1,73,74,1.35
February 28 2022,Saratoga,NY,Passenger,1,0,1,39,40,2.50
March 31 2022,Suffolk,MA,Passenger,0,1,1,23,24,4.17
March 31 2022,Suffolk,VA,Passenger,1,0,1,118,119,0.84
March 31 2022,Sumter,SC,Passenger,0,1,1,30,31,3.23
March 31 2022,Tarrant,TX,Passenger,1,0,1,121,122,0.82
March 31 2022,Ventura,CA,Passenger,2,1,3,241,244,1.23
March 31 2022,Virginia Beach,VA,Passenger,2,0,2,552,554,0.36
April 30 2022,Adams,CO,Passenger,1,0,1,36,37,2.70
April 30 2022,Adams,WA,Passenger,16,10,26,12988,13014,0.20
April 30 2022,Albemarle,VA,Passenger,1,0,1,18,19,5.26
April 30 2022,Arapahoe,CO,Passenger,0,1,1,81,82,1.22
April 30 2022,Baltimore,MD,Passenger,1,0,1,74,75,1.33
May 31 2022,Cowlitz,WA,Passenger,322,175,497,70718,71215,0.70
May 31 2022,Dorchester,SC,Passenger,1,0,1,54,55,1.82
May 31 2022,Fort Bend,TX,Passenger,1,0,1,27,28,3.57
May 31 2022,Galveston,TX,Passenger,0,1,1,17,18,5.56
May 31 2022,Hamilton,IN,Passenger,1,0,1,21,22,4.55
May 31 2022,Hamilton,OH,Passenger,1,0,1,29,30,3.33
May 31 2022,Harris,TX,Passenger,2,0,2,139,141,1.42
April 30 2022,King,WA,Passenger,39333,10830,50163,1351341,1401504,3.58
April 30 2022,Klickitat,WA,Truck,0,0,0,8282,8282,0.00
April 30 2022,Larimer,CO,Passenger,1,0,1,49,50,2.00
April 30 2022,New York,NY,Passenger,1,0,1,36,37,2.70
April 30 2022,Oldham,KY,Passenger,0,1,1,4,5,20.00
February 28 2022,Middlesex,MA,Passenger,0,1,1,86,87,1.15
February 28 2022,Moore,NC,Passenger,0,1,1,122,123,0.81
February 28 2022,Okaloosa,FL,Passenger,0,1,1,106,107,0.93
February 28 2022,Onslow,NC,Passenger,0,1,1,166,167,0.60
February 28 2022,Pacific,WA,Passenger,58,65,123,16028,16151,0.76
February 28 2022,Pend Oreille,WA,Passenger,17,9,26,9077,9103,0.29
February 28 2022,Philadelphia,PA,Passenger,1,0,1,36,37,2.70
February 28 2022,Pima,AZ,Passenger,1,1,2,247,249,0.80
February 28 2022,San Luis Obispo,CA,Passenger,1,0,1,56,57,1.75
April 30 2022,Cape May,NJ,Passenger,0,1,1,7,8,12.50
April 30 2022,Charleston,SC,Passenger,2,1,3,64,67,4.48
April 30 2022,Clark,WA,Passenger,3866,1692,5558,317947,323505,1.72
April 30 2022,Columbia,GA,Passenger,0,1,1,102,103,0.97
April 30 2022,Coryell,TX,Passenger,1,0,1,102,103,0.97
April 30 2022,District of Columbia,DC,Passenger,4,0,4,178,182,2.20
April 30 2022,Douglas,CO,Passenger,0,1,1,73,74,1.35
January 31 2022,Harrison,MS,Passenger,2,0,2,47,49,4.08
January 31 2022,Hawaii,HI,Passenger,1,0,1,37,38,2.63
January 31 2022,Island,WA,Passenger,734,345,1079,62616,63695,1.69
January 31 2022,Island,WA,Truck,1,0,1,21482,21483,0.00
January 31 2022,Klickitat,WA,Passenger,90,54,144,15314,15458,0.93
March 31 2022,Island,WA,Passenger,759,361,1120,62407,63527,1.76
March 31 2022,Island,WA,Truck,1,0,1,21480,21481,0.00
March 31 2022,Klickitat,WA,Passenger,96,54,150,15336,15486,0.97
March 31 2022,Klickitat,WA,Truck,0,0,0,8312,8312,0.00
March 31 2022,New York,NY,Passenger,1,0,1,36,37,2.70
February 28 2022,Skagit,WA,Truck,1,0,1,32638,32639,0.00
February 28 2022,Spartanburg,SC,Passenger,0,1,1,44,45,2.22
February 28 2022,Stevens,WA,Truck,0,0,0,18977,18977,0.00
February 28 2022,Suffolk,MA,Passenger,0,2,2,23,25,8.00
February 28 2022,Tarrant,TX,Passenger,1,0,1,124,125,0.80
February 28 2022,Vigo,IN,Passenger,1,0,1,5,6,16.67
February 28 2022,Wahkiakum,WA,Truck,0,0,0,1816,1816,0.00
February 28 2022,Whatcom,WA,Truck,4,0,4,43607,43611,0.01
March 31 2022,Adams,WA,Passenger,16,11,27,12984,13011,0.21
March 31 2022,Baltimore,MD,Passenger,1,0,1,77,78,1.28
March 31 2022,Bartow,GA,Passenger,0,1,1,3,4,25.00
March 31 2022,Bell,TX,Passenger,1,0,1,330,331,0.30
May 31 2022,Hawaii,HI,Passenger,1,0,1,35,36,2.78
May 31 2022,Island,WA,Passenger,798,374,1172,62066,63238,1.85
May 31 2022,Jefferson,WA,Truck,0,0,0,9496,9496,0.00
May 31 2022,Mason,WA,Passenger,304,179,483,47351,47834,1.01
May 31 2022,Montgomery,TX,Passenger,1,0,1,30,31,3.23
May 31 2022,Multnomah,OR,Passenger,0,4,4,535,539,0.74
May 31 2022,Nassau,NY,Passenger,2,0,2,26,28,7.14
February 28 2022,Shelby,OH,Passenger,0,1,1,2,3,33.33
February 28 2022,Skamania,WA,Passenger,59,45,104,8309,8413,1.24
February 28 2022,Stevens,WA,Passenger,58,47,105,30109,30214,0.35
February 28 2022,Wahkiakum,WA,Passenger,17,11,28,3096,3124,0.90
February 28 2022,Walla Walla,WA,Passenger,152,91,243,36239,36482,0.67
February 28 2022,Whitman,WA,Passenger,70,56,126,22025,22151,0.57
February 28 2022,Williams,ND,Passenger,0,1,1,7,8,12.50
March 31 2022,Adams,WA,Truck,0,0,0,5488,5488,0.00
March 31 2022,Allen,IN,Passenger,1,0,1,14,15,6.67
March 31 2022,Anne Arundel,MD,Passenger,5,3,8,353,361,2.22
March 31 2022,Asotin,WA,Passenger,22,18,40,12658,12698,0.32
April 30 2022,Essex,NJ,Passenger,2,0,2,9,11,18.18
April 30 2022,Fresno,CA,Passenger,1,0,1,143,144,0.69
April 30 2022,Howard,IN,Passenger,0,1,1,5,6,16.67
April 30 2022,Howard,MD,Passenger,0,1,1,58,59,1.69
April 30 2022,Jefferson,NY,Passenger,0,1,1,204,205,0.49
April 30 2022,Kitsap,WA,Passenger,2326,1021,3347,179154,182501,1.83
April 30 2022,Leavenworth,KS,Passenger,1,1,2,107,109,1.83
April 30 2022,Lincoln,OR,Passenger,0,1,1,30,31,3.23
April 30 2022,Lincoln,WA,Truck,0,0,0,4852,4852,0.00
February 28 2022,San Mateo,CA,Passenger,2,0,2,77,79,2.53
February 28 2022,Snohomish,WA,Truck,3,0,3,125164,125167,0.00
February 28 2022,Spokane,WA,Truck,0,0,0,102613,102613,0.00
February 28 2022,Whatcom,WA,Passenger,1690,685,2375,149378,151753,1.57
February 28 2022,Wichita,TX,Passenger,1,0,1,41,42,2.38
February 28 2022,Wood,OH,Passenger,0,1,1,5,6,16.67
March 31 2022,Alexandria,VA,Passenger,3,0,3,110,113,2.65
March 31 2022,Boulder,CO,Passenger,1,0,1,35,36,2.78
March 31 2022,Burlington,NJ,Passenger,0,1,1,109,110,0.91
March 31 2022,Cape May,NJ,Passenger,0,1,1,8,9,11.11
March 31 2022,Clackamas,OR,Passenger,2,0,2,153,155,1.29
March 31 2022,Contra Costa,CA,Passenger,0,3,3,261,264,1.14
March 31 2022,Cook,IL,Passenger,3,0,3,193,196,1.53
March 31 2022,DeKalb,GA,Passenger,1,0,1,49,50,2.00
March 31 2022,Duval,FL,Passenger,0,2,2,288,290,0.69
April 30 2022,Philadelphia,PA,Passenger,1,0,1,36,37,2.70
April 30 2022,Pierce,WA,Truck,3,0,3,143035,143038,0.00
April 30 2022,Richmond,GA,Passenger,0,1,1,71,72,1.39
April 30 2022,Richmond,NY,Passenger,1,0,1,6,7,14.29
April 30 2022,Sacramento,CA,Passenger,2,0,2,201,203,0.99
April 30 2022,San Mateo,CA,Passenger,2,0,2,79,81,2.47
April 30 2022,Shelby,OH,Passenger,0,1,1,2,3,33.33
April 30 2022,Skagit,WA,Truck,1,0,1,32485,32486,0.00
April 30 2022,Stevens,WA,Passenger,64,52,116,30132,30248,0.38
April 30 2022,Suffolk,VA,Passenger,1,0,1,120,121,0.83
April 30 2022,Travis,TX,Passenger,1,0,1,112,113,0.88
April 30 2022,Virginia Beach,VA,Passenger,2,0,2,535,537,0.37
March 31 2022,Boone,MO,Passenger,0,1,1,9,10,10.00
March 31 2022,Calvert,MD,Passenger,0,2,2,76,78,2.56
March 31 2022,Camden,NJ,Passenger,0,1,1,13,14,7.14
March 31 2022,Dorchester,SC,Passenger,1,0,1,57,58,1.72
March 31 2022,Douglas,CO,Passenger,0,1,1,74,75,1.33
March 31 2022,Essex,NJ,Passenger,2,0,2,9,11,18.18
April 30 2022,Mason,WA,Truck,0,0,0,21137,21137,0.00
April 30 2022,Monterey,CA,Passenger,1,1,2,129,131,1.53
April 30 2022,Montgomery,AL,Passenger,0,1,1,36,37,2.70
April 30 2022,Moore,NC,Passenger,0,1,1,118,119,0.84
April 30 2022,Norfolk,VA,Passenger,3,3,6,297,303,1.98
April 30 2022,Orange,CA,Passenger,5,2,7,366,373,1.88
April 30 2022,Pima,AZ,Passenger,1,1,2,230,232,0.86
April 30 2022,Ray,MO,Passenger,0,1,1,1,2,50.00
April 30 2022,Riverside,CA,Passenger,7,1,8,466,474,1.69
March 31 2022,Clark,WA,Truck,2,0,2,83495,83497,0.00
March 31 2022,Danville,VA,Passenger,1,0,1,0,1,100.00
March 31 2022,Douglas,OR,Passenger,1,0,1,26,27,3.70
March 31 2022,Douglas,WA,Truck,0,0,0,12725,12725,0.00
March 31 2022,DuPage,IL,Passenger,1,0,1,47,48,2.08
March 31 2022,El Paso,CO,Passenger,3,1,4,642,646,0.62
March 31 2022,El Paso,TX,Passenger,2,0,2,350,352,0.57
March 31 2022,Fort Bend,TX,Passenger,1,0,1,33,34,2.94
March 31 2022,Galveston,TX,Passenger,0,1,1,19,20,5.00
March 31 2022,Harnett,NC,Passenger,2,0,2,143,145,1.38
March 31 2022,Hidalgo,TX,Passenger,0,1,1,50,51,1.96
March 31 2022,Honolulu,HI,Passenger,5,4,9,334,343,2.62
March 31 2022,Houston,GA,Passenger,1,0,1,38,39,2.56
March 31 2022,Jefferson,WA,Truck,0,0,0,9546,9546,0.00
March 31 2022,King,WA,Passenger,37944,10708,48652,1352489,1401141,3.47
March 31 2022,Lane,OR,Passenger,0,1,1,102,103,0.97
March 31 2022,Las Animas,CO,Passenger,1,0,1,1,2,50.00
March 31 2022,Lincoln,OR,Passenger,0,1,1,30,31,3.23
May 31 2022,Newport,RI,Passenger,1,0,1,73,74,1.35
May 31 2022,Orange,FL,Passenger,1,0,1,91,92,1.09
May 31 2022,Pacific,WA,Truck,0,0,0,7951,7951,0.00
May 31 2022,Pend Oreille,WA,Truck,0,0,0,5629,5629,0.00
May 31 2022,Pierce,WA,Passenger,4953,2291,7244,546896,554140,1.31
May 31 2022,Placer,CA,Passenger,2,0,2,65,67,2.99
May 31 2022,Portsmouth,VA,Passenger,0,1,1,75,76,1.32
May 31 2022,Rockdale,GA,Passenger,1,0,1,8,9,11.11
May 31 2022,Skagit,WA,Passenger,759,332,1091,90131,91222,1.20
May 31 2022,Skamania,WA,Truck,0,0,0,3972,3972,0.00
May 31 2022,St. Mary's,MD,Passenger,1,0,1,192,193,0.52
March 31 2022,Philadelphia,PA,Passenger,1,0,1,36,37,2.70
March 31 2022,Pierce,WA,Passenger,4630,2234,6864,550299,557163,1.23
March 31 2022,Pierce,WA,Truck,2,0,2,143525,143527,0.00
March 31 2022,Pinellas,FL,Passenger,0,1,1,81,82,1.22
March 31 2022,Prince George's,MD,Passenger,2,1,3,128,131,2.29
March 31 2022,Randolph,NC,Passenger,1,0,1,4,5,20.00
March 31 2022,Richmond,NY,Passenger,1,0,1,6,7,14.29
March 31 2022,Rock Island,IL,Passenger,0,1,1,15,16,6.25
March 31 2022,San Joaquin,CA,Passenger,1,1,2,88,90,2.22
March 31 2022,San Mateo,CA,Passenger,2,0,2,77,79,2.53
March 31 2022,Shelby,OH,Passenger,0,1,1,2,3,33.33
March 31 2022,Skagit,WA,Passenger,731,326,1057,90496,91553,1.15
March 31 2022,Skagit,WA,Truck,1,0,1,32552,32553,0.00
March 31 2022,Spokane,WA,Truck,0,0,0,102477,102477,0.00
March 31 2022,Stevens,WA,Passenger,60,50,110,30095,30205,0.36
January 31 2022,New York,NY,Passenger,1,0,1,37,38,2.63
January 31 2022,Pierce,WA,Passenger,4368,2153,6521,554243,560764,1.16
January 31 2022,Pierce,WA,Truck,0,0,0,144472,144472,0.00
January 31 2022,Pinellas,FL,Passenger,0,1,1,85,86,1.16
January 31 2022,Portsmouth,VA,Passenger,0,1,1,77,78,1.28
January 31 2022,Prince George's,MD,Passenger,2,1,3,136,139,2.16
January 31 2022,Randolph,NC,Passenger,1,0,1,5,6,16.67
January 31 2022,Richmond,NY,Passenger,1,0,1,6,7,14.29
January 31 2022,San Joaquin,CA,Passenger,1,1,2,90,92,2.17
January 31 2022,San Mateo,CA,Passenger,2,0,2,78,80,2.50
January 31 2022,Sevier,AR,Passenger,0,1,1,0,1,100.00
January 31 2022,Shelby,OH,Passenger,0,1,1,2,3,33.33
January 31 2022,Skagit,WA,Passenger,701,307,1008,90877,91885,1.10
January 31 2022,Skagit,WA,Truck,1,0,1,32659,32660,0.00
January 31 2022,Spokane,WA,Passenger,1350,766,2116,326747,328863,0.64
January 31 2022,Spokane,WA,Truck,0,0,0,102661,102661,0.00
March 31 2022,Ferry,WA,Passenger,17,3,20,4431,4451,0.45
March 31 2022,Ferry,WA,Truck,0,0,0,3571,3571,0.00
March 31 2022,Franklin,WA,Passenger,179,106,285,62092,62377,0.46
March 31 2022,Grant,WA,Truck,0,0,0,28050,28050,0.00
March 31 2022,Hennepin,MN,Passenger,3,0,3,60,63,4.76
March 31 2022,Hillsborough,FL,Passenger,0,2,2,122,124,1.61
March 31 2022,Howard,IN,Passenger,0,1,1,6,7,14.29
March 31 2022,Howard,MD,Passenger,0,1,1,59,60,1.67
April 30 2022,San Luis Obispo,CA,Passenger,1,0,1,56,57,1.75
April 30 2022,Santa Cruz,CA,Passenger,1,0,1,25,26,3.85
April 30 2022,Sarasota,FL,Passenger,2,0,2,25,27,7.41
April 30 2022,Spartanburg,SC,Passenger,0,1,1,40,41,2.44
April 30 2022,Stafford,VA,Passenger,2,1,3,87,90,3.33
April 30 2022,Thurston,WA,Truck,3,0,3,55608,55611,0.01
April 30 2022,Wayne,NC,Passenger,1,0,1,26,27,3.70
April 30 2022,Wilson,NC,Passenger,1,0,1,0,1,100.00
March 31 2022,Garfield,WA,Truck,0,0,0,998,998,0.00
March 31 2022,Greene,MO,Passenger,0,1,1,23,24,4.17
March 31 2022,Gwinnett,GA,Passenger,1,0,1,54,55,1.82
March 31 2022,Juneau,AK,Passenger,0,1,1,30,31,3.23
March 31 2022,Kitsap,WA,Truck,1,0,1,54010,54011,0.00
March 31 2022,Lake,FL,Passenger,1,0,1,22,23,4.35
April 30 2022,Whatcom,WA,Truck,4,0,4,43460,43464,0.01
April 30 2022,Whitman,WA,Passenger,83,56,139,22059,22198,0.63
April 30 2022,Yakima,WA,Truck,0,0,0,61538,61538,0.00
May 31 2022,Adams,CO,Passenger,1,0,1,37,38,2.63
May 31 2022,Arlington,VA,Passenger,1,0,1,125,126,0.79
May 31 2022,Bartow,GA,Passenger,0,1,1,3,4,25.00
May 31 2022,Burlington,NJ,Passenger,0,2,2,108,110,1.82
May 31 2022,Calvert,MD,Passenger,0,2,2,76,78,2.56
May 31 2022,Charles,MD,Passenger,1,1,2,55,57,3.51
May 31 2022,Charleston,SC,Passenger,2,1,3,62,65,4.62
May 31 2022,Clark,WA,Passenger,3938,1735,5673,316867,322540,1.76
March 31 2022,Owyhee,ID,Passenger,1,0,1,2,3,33.33
March 31 2022,Richland,SC,Passenger,0,1,1,134,135,0.74
May 31 2022,Denton,TX,Passenger,1,0,1,63,64,1.56
May 31 2022,Grant,WA,Truck,0,0,0,28000,28000,0.00
May 31 2022,Juneau,AK,Passenger,0,1,1,29,30,3.33
March 31 2022,Kittitas,WA,Passenger,225,74,299,29798,30097,0.99
March 31 2022,Larimer,CO,Passenger,1,0,1,51,52,1.92
March 31 2022,Montgomery,MD,Passenger,3,2,5,197,202,2.48
March 31 2022,Oldham,KY,Passenger,0,1,1,4,5,20.00
March 31 2022,Whatcom,WA,Truck,4,0,4,43545,43549,0.01
March 31 2022,Wood,OH,Passenger,0,1,1,5,6,16.67
April 30 2022,Adams,WA,Truck,0,0,0,5481,5481,0.00
April 30 2022,Alameda,CA,Passenger,4,0,4,191,195,2.05
April 30 2022,Arlington,VA,Passenger,1,0,1,130,131,0.76
April 30 2022,Asotin,WA,Truck,0,0,0,6749,6749,0.00
April 30 2022,Carroll,MD,Passenger,0,1,1,15,16,6.25
April 30 2022,Charles,MD,Passenger,0,1,1,57,58,1.72
March 31 2022,Lincoln,WA,Truck,0,0,0,4836,4836,0.00
March 31 2022,Montgomery,AL,Passenger,0,1,1,37,38,2.63
March 31 2022,Multnomah,OR,Passenger,1,4,5,566,571,0.88
March 31 2022,Nassau,NY,Passenger,2,0,2,24,26,7.69
March 31 2022,New Haven,CT,Passenger,0,2,2,29,31,6.45
March 31 2022,Okanogan,WA,Passenger,77,46,123,26527,26650,0.46
March 31 2022,Penobscot,ME,Passenger,0,1,1,6,7,14.29
January 31 2022,Stevens,WA,Passenger,58,47,105,30194,30299,0.35
January 31 2022,Whatcom,WA,Truck,3,0,3,43612,43615,0.01
January 31 2022,Wood,OH,Passenger,0,1,1,5,6,16.67
February 28 2022,Anchorage,AK,Passenger,1,0,1,123,124,0.81
February 28 2022,Bexar,TX,Passenger,3,4,7,474,481,1.46
May 31 2022,Wahkiakum,WA,Truck,0,0,0,1806,1806,0.00
May 31 2022,Wake,NC,Passenger,1,0,1,85,86,1.16
May 31 2022,Yakima,WA,Passenger,325,189,514,167111,167625,0.31
June 30 2022,Adams,WA,Passenger,17,10,27,12941,12968,0.21
June 30 2022,Arapahoe,CO,Passenger,0,1,1,78,79,1.27
June 30 2022,Asotin,WA,Truck,0,0,0,6720,6720,0.00
May 31 2022,Allen,IN,Passenger,1,0,1,13,14,7.14
May 31 2022,Asotin,WA,Passenger,23,19,42,12731,12773,0.33
May 31 2022,Boone,MO,Passenger,0,1,1,9,10,10.00
May 31 2022,Boulder,CO,Passenger,1,0,1,34,35,2.86
May 31 2022,Broward,FL,Passenger,2,0,2,76,78,2.56
May 31 2022,Camden,NJ,Passenger,0,1,1,12,13,7.69
May 31 2022,Cape May,NJ,Passenger,0,1,1,7,8,12.50
May 31 2022,Chelan,WA,Passenger,450,126,576,54382,54958,1.05
May 31 2022,Clallam,WA,Passenger,410,244,654,49793,50447,1.30
May 31 2022,Clark,NV,Passenger,4,3,7,516,523,1.34
May 31 2022,Kitsap,WA,Truck,3,0,3,53711,53714,0.01
May 31 2022,Leavenworth,KS,Passenger,1,1,2,107,109,1.83
May 31 2022,Lewis,WA,Passenger,231,173,404,59525,59929,0.67
May 31 2022,New Haven,CT,Passenger,0,2,2,28,30,6.67
May 31 2022,Norfolk,VA,Passenger,3,3,6,292,298,2.01
February 28 2022,Chesapeake,VA,Passenger,2,3,5,362,367,1.36
February 28 2022,DeKalb,GA,Passenger,1,0,1,51,52,1.92
February 28 2022,Ferry,WA,Passenger,15,3,18,4443,4461,0.40
February 28 2022,Garfield,WA,Truck,0,0,0,997,997,0.00
March 31 2022,Rockingham,NH,Passenger,1,0,1,19,20,5.00
March 31 2022,Rogers,OK,Passenger,1,0,1,3,4,25.00
March 31 2022,Sevier,AR,Passenger,0,1,1,0,1,100.00
March 31 2022,Snohomish,WA,Passenger,7665,2362,10027,534988,545015,1.84
March 31 2022,Spokane,WA,Passenger,1443,799,2242,325970,328212,0.68
March 31 2022,St. Louis,MO,Passenger,1,0,1,68,69,1.45
March 31 2022,Stevens,WA,Truck,0,0,0,19003,19003,0.00
April 30 2022,Clallam,WA,Truck,1,0,1,22002,22003,0.00
April 30 2022,DuPage,IL,Passenger,1,0,1,45,46,2.17
April 30 2022,Franklin,WA,Truck,0,0,0,20942,20942,0.00
April 30 2022,Garfield,WA,Passenger,0,3,3,1332,1335,0.22
April 30 2022,Hamilton,IN,Passenger,1,0,1,22,23,4.35
March 31 2022,Queens,NY,Passenger,1,0,1,44,45,2.22
March 31 2022,Rockdale,GA,Passenger,1,0,1,7,8,12.50
March 31 2022,Skamania,WA,Truck,0,0,0,3972,3972,0.00
March 31 2022,St. Clair,IL,Passenger,2,0,2,124,126,1.59
March 31 2022,St. Mary's,MD,Passenger,1,0,1,200,201,0.50
March 31 2022,Wake,NC,Passenger,1,0,1,92,93,1.08
March 31 2022,Walla Walla,WA,Truck,0,0,0,14031,14031,0.00
March 31 2022,Riverside,CA,Passenger,7,1,8,462,470,1.70
March 31 2022,Sacramento,CA,Passenger,2,0,2,205,207,0.97
March 31 2022,San Juan,WA,Passenger,492,152,644,14131,14775,4.36
March 31 2022,Santa Clara,CA,Passenger,9,1,10,225,235,4.26
March 31 2022,Sedgwick,KS,Passenger,1,1,2,80,82,2.44
March 31 2022,Thurston,WA,Passenger,2028,1001,3029,195508,198537,1.53
March 31 2022,Thurston,WA,Truck,3,0,3,55759,55762,0.01
March 31 2022,Travis,TX,Passenger,1,0,1,115,116,0.86
June 30 2022,Chesapeake,VA,Passenger,2,3,5,335,340,1.47
June 30 2022,Collin,TX,Passenger,2,0,2,81,83,2.41
June 30 2022,Columbia,WA,Truck,0,0,0,1582,1582,0.00
June 30 2022,DeKalb,GA,Passenger,1,0,1,45,46,2.17
June 30 2022,Franklin,WA,Truck,0,0,0,20900,20900,0.00
June 30 2022,Fresno,CA,Passenger,1,0,1,135,136,0.74
June 30 2022,Grays Harbor,WA,Truck,1,0,1,21322,21323,0.00
May 31 2022,Douglas,CO,Passenger,0,1,1,71,72,1.39
May 31 2022,Duval,FL,Passenger,0,2,2,278,280,0.71
May 31 2022,El Paso,CO,Passenger,3,1,4,614,618,0.65
May 31 2022,Fairfax,VA,Passenger,6,3,9,613,622,1.45
May 31 2022,Howard,IN,Passenger,0,1,1,4,5,20.00
May 31 2022,Jefferson,WA,Passenger,425,215,640,24621,25261,2.53
March 31 2022,Wayne,NC,Passenger,1,0,1,27,28,3.57
March 31 2022,Wilson,NC,Passenger,1,0,1,0,1,100.00
March 31 2022,Yakima,WA,Truck,0,0,0,61594,61594,0.00
April 30 2022,Alexandria,VA,Passenger,3,0,3,110,113,2.65
April 30 2022,Boone,MO,Passenger,0,1,1,9,10,10.00
April 30 2022,Camden,NJ,Passenger,0,1,1,12,13,7.69
April 30 2022,Clark,WA,Truck,3,0,3,83237,83240,0.00
April 30 2022,Kauai,HI,Passenger,1,0,1,18,19,5.26
April 30 2022,Kern,CA,Passenger,0,1,1,193,194,0.52
April 30 2022,Kitsap,WA,Truck,1,0,1,53864,53865,0.00
April 30 2022,Lake,IL,Passenger,3,0,3,141,144,2.08
April 30 2022,Lewis,WA,Passenger,232,171,403,59521,59924,0.67
April 30 2022,Loudoun,VA,Passenger,2,1,3,64,67,4.48
April 30 2022,Manassas,VA,Passenger,0,1,1,6,7,14.29
April 30 2022,Marin,CA,Passenger,0,1,1,32,33,3.03
May 31 2022,Nueces,TX,Passenger,1,1,2,54,56,3.57
May 31 2022,Oldham,KY,Passenger,0,1,1,4,5,20.00
May 31 2022,San Bernardino,CA,Passenger,1,1,2,324,326,0.61
May 31 2022,Santa Cruz,CA,Passenger,1,0,1,24,25,4.00
May 31 2022,Sarasota,FL,Passenger,2,0,2,25,27,7.41
May 31 2022,Skamania,WA,Passenger,70,45,115,8208,8323,1.38
May 31 2022,Snohomish,WA,Passenger,8141,2474,10615,533139,543754,1.95
May 31 2022,St. Clair,IL,Passenger,2,0,2,120,122,1.64
March 31 2022,Whitman,WA,Truck,0,0,0,8590,8590,0.00
March 31 2022,Williamson,TX,Passenger,1,2,3,82,85,3.53
March 31 2022,Yellowstone,MT,Passenger,0,1,1,27,28,3.57
April 30 2022,Anne Arundel,MD,Passenger,5,3,8,354,362,2.21
April 30 2022,Benton,WA,Truck,1,0,1,43594,43595,0.00
April 30 2022,Chelan,WA,Truck,0,0,0,23068,23068,0.00
April 30 2022,Cowlitz,WA,Passenger,314,172,486,70923,71409,0.68
February 28 2022,Houston,GA,Passenger,1,0,1,39,40,2.50
February 28 2022,King,WA,Passenger,37222,10527,47749,1355033,1402782,3.40
February 28 2022,Kings,NY,Passenger,1,0,1,65,66,1.52
February 28 2022,Kittitas,WA,Passenger,218,72,290,29781,30071,0.96
February 28 2022,Kittitas,WA,Truck,0,0,0,14753,14753,0.00
February 28 2022,Larimer,CO,Passenger,1,0,1,50,51,1.96
February 28 2022,Lincoln,WA,Passenger,7,17,24,7686,7710,0.31
May 31 2022,King,WA,Truck,43,1,44,181250,181294,0.02
May 31 2022,Lane,OR,Passenger,0,1,1,90,91,1.10
May 31 2022,Las Animas,CO,Passenger,1,0,1,1,2,50.00
May 31 2022,Lincoln,OR,Passenger,0,1,1,26,27,3.70
March 31 2022,Walla Walla,WA,Passenger,157,91,248,36124,36372,0.68
March 31 2022,Whitman,WA,Passenger,79,54,133,22051,22184,0.60
March 31 2022,Williams,ND,Passenger,0,1,1,7,8,12.50
April 30 2022,,,Passenger,3,1,4,343,347,1.15
April 30 2022,Bell,TX,Passenger,1,0,1,324,325,0.31
April 30 2022,Boulder,CO,Passenger,1,0,1,34,35,2.86
June 30 2022,Kern,CA,Passenger,0,1,1,188,189,0.53
June 30 2022,Kitsap,WA,Passenger,2395,1055,3450,178751,182201,1.89
June 30 2022,Kittitas,WA,Truck,1,0,1,14655,14656,0.01
June 30 2022,Klickitat,WA,Truck,0,0,0,8296,8296,0.00
April 30 2022,Collin,TX,Passenger,2,0,2,94,96,2.08
April 30 2022,Columbia,WA,Truck,0,0,0,1589,1589,0.00
April 30 2022,Dallas,TX,Passenger,1,0,1,116,117,0.85
April 30 2022,Danville,VA,Passenger,1,0,1,0,1,100.00
April 30 2022,Douglas,OR,Passenger,1,0,1,27,28,3.57
April 30 2022,Douglas,WA,Truck,0,0,0,12747,12747,0.00
April 30 2022,Galveston,TX,Passenger,0,1,1,19,20,5.00
April 30 2022,Grays Harbor,WA,Truck,0,0,0,21345,21345,0.00
April 30 2022,Gwinnett,GA,Passenger,1,0,1,50,51,1.96
April 30 2022,Montgomery,TX,Passenger,1,0,1,32,33,3.03
April 30 2022,New London,CT,Passenger,2,5,7,201,208,3.37
April 30 2022,Nueces,TX,Passenger,1,1,2,57,59,3.39
April 30 2022,Orange,FL,Passenger,1,0,1,94,95,1.05
April 30 2022,Richland,SC,Passenger,0,1,1,133,134,0.75
April 30 2022,Salt Lake,UT,Passenger,1,2,3,130,133,2.26
April 30 2022,San Bernardino,CA,Passenger,1,1,2,336,338,0.59
April 30 2022,San Juan,WA,Truck,1,0,1,5986,5987,0.02
April 30 2022,Juneau,AK,Passenger,0,1,1,29,30,3.33
April 30 2022,Lake,FL,Passenger,1,0,1,21,22,4.55
April 30 2022,Lane,OR,Passenger,0,1,1,98,99,1.01
April 30 2022,Las Animas,CO,Passenger,1,0,1,1,2,50.00
April 30 2022,Middlesex,MA,Passenger,1,1,2,85,87,2.30
May 31 2022,Prince William,VA,Passenger,0,1,1,193,194,0.52
May 31 2022,Richmond,NY,Passenger,1,0,1,6,7,14.29
May 31 2022,Rock Island,IL,Passenger,0,1,1,15,16,6.25
May 31 2022,Rockingham,NH,Passenger,1,0,1,17,18,5.56
May 31 2022,Rogers,OK,Passenger,1,0,1,2,3,33.33
May 31 2022,Sevier,AR,Passenger,0,1,1,0,1,100.00
May 31 2022,Spokane,WA,Passenger,1543,832,2375,325459,327834,0.72
May 31 2022,St. Louis,MO,Passenger,1,0,1,64,65,1.54
May 31 2022,Stevens,WA,Passenger,64,54,118,30105,30223,0.39
February 28 2022,Montgomery,PA,Passenger,2,0,2,22,24,8.33
February 28 2022,Okanogan,WA,Passenger,74,47,121,26479,26600,0.45
February 28 2022,Okanogan,WA,Truck,0,0,0,16718,16718,0.00
February 28 2022,Owyhee,ID,Passenger,1,0,1,2,3,33.33
February 28 2022,Pennington,SD,Passenger,2,0,2,29,31,6.45
February 28 2022,Penobscot,ME,Passenger,0,1,1,6,7,14.29
February 28 2022,Platte,MO,Passenger,1,0,1,16,17,5.88
January 31 2019,Adams,WA,Passenger,5,6,11,12743,12754,0.09
January 31 2019,Albemarle,VA,Passenger,1,0,1,25,26,3.85
January 31 2019,Asotin,WA,Truck,0,0,0,6643,6643,0.00
January 31 2019,Benton,WA,Passenger,232,243,475,133228,133703,0.36
January 31 2019,Bergen,NJ,Passenger,1,0,1,27,28,3.57
January 31 2019,Pacific,WA,Truck,0,0,0,7615,7615,0.00
January 31 2019,Palm Beach,FL,Passenger,0,1,1,87,88,1.14
January 31 2019,Pinal,AZ,Passenger,2,0,2,205,207,0.97
January 31 2019,Prince William,VA,Passenger,0,4,4,256,260,1.54
January 31 2019,Rogers,OK,Passenger,1,0,1,5,6,16.67
November 30 2018,Rogers,OK,Passenger,1,0,1,6,7,14.29
November 30 2018,Santa Cruz,CA,Passenger,1,0,1,40,41,2.44
November 30 2018,Snohomish,WA,Passenger,2788,1415,4203,526795,530998,0.79
November 30 2018,Spokane,WA,Passenger,408,358,766,306899,307665,0.25
November 30 2018,St. Clair,IL,Passenger,0,1,1,165,166,0.60
January 31 2019,Sedgwick,KS,Passenger,0,1,1,99,100,1.00
January 31 2019,St. Mary's,MD,Passenger,1,0,1,214,215,0.47
January 31 2019,Thurston,WA,Passenger,771,590,1361,196062,197423,0.69
January 31 2019,Washington,OR,Passenger,0,1,1,468,469,0.21
February 28 2019,Ferry,WA,Passenger,3,2,5,4378,4383,0.11
February 28 2019,Garfield,WA,Truck,0,0,0,961,961,0.00
February 28 2019,Guadalupe,TX,Passenger,1,0,1,78,79,1.27
February 28 2019,Harnett,NC,Passenger,1,0,1,219,220,0.45
February 28 2019,Honolulu,HI,Passenger,2,3,5,509,514,0.97
February 28 2019,Howard,MD,Passenger,0,1,1,83,84,1.19
February 28 2019,Jefferson,CO,Passenger,0,2,2,62,64,3.12
February 28 2019,Jefferson,WA,Truck,0,0,0,9624,9624,0.00
January 31 2019,Volusia,FL,Passenger,0,1,1,37,38,2.63
January 31 2019,Walla Walla,WA,Passenger,42,54,96,36141,36237,0.26
January 31 2019,Whitman,WA,Passenger,24,40,64,22848,22912,0.28
January 31 2019,Yakima,WA,Passenger,84,100,184,164933,165117,0.11
January 31 2019,Yakima,WA,Truck,0,0,0,58929,58929,0.00
February 28 2019,Allegheny,PA,Passenger,1,0,1,82,83,1.20
February 28 2019,Benton,WA,Truck,0,0,0,41547,41547,0.00
January 31 2019,Collin,TX,Passenger,1,1,2,145,147,1.36
January 31 2019,Columbia,WA,Truck,0,0,0,1529,1529,0.00
January 31 2019,Cowlitz,WA,Truck,0,0,0,28731,28731,0.00
January 31 2019,DeKalb,IN,Passenger,1,0,1,1,2,50.00
January 31 2019,Franklin,WA,Truck,0,0,0,19128,19128,0.00
January 31 2019,Garfield,WA,Passenger,1,1,2,1332,1334,0.15
January 31 2019,Arlington,VA,Passenger,1,2,3,162,165,1.82
January 31 2019,Caddo,LA,Passenger,0,1,1,22,23,4.35
January 31 2019,Charles,MD,Passenger,0,1,1,76,77,1.30
January 31 2019,Charleston,SC,Passenger,1,0,1,125,126,0.79
January 31 2019,Chelan,WA,Passenger,140,64,204,54205,54409,0.37
January 31 2019,Clallam,WA,Passenger,152,128,280,50410,50690,0.55
January 31 2019,Clallam,WA,Truck,0,0,0,21630,21630,0.00
January 31 2019,Clark,WA,Passenger,1314,867,2181,312097,314278,0.69
January 31 2019,Clay,FL,Passenger,0,1,1,88,89,1.12
November 30 2018,Whatcom,WA,Truck,2,0,2,42653,42655,0.00
November 30 2018,Yakima,WA,Truck,0,0,0,58751,58751,0.00
December 31 2018,Alameda,CA,Passenger,0,2,2,322,324,0.62
December 31 2018,Arlington,VA,Passenger,1,1,2,165,167,1.20
December 31 2018,Brevard,FL,Passenger,0,1,1,93,94,1.06
December 31 2018,Bucks,PA,Passenger,1,0,1,16,17,5.88
January 31 2019,King,WA,Passenger,17169,6678,23847,1381111,1404958,1.70
January 31 2019,Kittitas,WA,Truck,0,0,0,14235,14235,0.00
January 31 2019,Larimer,CO,Passenger,1,0,1,60,61,1.64
January 31 2019,Mason,WA,Truck,0,0,0,20224,20224,0.00
January 31 2019,Mecklenburg,NC,Passenger,1,0,1,80,81,1.23
January 31 2019,Middlesex,MA,Passenger,1,1,2,123,125,1.60
January 31 2019,Monroe,IL,Passenger,1,0,1,4,5,20.00
January 31 2019,Monterey,CA,Passenger,0,1,1,193,194,0.52
January 31 2019,Moore,NC,Passenger,0,1,1,187,188,0.53
February 28 2019,Clallam,WA,Truck,0,0,0,21575,21575,0.00
February 28 2019,Cochise,AZ,Passenger,0,1,1,117,118,0.85
February 28 2019,Contra Costa,CA,Passenger,1,2,3,398,401,0.75
February 28 2019,Cook,IL,Passenger,1,0,1,240,241,0.41
February 28 2019,Deschutes,OR,Passenger,2,0,2,162,164,1.22
February 28 2019,Douglas,WA,Passenger,52,35,87,27939,28026,0.31
February 28 2019,Frederick,MD,Passenger,1,1,2,80,82,2.44
February 28 2019,Garfield,WA,Passenger,1,1,2,1325,1327,0.15
February 28 2019,Grant,WA,Passenger,33,55,88,64283,64371,0.14
February 28 2019,Kitsap,WA,Passenger,988,571,1559,179786,181345,0.86
February 28 2019,Larimer,CO,Passenger,1,0,1,59,60,1.67
February 28 2019,Lee,AL,Passenger,1,0,1,34,35,2.86
February 28 2019,Marion,OR,Passenger,1,0,1,115,116,0.86
February 28 2019,Multnomah,OR,Passenger,4,5,9,760,769,1.17
February 28 2019,Nassau,NY,Passenger,3,0,3,37,40,7.50
February 28 2019,Norfolk,MA,Passenger,1,0,1,35,36,2.78
January 31 2019,Fairfax,VA,Passenger,3,2,5,808,813,0.62
February 28 2019,Carroll,NH,Passenger,0,1,1,2,3,33.33
February 28 2019,Carson City,NV,Passenger,1,0,1,14,15,6.67
February 28 2019,Clark,WA,Passenger,1338,865,2203,311851,314054,0.70
February 28 2019,Clark,WA,Truck,0,0,0,79980,79980,0.00
February 28 2019,Cumberland,NC,Passenger,0,2,2,513,515,0.39
February 28 2019,District of Columbia,DC,Passenger,1,1,2,207,209,0.96
February 28 2019,Douglas,NE,Passenger,0,1,1,66,67,1.49
January 31 2019,Okanogan,WA,Truck,0,0,0,16477,16477,0.00
January 31 2019,Pima,AZ,Passenger,1,1,2,405,407,0.49
January 31 2019,Shelby,TN,Passenger,0,1,1,96,97,1.03
January 31 2019,Spartanburg,SC,Passenger,0,1,1,33,34,2.94
December 31 2018,Charles,MD,Passenger,0,1,1,77,78,1.28
December 31 2018,Chelan,WA,Passenger,140,61,201,54137,54338,0.37
December 31 2018,Clark,NV,Passenger,2,2,4,721,725,0.55
December 31 2018,Clay,FL,Passenger,0,1,1,89,90,1.11
December 31 2018,Dale,AL,Passenger,0,1,1,57,58,1.72
December 31 2018,Duval,FL,Passenger,1,2,3,384,387,0.78
February 28 2019,Benton,WA,Passenger,233,245,478,133002,133480,0.36
February 28 2019,Cascade,MT,Passenger,0,1,1,56,57,1.75
February 28 2019,Chelan,WA,Truck,0,0,0,22096,22096,0.00
February 28 2019,Columbia,WA,Passenger,2,2,4,2430,2434,0.16
February 28 2019,Cowlitz,WA,Passenger,82,100,182,72440,72622,0.25
February 28 2019,Cowlitz,WA,Truck,0,0,0,28732,28732,0.00
February 28 2019,Dakota,MN,Passenger,0,2,2,34,36,5.56
February 28 2019,Denver,CO,Passenger,1,0,1,130,131,0.76
February 28 2019,El Paso,TX,Passenger,2,0,2,501,503,0.40
January 31 2019,Howard,MD,Passenger,0,1,1,83,84,1.19
January 31 2019,Island,WA,Truck,0,0,0,21211,21211,0.00
January 31 2019,Kern,CA,Passenger,0,1,1,234,235,0.43
January 31 2019,Kitsap,WA,Passenger,981,556,1537,179941,181478,0.85
January 31 2019,Klickitat,WA,Truck,0,0,0,8228,8228,0.00
January 31 2019,Kootenai,ID,Passenger,1,1,2,214,216,0.93
January 31 2019,Lincoln,WA,Truck,0,0,0,4666,4666,0.00
February 28 2019,Manassas,VA,Passenger,0,1,1,9,10,10.00
February 28 2019,Maui,HI,Passenger,1,0,1,49,50,2.00
February 28 2019,Montgomery,MD,Passenger,1,0,1,279,280,0.36
February 28 2019,Okanogan,WA,Truck,0,0,0,16467,16467,0.00
February 28 2019,Prince George's,MD,Passenger,1,1,2,183,185,1.08
January 31 2019,King,WA,Truck,6,1,7,182406,182413,0.00
January 31 2019,Klickitat,WA,Passenger,29,32,61,15484,15545,0.39
January 31 2019,Manassas,VA,Passenger,0,1,1,9,10,10.00
January 31 2019,Maricopa,AZ,Passenger,5,3,8,1550,1558,0.51
January 31 2019,Nantucket,MA,Passenger,1,0,1,4,5,20.00
February 28 2019,Okanogan,WA,Passenger,19,21,40,25963,26003,0.15
February 28 2019,Oldham,KY,Passenger,0,1,1,5,6,16.67
February 28 2019,Orange,CA,Passenger,5,2,7,538,545,1.28
February 28 2019,Penobscot,ME,Passenger,0,1,1,12,13,7.69
February 28 2019,Richland,SC,Passenger,0,1,1,166,167,0.60
February 28 2019,Riverside,CA,Passenger,2,2,4,658,662,0.60
February 28 2019,San Francisco,CA,Passenger,2,1,3,114,117,2.56
February 28 2019,Skamania,WA,Truck,0,0,0,3990,3990,0.00
February 28 2019,St. Mary's,MD,Passenger,1,0,1,213,214,0.47
January 31 2019,Travis,TX,Passenger,2,1,3,200,203,1.48
January 31 2019,Ventura,CA,Passenger,0,2,2,318,320,0.62
January 31 2019,Virginia Beach,VA,Passenger,2,1,3,707,710,0.42
February 28 2019,Adams,WA,Truck,0,0,0,5110,5110,0.00
February 28 2019,Alameda,CA,Passenger,1,2,3,317,320,0.94
February 28 2019,Arlington,VA,Passenger,1,2,3,161,164,1.83
February 28 2019,Fresno,CA,Passenger,1,0,1,188,189,0.53
February 28 2019,Fulton,GA,Passenger,1,2,3,108,111,2.70
February 28 2019,Goochland,VA,Passenger,1,1,2,241,243,0.82
February 28 2019,Grays Harbor,WA,Passenger,66,79,145,47458,47603,0.30
February 28 2019,Harris,TX,Passenger,0,1,1,251,252,0.40
February 28 2019,Jefferson,NY,Passenger,0,2,2,226,228,0.88
February 28 2019,Lewis,WA,Truck,0,0,0,25701,25701,0.00
February 28 2019,Fairfax,VA,Passenger,3,2,5,805,810,0.62
February 28 2019,Flathead,MT,Passenger,1,0,1,58,59,1.69
February 28 2019,Hawaii,HI,Passenger,1,0,1,62,63,1.59
February 28 2019,Island,WA,Truck,0,0,0,21171,21171,0.00
January 31 2019,Marion,IN,Passenger,1,0,1,118,119,0.84
January 31 2019,Montgomery,AL,Passenger,0,1,1,46,47,2.13
January 31 2019,New London,CT,Passenger,0,2,2,251,253,0.79
January 31 2019,Orange,CA,Passenger,5,2,7,543,550,1.27
January 31 2019,Pierce,WA,Truck,0,0,0,139122,139122,0.00
January 31 2019,Polk,FL,Passenger,1,0,1,66,67,1.49
February 28 2019,San Diego,CA,Passenger,9,3,12,2640,2652,0.45
February 28 2019,Sangamon,IL,Passenger,2,0,2,7,9,22.22
February 28 2019,Suffolk,MA,Passenger,0,1,1,41,42,2.38
February 28 2019,Thurston,WA,Passenger,782,594,1376,195908,197284,0.70
February 28 2019,Washtenaw,MI,Passenger,1,0,1,38,39,2.56
January 31 2019,Prince George's,MD,Passenger,1,1,2,182,184,1.09
January 31 2019,Randolph,NC,Passenger,1,0,1,6,7,14.29
January 31 2019,Stevens,WA,Passenger,18,28,46,31815,31861,0.14
January 31 2019,Tulsa,OK,Passenger,1,1,2,48,50,4.00
February 28 2019,Charles,MD,Passenger,0,1,1,78,79,1.27
February 28 2019,Charleston,SC,Passenger,1,0,1,123,124,0.81
February 28 2019,Clay,FL,Passenger,0,1,1,86,87,1.15
February 28 2019,DuPage,IL,Passenger,1,0,1,62,63,1.59
February 28 2019,Franklin,MA,Passenger,0,1,1,1,2,50.00
December 31 2018,Grant,WA,Truck,0,0,0,26257,26257,0.00
December 31 2018,Jefferson,WA,Passenger,168,106,274,24839,25113,1.09
December 31 2018,King,WA,Truck,6,1,7,182662,182669,0.00
December 31 2018,Lee,FL,Passenger,1,0,1,52,53,1.89
December 31 2018,Lincoln,WA,Passenger,2,5,7,7782,7789,0.09
February 28 2019,Sumter,FL,Passenger,0,1,1,10,11,9.09
February 28 2019,Thurston,WA,Truck,0,0,0,54903,54903,0.00
February 28 2019,Travis,TX,Passenger,2,1,3,200,203,1.48
February 28 2019,Walla Walla,WA,Truck,0,0,0,13544,13544,0.00
February 28 2019,Whitman,WA,Passenger,25,40,65,22758,22823,0.28
February 28 2019,Whitman,WA,Truck,0,0,0,8491,8491,0.00
February 28 2019,Williamson,TX,Passenger,0,1,1,151,152,0.66
March 31 2019,Allegheny,PA,Passenger,1,0,1,83,84,1.19
January 31 2019,Wahkiakum,WA,Passenger,1,1,2,3006,3008,0.07
January 31 2019,Washtenaw,MI,Passenger,1,0,1,39,40,2.50
February 28 2019,Ada,ID,Passenger,0,2,2,308,310,0.65
February 28 2019,Albemarle,VA,Passenger,1,0,1,25,26,3.85
February 28 2019,Bergen,NJ,Passenger,1,0,1,25,26,3.85
February 28 2019,Calvert,MD,Passenger,0,1,1,87,88,1.14
December 31 2018,Pend Oreille,WA,Passenger,5,5,10,9532,9542,0.10
December 31 2018,Pinal,AZ,Passenger,2,0,2,202,204,0.98
December 31 2018,Prince William,VA,Passenger,0,4,4,254,258,1.55
March 31 2019,Adams,WA,Passenger,4,6,10,12632,12642,0.08
March 31 2019,Asotin,WA,Truck,0,0,0,6630,6630,0.00
March 31 2019,Berkshire,MA,Passenger,0,1,1,4,5,20.00
February 28 2019,Grant,WA,Truck,0,0,0,26315,26315,0.00
February 28 2019,Hardin,KY,Passenger,0,1,1,106,107,0.93
February 28 2019,Juneau,AK,Passenger,0,1,1,38,39,2.56
February 28 2019,Kent,MI,Passenger,0,1,1,22,23,4.35
February 28 2019,Kitsap,WA,Truck,1,0,1,53706,53707,0.00
February 28 2019,Lee,FL,Passenger,1,0,1,52,53,1.89
February 28 2019,Lewis,WA,Passenger,96,84,180,58309,58489,0.31
February 28 2019,Clackamas,OR,Passenger,1,1,2,216,218,0.92
February 28 2019,DeKalb,IN,Passenger,1,0,1,1,2,50.00
February 28 2019,Ferry,WA,Truck,0,0,0,3593,3593,0.00
January 31 2019,Richmond,GA,Passenger,0,1,1,94,95,1.05
January 31 2019,Riverside,CA,Passenger,2,2,4,670,674,0.59
January 31 2019,San Juan,WA,Truck,0,0,0,5803,5803,0.00
January 31 2019,San Mateo,CA,Passenger,2,1,3,126,129,2.33
January 31 2019,Santa Fe,NM,Passenger,0,1,1,41,42,2.38
January 31 2019,Shasta,CA,Passenger,1,0,1,43,44,2.27
January 31 2019,Skagit,WA,Truck,1,0,1,32321,32322,0.00
January 31 2019,St. Lucie,FL,Passenger,1,0,1,30,31,3.23
January 31 2019,Suffolk,MA,Passenger,0,1,1,40,41,2.44
January 31 2019,Sumter,FL,Passenger,0,1,1,10,11,9.09
January 31 2019,Tarrant,TX,Passenger,1,0,1,202,203,0.49
January 31 2019,Thurston,WA,Truck,0,0,0,54918,54918,0.00
February 28 2019,Klickitat,WA,Passenger,30,32,62,15449,15511,0.40
February 28 2019,Klickitat,WA,Truck,0,0,0,8221,8221,0.00
February 28 2019,Kootenai,ID,Passenger,1,1,2,210,212,0.94
February 28 2019,Manatee,FL,Passenger,1,0,1,35,36,2.78
February 28 2019,Pacific,WA,Passenger,22,26,48,15869,15917,0.30
February 28 2019,Pierce,WA,Truck,0,0,0,138927,138927,0.00
February 28 2019,Polk,FL,Passenger,1,0,1,65,66,1.52
February 28 2019,Los Angeles,CA,Passenger,6,5,11,1083,1094,1.01
February 28 2019,Maricopa,AZ,Passenger,6,3,9,1543,1552,0.58
February 28 2019,Mason,WA,Truck,0,0,0,20229,20229,0.00
February 28 2019,Monroe,IL,Passenger,1,0,1,4,5,20.00
February 28 2019,Monterey,CA,Passenger,0,1,1,190,191,0.52
February 28 2019,Moore,NC,Passenger,0,1,1,183,184,0.54
February 28 2019,Norfolk,VA,Passenger,2,2,4,351,355,1.13
February 28 2019,Pend Oreille,WA,Passenger,5,5,10,9482,9492,0.11
February 28 2019,Nantucket,MA,Passenger,1,0,1,4,5,20.00
February 28 2019,New Haven,CT,Passenger,0,1,1,49,50,2.00
February 28 2019,Nueces,TX,Passenger,1,1,2,90,92,2.17
March 31 2019,Asotin,WA,Passenger,12,9,21,12661,12682,0.17
March 31 2019,Broward,FL,Passenger,2,1,3,126,129,2.33
March 31 2019,Cascade,MT,Passenger,0,1,1,56,57,1.75
March 31 2019,Clallam,WA,Truck,0,0,0,21615,21615,0.00
March 31 2019,Cumberland,NC,Passenger,0,2,2,508,510,0.39
March 31 2019,Collin,TX,Passenger,1,1,2,136,138,1.45
March 31 2019,Columbia,WA,Truck,0,0,0,1527,1527,0.00
March 31 2019,DeKalb,GA,Passenger,1,0,1,80,81,1.23
March 31 2019,District of Columbia,DC,Passenger,1,1,2,204,206,0.97
March 31 2019,Ferry,WA,Passenger,3,2,5,4363,4368,0.11
March 31 2019,Franklin,WA,Truck,0,0,0,19137,19137,0.00
March 31 2019,Fresno,CA,Passenger,1,0,1,189,190,0.53
March 31 2019,Grays Harbor,WA,Truck,0,0,0,20375,20375,0.00
February 28 2019,Pima,AZ,Passenger,1,1,2,404,406,0.49
February 28 2019,Santa Cruz,CA,Passenger,1,0,1,41,42,2.38
February 28 2019,Saratoga,NY,Passenger,1,0,1,62,63,1.59
February 28 2019,Snohomish,WA,Truck,1,0,1,121884,121885,0.00
February 28 2019,Spartanburg,SC,Passenger,0,1,1,33,34,2.94
February 28 2019,Twin Falls,ID,Passenger,0,1,1,20,21,4.76
February 28 2019,Wahkiakum,WA,Truck,0,0,0,1720,1720,0.00
February 28 2019,Washoe,NV,Passenger,2,0,2,106,108,1.85
December 31 2018,Skamania,WA,Passenger,16,13,29,8734,8763,0.33
December 31 2018,Tulsa,OK,Passenger,1,1,2,47,49,4.08
December 31 2018,Wahkiakum,WA,Passenger,1,1,2,2979,2981,0.07
December 31 2018,Walla Walla,WA,Passenger,41,52,93,36100,36193,0.26
January 31 2019,Whatcom,WA,Truck,2,0,2,42738,42740,0.00
February 28 2019,Asotin,WA,Passenger,12,9,21,12683,12704,0.17
February 28 2019,Brevard,FL,Passenger,0,1,1,88,89,1.12
February 28 2019,Broward,FL,Passenger,2,1,3,126,129,2.33
February 28 2019,Bucks,PA,Passenger,1,0,1,17,18,5.56
February 28 2019,Camden,NJ,Passenger,0,1,1,27,28,3.57
February 28 2019,Franklin,WA,Passenger,50,70,120,59298,59418,0.20
February 28 2019,Hennepin,MN,Passenger,2,0,2,104,106,1.89
February 28 2019,Houston,GA,Passenger,1,0,1,54,55,1.82
February 28 2019,King,WA,Passenger,17530,6762,24292,1379901,1404193,1.73
February 28 2019,Kittitas,WA,Passenger,73,37,110,29449,29559,0.37
February 28 2019,Klamath,OR,Passenger,1,0,1,35,36,2.78
March 31 2019,Dakota,MN,Passenger,0,2,2,35,37,5.41
March 31 2019,Grays Harbor,WA,Passenger,69,80,149,47590,47739,0.31
March 31 2019,Kent,MI,Passenger,0,1,1,21,22,4.55
February 28 2019,San Juan,PR,Passenger,0,1,1,3,4,25.00
February 28 2019,Skamania,WA,Passenger,20,15,35,8718,8753,0.40
February 28 2019,Snohomish,WA,Passenger,3145,1498,4643,527672,532315,0.87
February 28 2019,St. Clair,IL,Passenger,0,1,1,167,168,0.60
February 28 2019,Randolph,NC,Passenger,1,0,1,6,7,14.29
February 28 2019,Richmond,GA,Passenger,0,1,1,93,94,1.06
February 28 2019,San Mateo,CA,Passenger,2,1,3,125,128,2.34
February 28 2019,Shasta,CA,Passenger,1,0,1,45,46,2.17
February 28 2019,Skagit,WA,Truck,1,0,1,32292,32293,0.00
February 28 2019,Spokane,WA,Truck,1,0,1,93893,93894,0.00
February 28 2019,St. Lucie,FL,Passenger,1,0,1,30,31,3.23
February 28 2019,Stevens,WA,Passenger,18,28,46,31735,31781,0.14
February 28 2019,Stevens,WA,Truck,0,0,0,18756,18756,0.00
February 28 2019,Tarrant,TX,Passenger,1,0,1,205,206,0.49
March 31 2019,Howard,MD,Passenger,0,1,1,79,80,1.25
March 31 2019,Kern,CA,Passenger,0,1,1,227,228,0.44
March 31 2019,Kitsap,WA,Passenger,997,569,1566,179923,181489,0.86
March 31 2019,Kittitas,WA,Truck,0,0,0,14247,14247,0.00
March 31 2019,Klickitat,WA,Truck,0,0,0,8207,8207,0.00
February 28 2019,Whatcom,WA,Passenger,785,380,1165,149646,150811,0.77
March 31 2019,,,Passenger,4,1,5,434,439,1.14
March 31 2019,Bucks,PA,Passenger,1,0,1,17,18,5.56
March 31 2019,Camden,NJ,Passenger,0,1,1,26,27,3.70
March 31 2019,Cape May,NJ,Passenger,0,1,1,19,20,5.00
March 31 2019,Clackamas,OR,Passenger,1,1,2,210,212,0.94
March 31 2019,Clark,NV,Passenger,3,2,5,708,713,0.70
February 28 2019,Lincoln,WA,Passenger,3,5,8,7737,7745,0.10
February 28 2019,Lincoln,WA,Truck,0,0,0,4667,4667,0.00
February 28 2019,Marion,IN,Passenger,1,0,1,113,114,0.88
February 28 2019,Mecklenburg,NC,Passenger,1,0,1,79,80,1.25
February 28 2019,Montgomery,AL,Passenger,0,1,1,45,46,2.17
February 28 2019,Montgomery,PA,Passenger,2,0,2,36,38,5.26
February 28 2019,Whatcom,WA,Truck,2,0,2,42707,42709,0.00
March 31 2019,Ada,ID,Passenger,0,2,2,309,311,0.64
March 31 2019,Alexandria,VA,Passenger,1,0,1,157,158,0.63
March 31 2019,Calvert,MD,Passenger,0,1,1,87,88,1.14
January 31 2019,Adams,WA,Truck,0,0,0,5143,5143,0.00
January 31 2019,Anne Arundel,MD,Passenger,0,2,2,451,453,0.44
January 31 2019,Benton,WA,Truck,0,0,0,41617,41617,0.00
January 31 2019,Chelan,WA,Truck,0,0,0,22106,22106,0.00
January 31 2019,Clark,WA,Truck,0,0,0,79968,79968,0.00
February 28 2019,Chelan,WA,Passenger,145,66,211,54158,54369,0.39
February 28 2019,Clallam,WA,Passenger,153,127,280,50351,50631,0.55
February 28 2019,Clark,NV,Passenger,3,2,5,711,716,0.70
February 28 2019,Dale,AL,Passenger,0,1,1,58,59,1.69
February 28 2019,Douglas,WA,Truck,0,0,0,12165,12165,0.00
February 28 2019,Duval,FL,Passenger,1,2,3,384,387,0.78
February 28 2019,El Paso,CO,Passenger,3,2,5,773,778,0.64
March 31 2019,Deschutes,OR,Passenger,2,0,2,156,158,1.27
March 31 2019,Duval,FL,Passenger,1,2,3,385,388,0.77
March 31 2019,Ferry,WA,Truck,0,0,0,3595,3595,0.00
February 28 2019,Tulsa,OK,Passenger,1,1,2,48,50,4.00
February 28 2019,Wahkiakum,WA,Passenger,1,1,2,3021,3023,0.07
February 28 2019,Walla Walla,WA,Passenger,43,54,97,36069,36166,0.27
March 31 2019,Adams,WA,Truck,0,0,0,5106,5106,0.00
March 31 2019,Alameda,CA,Passenger,3,2,5,316,321,1.56
March 31 2019,Anne Arundel,MD,Passenger,0,2,2,452,454,0.44
March 31 2019,Brevard,FL,Passenger,0,1,1,86,87,1.15
February 28 2019,San Juan,WA,Passenger,193,69,262,14274,14536,1.80
February 28 2019,Santa Clara,CA,Passenger,8,1,9,368,377,2.39
February 28 2019,Sedgwick,KS,Passenger,0,1,1,101,102,0.98
February 28 2019,Shelby,TN,Passenger,0,1,1,96,97,1.03
February 28 2019,Tuolumne,CA,Passenger,0,1,1,12,13,7.69
March 31 2019,Contra Costa,CA,Passenger,1,2,3,399,402,0.75
March 31 2019,Cook,IL,Passenger,1,0,1,244,245,0.41
March 31 2019,Douglas,WA,Passenger,53,34,87,27889,27976,0.31
March 31 2019,Jefferson,WA,Truck,0,0,0,9646,9646,0.00
March 31 2019,Middlesex,MA,Passenger,1,1,2,120,122,1.64
March 31 2019,Monroe,IL,Passenger,1,0,1,4,5,20.00
March 31 2019,Moore,NC,Passenger,0,1,1,178,179,0.56
March 31 2019,New London,CT,Passenger,0,2,2,253,255,0.78
March 31 2019,Orange,CA,Passenger,5,1,6,538,544,1.10
March 31 2019,Pima,AZ,Passenger,1,1,2,404,406,0.49
March 31 2019,Riverside,CA,Passenger,2,2,4,663,667,0.60
March 31 2019,San Juan,WA,Truck,0,0,0,5812,5812,0.00
March 31 2019,San Mateo,CA,Passenger,2,1,3,126,129,2.33
March 31 2019,Kitsap,WA,Truck,1,0,1,53749,53750,0.00
March 31 2019,Klickitat,WA,Passenger,32,31,63,15423,15486,0.41
March 31 2019,Lewis,WA,Passenger,95,90,185,58524,58709,0.32
March 31 2019,Lewis,WA,Truck,0,0,0,25759,25759,0.00
March 31 2019,Los Angeles,CA,Passenger,7,5,12,1086,1098,1.09
March 31 2019,Manatee,FL,Passenger,1,0,1,32,33,3.03
March 31 2019,Maricopa,AZ,Passenger,6,3,9,1542,1551,0.58
March 31 2019,Norfolk,VA,Passenger,2,2,4,355,359,1.11
March 31 2019,Nueces,TX,Passenger,1,1,2,93,95,2.11
January 31 2019,Denver,CO,Passenger,1,0,1,131,132,0.76
January 31 2019,Douglas,WA,Truck,0,0,0,12171,12171,0.00
January 31 2019,DuPage,IL,Passenger,1,0,1,61,62,1.61
January 31 2019,El Paso,TX,Passenger,2,0,2,505,507,0.39
January 31 2019,Franklin,MA,Passenger,0,1,1,1,2,50.00
January 31 2019,Garfield,WA,Truck,0,0,0,962,962,0.00
January 31 2019,Goochland,VA,Passenger,0,1,1,242,243,0.41
January 31 2019,Guadalupe,TX,Passenger,1,0,1,78,79,1.27
January 31 2019,Gwinnett,GA,Passenger,0,1,1,75,76,1.32
January 31 2019,Harnett,NC,Passenger,1,0,1,223,224,0.45
January 31 2019,Honolulu,HI,Passenger,1,3,4,524,528,0.76
January 31 2019,Jefferson,CO,Passenger,0,2,2,63,65,3.08
February 28 2019,Gwinnett,GA,Passenger,0,1,1,76,77,1.30
February 28 2019,Jefferson,WA,Passenger,179,113,292,24864,25156,1.16
February 28 2019,King,WA,Truck,6,1,7,182029,182036,0.00
February 28 2019,Virginia Beach,VA,Passenger,2,1,3,707,710,0.42
February 28 2019,Yakima,WA,Truck,0,0,0,58797,58797,0.00
March 31 2019,Arlington,VA,Passenger,1,2,3,162,165,1.82
March 31 2019,Benton,WA,Truck,0,0,0,41531,41531,0.00
January 31 2019,Lee,AL,Passenger,1,0,1,35,36,2.78
January 31 2019,Lumpkin,GA,Passenger,1,0,1,6,7,14.29
January 31 2019,Madison,ID,Passenger,1,0,1,37,38,2.63
March 31 2019,Grant,WA,Truck,0,0,0,26337,26337,0.00
March 31 2019,Hardin,KY,Passenger,0,1,1,103,104,0.96
March 31 2019,Hennepin,MN,Passenger,2,0,2,102,104,1.92
March 31 2019,Juneau,AK,Passenger,0,1,1,33,34,2.94
March 31 2019,Kittitas,WA,Passenger,71,37,108,29443,29551,0.37
March 31 2019,Larimer,CO,Passenger,1,0,1,60,61,1.64
March 31 2019,Pacific,WA,Truck,0,0,0,7656,7656,0.00
March 31 2019,Pinal,AZ,Passenger,2,0,2,200,202,0.99
March 31 2019,Prince William,VA,Passenger,0,4,4,257,261,1.53
February 28 2019,Lumpkin,GA,Passenger,1,0,1,6,7,14.29
February 28 2019,Owyhee,ID,Passenger,1,0,1,5,6,16.67
February 28 2019,Palm Beach,FL,Passenger,0,1,1,88,89,1.12
February 28 2019,Pinal,AZ,Passenger,2,0,2,205,207,0.97
February 28 2019,Prince William,VA,Passenger,0,4,4,255,259,1.54
March 31 2019,Columbia,WA,Passenger,2,2,4,2427,2431,0.16
March 31 2019,Dale,AL,Passenger,0,1,1,57,58,1.72
March 31 2019,Denver,CO,Passenger,1,0,1,133,134,0.75
March 31 2019,Douglas,WA,Truck,0,0,0,12155,12155,0.00
March 31 2019,DuPage,IL,Passenger,1,0,1,62,63,1.59
March 31 2019,El Paso,TX,Passenger,2,0,2,497,499,0.40
March 31 2019,Franklin,WA,Passenger,52,68,120,59370,59490,0.20
March 31 2019,Santa Fe,NM,Passenger,0,1,1,39,40,2.50
March 31 2019,St. Lucie,FL,Passenger,1,0,1,30,31,3.23
March 31 2019,Sumter,FL,Passenger,0,1,1,10,11,9.09
March 31 2019,Thurston,WA,Truck,0,0,0,54945,54945,0.00
March 31 2019,Travis,TX,Passenger,2,1,3,202,205,1.46
March 31 2019,Valencia,NM,Passenger,1,0,1,9,10,10.00
March 31 2019,Ventura,CA,Passenger,0,2,2,315,317,0.63
January 31 2019,Okanogan,WA,Passenger,18,21,39,26052,26091,0.15
January 31 2019,Penobscot,ME,Passenger,0,1,1,12,13,7.69
January 31 2019,Richland,SC,Passenger,0,1,1,166,167,0.60
January 31 2019,San Juan,PR,Passenger,0,1,1,5,6,16.67
January 31 2019,Saratoga,NY,Passenger,1,0,1,61,62,1.61
January 31 2019,Stevens,WA,Truck,0,0,0,18768,18768,0.00
February 28 2019,Rogers,OK,Passenger,1,0,1,4,5,20.00
February 28 2019,Spokane,WA,Passenger,481,386,867,307234,308101,0.28
March 31 2019,Marion,OR,Passenger,1,0,1,116,117,0.85
March 31 2019,Maui,HI,Passenger,1,0,1,48,49,2.04
March 31 2019,Mecklenburg,NC,Passenger,1,0,1,79,80,1.25
March 31 2019,Montgomery,MD,Passenger,1,0,1,276,277,0.36
March 31 2019,Multnomah,OR,Passenger,4,5,9,749,758,1.19
March 31 2019,Nassau,NY,Passenger,3,0,3,39,42,7.14
March 31 2019,New Haven,CT,Passenger,0,2,2,49,51,3.92
March 31 2019,Norfolk,MA,Passenger,1,0,1,36,37,2.70
March 31 2019,Oldham,KY,Passenger,0,1,1,5,6,16.67
March 31 2019,Pend Oreille,WA,Truck,0,0,0,5721,5721,0.00
March 31 2019,Rogers,OK,Passenger,1,0,1,4,5,20.00
March 31 2019,Sedgwick,KS,Passenger,0,1,1,103,104,0.96
March 31 2019,St. Mary's,MD,Passenger,1,0,1,216,217,0.46
March 31 2019,Thurston,WA,Passenger,802,598,1400,196204,197604,0.71
March 31 2019,Washington,OR,Passenger,0,1,1,460,461,0.22
March 31 2019,Gwinnett,GA,Passenger,0,1,1,76,77,1.30
March 31 2019,Harnett,NC,Passenger,1,0,1,219,220,0.45
March 31 2019,Honolulu,HI,Passenger,2,3,5,507,512,0.98
March 31 2019,Jefferson,CO,Passenger,0,2,2,60,62,3.23
March 31 2019,Jefferson,WA,Passenger,179,118,297,24881,25178,1.18
March 31 2019,Klamath,OR,Passenger,1,0,1,36,37,2.70
March 31 2019,Prince George's,MD,Passenger,1,1,2,181,183,1.09
March 31 2019,Randolph,NC,Passenger,1,0,1,6,7,14.29
March 31 2019,Santa Cruz,CA,Passenger,1,0,1,41,42,2.38
March 31 2019,Snohomish,WA,Passenger,3194,1519,4713,528001,532714,0.88
March 31 2019,Snohomish,WA,Truck,1,0,1,121914,121915,0.00
March 31 2019,Spokane,WA,Passenger,491,393,884,307777,308661,0.29
March 31 2019,Spokane,WA,Truck,1,0,1,94021,94022,0.00
March 31 2019,Carroll,NH,Passenger,0,1,1,2,3,33.33
March 31 2019,Carson City,NV,Passenger,1,0,1,14,15,6.67
March 31 2019,Clark,WA,Truck,0,0,0,79996,79996,0.00
April 30 2019,Carroll,NH,Passenger,0,1,1,2,3,33.33
April 30 2019,Clark,WA,Truck,0,0,0,80109,80109,0.00
April 30 2019,Adams,WA,Passenger,5,6,11,12657,12668,0.09
April 30 2019,Arlington,VA,Passenger,1,2,3,160,163,1.84
April 30 2019,Bucks,PA,Passenger,1,0,1,17,18,5.56
April 30 2019,Cape May,NJ,Passenger,0,1,1,17,18,5.56
April 30 2019,Charleston,SC,Passenger,1,0,1,122,123,0.81
April 30 2019,Chelan,WA,Passenger,147,66,213,54294,54507,0.39
April 30 2019,Clallam,WA,Passenger,160,132,292,50464,50756,0.58
January 31 2019,Twin Falls,ID,Passenger,0,1,1,20,21,4.76
January 31 2019,Wahkiakum,WA,Truck,0,0,0,1711,1711,0.00
January 31 2019,Walla Walla,WA,Truck,0,0,0,13536,13536,0.00
January 31 2019,Whitman,WA,Truck,0,0,0,8513,8513,0.00
January 31 2019,Williamson,TX,Passenger,0,1,1,150,151,0.66
February 28 2019,Alexandria,VA,Passenger,1,0,1,160,161,0.62
February 28 2019,Asotin,WA,Truck,0,0,0,6642,6642,0.00
February 28 2019,Beaufort,SC,Passenger,1,0,1,37,38,2.63
March 31 2019,Lumpkin,GA,Passenger,1,0,1,6,7,14.29
March 31 2019,Pacific,WA,Passenger,23,26,49,15855,15904,0.31
March 31 2019,Palm Beach,FL,Passenger,0,1,1,89,90,1.11
March 31 2019,Richland,SC,Passenger,0,1,1,167,168,0.60
March 31 2019,Charles,MD,Passenger,0,1,1,79,80,1.25
March 31 2019,Charleston,SC,Passenger,1,0,1,124,125,0.80
March 31 2019,Chelan,WA,Passenger,144,67,211,54157,54368,0.39
March 31 2019,Chelan,WA,Truck,0,0,0,22125,22125,0.00
March 31 2019,Clallam,WA,Passenger,154,129,283,50324,50607,0.56
March 31 2019,Clark,WA,Passenger,1359,881,2240,311984,314224,0.71
March 31 2019,Clay,FL,Passenger,0,1,1,86,87,1.15
March 31 2019,Cowlitz,WA,Passenger,84,101,185,72544,72729,0.25
March 31 2019,Fairfax,VA,Passenger,3,2,5,802,807,0.62
March 31 2019,Flathead,MT,Passenger,1,0,1,60,61,1.64
March 31 2019,Douglas,NE,Passenger,0,1,1,64,65,1.54
March 31 2019,El Paso,CO,Passenger,3,2,5,768,773,0.65
March 31 2019,Franklin,MA,Passenger,0,1,1,1,2,50.00
March 31 2019,Garfield,WA,Truck,0,0,0,954,954,0.00
March 31 2019,Goochland,VA,Passenger,1,1,2,245,247,0.81
March 31 2019,Guadalupe,TX,Passenger,1,0,1,77,78,1.28
March 31 2019,King,WA,Truck,6,1,7,181771,181778,0.00
March 31 2019,Washtenaw,MI,Passenger,1,0,1,37,38,2.63
March 31 2019,Wayne,MI,Passenger,0,1,1,70,71,1.41
April 30 2019,Adams,WA,Truck,0,0,0,5105,5105,0.00
April 30 2019,Albemarle,VA,Passenger,1,0,1,26,27,3.70
April 30 2019,Anne Arundel,MD,Passenger,0,2,2,448,450,0.44
April 30 2019,Asotin,WA,Passenger,12,8,20,12660,12680,0.16
April 30 2019,Cochise,AZ,Passenger,0,1,1,116,117,0.85
April 30 2019,Douglas,NE,Passenger,0,1,1,63,64,1.56
April 30 2019,Franklin,MA,Passenger,0,1,1,1,2,50.00
April 30 2019,Frederick,MD,Passenger,1,1,2,78,80,2.50
April 30 2019,Grant,WA,Passenger,35,60,95,64386,64481,0.15
April 30 2019,Grays Harbor,WA,Truck,0,0,0,20395,20395,0.00
February 28 2019,Collin,TX,Passenger,1,1,2,139,141,1.42
February 28 2019,Columbia,WA,Truck,0,0,0,1525,1525,0.00
March 31 2019,Harris,TX,Passenger,0,1,1,250,251,0.40
March 31 2019,Hawaii,HI,Passenger,1,0,1,61,62,1.61
March 31 2019,Island,WA,Passenger,300,234,534,63125,63659,0.84
March 31 2019,Jackson,OK,Passenger,1,0,1,47,48,2.08
March 31 2019,San Juan,WA,Passenger,197,70,267,14290,14557,1.83
March 31 2019,Stevens,WA,Truck,0,0,0,18707,18707,0.00
March 31 2019,Ramsey,MN,Passenger,1,0,1,42,43,2.33
March 31 2019,San Diego,CA,Passenger,10,3,13,2661,2674,0.49
March 31 2019,San Francisco,CA,Passenger,2,1,3,111,114,2.63
March 31 2019,Sangamon,IL,Passenger,2,0,2,7,9,22.22
March 31 2019,Santa Rosa,FL,Passenger,1,0,1,88,89,1.12
March 31 2019,Skamania,WA,Passenger,21,15,36,8725,8761,0.41
March 31 2019,Skamania,WA,Truck,0,0,0,4017,4017,0.00
March 31 2019,St. Clair,IL,Passenger,0,1,1,164,165,0.61
March 31 2019,Tuolumne,CA,Passenger,0,1,1,12,13,7.69
March 31 2019,Volusia,FL,Passenger,0,1,1,36,37,2.70
March 31 2019,Walla Walla,WA,Passenger,44,56,100,36070,36170,0.28
March 31 2019,Walla Walla,WA,Truck,0,0,0,13553,13553,0.00
April 30 2019,Bergen,NJ,Passenger,1,0,1,26,27,3.70
April 30 2019,Bexar,TX,Passenger,3,4,7,677,684,1.02
April 30 2019,Caddo,LA,Passenger,0,1,1,24,25,4.00
April 30 2019,Lee,FL,Passenger,1,0,1,53,54,1.85
April 30 2019,Middlesex,MA,Passenger,1,1,2,118,120,1.67
March 31 2019,Lee,AL,Passenger,1,0,1,35,36,2.78
March 31 2019,Lee,FL,Passenger,1,0,1,52,53,1.89
March 31 2019,Lincoln,WA,Passenger,3,6,9,7735,7744,0.12
March 31 2019,Montgomery,PA,Passenger,2,0,2,37,39,5.13
March 31 2019,Okanogan,WA,Passenger,20,21,41,25906,25947,0.16
April 30 2019,Clark,NV,Passenger,3,2,5,692,697,0.72
April 30 2019,Clark,WA,Passenger,1415,896,2311,312593,314904,0.73
April 30 2019,District of Columbia,DC,Passenger,1,1,2,207,209,0.96
April 30 2019,Duval,FL,Passenger,1,2,3,385,388,0.77
April 30 2019,Fairfax,VA,Passenger,3,2,5,788,793,0.63
April 30 2019,Ferry,WA,Passenger,4,2,6,4371,4377,0.14
April 30 2019,Fresno,CA,Passenger,1,0,1,188,189,0.53
April 30 2019,Grant,WA,Truck,0,0,0,26430,26430,0.00
April 30 2019,Alexandria,VA,Passenger,1,0,1,155,156,0.64
April 30 2019,Allegheny,PA,Passenger,1,0,1,82,83,1.20
April 30 2019,Benton,WA,Truck,0,0,0,41654,41654,0.00
April 30 2019,Carson City,NV,Passenger,1,0,1,14,15,6.67
April 30 2019,Clallam,WA,Truck,0,0,0,21680,21680,0.00
February 28 2019,Franklin,WA,Truck,0,0,0,19116,19116,0.00
February 28 2019,Grays Harbor,WA,Truck,0,0,0,20315,20315,0.00
February 28 2019,Island,WA,Passenger,294,231,525,63177,63702,0.82
February 28 2019,Jackson,OK,Passenger,1,0,1,48,49,2.04
February 28 2019,Kern,CA,Passenger,0,1,1,235,236,0.42
April 30 2019,Howard,MD,Passenger,0,1,1,78,79,1.27
April 30 2019,Larimer,CO,Passenger,1,0,1,60,61,1.64
April 30 2019,Marion,OR,Passenger,1,0,1,115,116,0.86
March 31 2019,Mason,WA,Passenger,114,117,231,46716,46947,0.49
March 31 2019,Montgomery,TX,Passenger,2,0,2,61,63,3.17
March 31 2019,Nantucket,MA,Passenger,1,0,1,4,5,20.00
March 31 2019,Newport,RI,Passenger,1,0,1,97,98,1.02
March 31 2019,Pierce,WA,Passenger,1635,1457,3092,539474,542566,0.57
March 31 2019,Polk,FL,Passenger,1,0,1,65,66,1.52
March 31 2019,Portsmouth,VA,Passenger,0,1,1,76,77,1.30
March 31 2019,Owyhee,ID,Passenger,1,0,1,5,6,16.67
March 31 2019,Pend Oreille,WA,Passenger,5,5,10,9473,9483,0.11
March 31 2019,Penobscot,ME,Passenger,0,1,1,13,14,7.14
March 31 2019,San Juan,PR,Passenger,0,1,1,3,4,25.00
March 31 2019,Santa Clara,CA,Passenger,8,1,9,362,371,2.43
March 31 2019,Saratoga,NY,Passenger,1,0,1,58,59,1.69
March 31 2019,Twin Falls,ID,Passenger,0,1,1,21,22,4.55
March 31 2019,Vigo,IN,Passenger,1,0,1,5,6,16.67
April 30 2019,DuPage,IL,Passenger,1,0,1,61,62,1.61
April 30 2019,El Paso,CO,Passenger,3,2,5,767,772,0.65
April 30 2019,Garfield,WA,Passenger,1,1,2,1299,1301,0.15
April 30 2019,Garfield,WA,Truck,0,0,0,958,958,0.00
April 30 2019,Guadalupe,TX,Passenger,1,0,1,76,77,1.30
April 30 2019,Houston,GA,Passenger,1,0,1,54,55,1.82
April 30 2019,Jefferson,CO,Passenger,0,2,2,61,63,3.17
April 30 2019,King,WA,Passenger,18279,6871,25150,1384158,1409308,1.78
April 30 2019,Nantucket,MA,Passenger,1,0,1,3,4,25.00
April 30 2019,Norfolk,MA,Passenger,1,0,1,37,38,2.63
April 30 2019,Oldham,KY,Passenger,0,1,1,5,6,16.67
April 30 2019,Polk,FL,Passenger,1,0,1,65,66,1.52
April 30 2019,Monroe,IL,Passenger,1,0,1,4,5,20.00
April 30 2019,Monterey,CA,Passenger,0,1,1,191,192,0.52
April 30 2019,Moore,NC,Passenger,0,1,1,181,182,0.55
April 30 2019,Pend Oreille,WA,Passenger,4,5,9,9504,9513,0.09
April 30 2019,Pend Oreille,WA,Truck,0,0,0,5753,5753,0.00
April 30 2019,Pima,AZ,Passenger,1,1,2,401,403,0.50
April 30 2019,San Juan,PR,Passenger,0,1,1,3,4,25.00
April 30 2019,Skamania,WA,Passenger,21,16,37,8714,8751,0.42
March 31 2019,Whitman,WA,Passenger,27,41,68,22717,22785,0.30
March 31 2019,Yakima,WA,Passenger,89,102,191,164204,164395,0.12
March 31 2019,Yakima,WA,Truck,0,0,0,58745,58745,0.00
April 30 2019,,,Passenger,4,1,5,430,435,1.15
April 30 2019,Benton,WA,Passenger,248,263,511,133312,133823,0.38
April 30 2019,Brevard,FL,Passenger,0,1,1,84,85,1.18
April 30 2019,Collin,TX,Passenger,1,1,2,134,136,1.47
February 28 2019,Kittitas,WA,Truck,0,0,0,14258,14258,0.00
February 28 2019,Mason,WA,Passenger,109,117,226,46676,46902,0.48
February 28 2019,Middlesex,MA,Passenger,1,1,2,122,124,1.61
February 28 2019,Montgomery,TX,Passenger,2,0,2,61,63,3.17
February 28 2019,New London,CT,Passenger,0,2,2,249,251,0.80
February 28 2019,Newport,RI,Passenger,1,0,1,98,99,1.01
March 31 2019,Whatcom,WA,Passenger,792,386,1178,149753,150931,0.78
March 31 2019,Whitman,WA,Truck,0,0,0,8503,8503,0.00
March 31 2019,Williamson,TX,Passenger,0,1,1,147,148,0.68
April 30 2019,Kitsap,WA,Truck,1,0,1,53877,53878,0.00
April 30 2019,Manassas,VA,Passenger,0,1,1,8,9,11.11
April 30 2019,Contra Costa,CA,Passenger,2,2,4,394,398,1.01
April 30 2019,Cook,IL,Passenger,1,0,1,241,242,0.41
April 30 2019,Cumberland,NC,Passenger,0,2,2,510,512,0.39
April 30 2019,Douglas,WA,Passenger,55,34,89,27972,28061,0.32
April 30 2019,Goochland,VA,Passenger,1,1,2,248,250,0.80
April 30 2019,Grays Harbor,WA,Passenger,70,84,154,47666,47820,0.32
March 31 2019,Skagit,WA,Passenger,281,189,470,91331,91801,0.51
March 31 2019,Stevens,WA,Passenger,18,27,45,31634,31679,0.14
March 31 2019,Tulsa,OK,Passenger,1,1,2,47,49,4.08
March 31 2019,Wahkiakum,WA,Passenger,1,1,2,3009,3011,0.07
March 31 2019,Wahkiakum,WA,Truck,0,0,0,1725,1725,0.00
March 31 2019,Washoe,NV,Passenger,2,0,2,107,109,1.83
April 30 2019,Okanogan,WA,Truck,0,0,0,16478,16478,0.00
April 30 2019,Owyhee,ID,Passenger,1,0,1,5,6,16.67
April 30 2019,Penobscot,ME,Passenger,0,1,1,13,14,7.14
April 30 2019,Richland,SC,Passenger,0,1,1,164,165,0.61
April 30 2019,Shelby,TN,Passenger,0,1,1,94,95,1.05
April 30 2019,Columbia,WA,Truck,0,0,0,1531,1531,0.00
April 30 2019,Cowlitz,WA,Truck,0,0,0,28859,28859,0.00
April 30 2019,Dale,AL,Passenger,0,1,1,57,58,1.72
April 30 2019,Denver,CO,Passenger,1,0,1,131,132,0.76
April 30 2019,Deschutes,OR,Passenger,2,0,2,153,155,1.29
April 30 2019,Douglas,WA,Truck,0,0,0,12174,12174,0.00
April 30 2019,El Paso,TX,Passenger,3,0,3,490,493,0.61
April 30 2019,Whatcom,WA,Passenger,823,394,1217,150089,151306,0.80
April 30 2019,Yakima,WA,Passenger,93,103,196,164616,164812,0.12
May 31 2019,Adams,WA,Passenger,5,6,11,12714,12725,0.09
May 31 2019,Albemarle,VA,Passenger,1,0,1,25,26,3.85
May 31 2019,Anne Arundel,MD,Passenger,1,2,3,446,449,0.67
May 31 2019,Bergen,NJ,Passenger,1,0,1,27,28,3.57
May 31 2019,Berkshire,MA,Passenger,0,1,1,4,5,20.00
April 30 2019,San Mateo,CA,Passenger,2,1,3,122,125,2.40
April 30 2019,Stevens,WA,Passenger,19,27,46,31640,31686,0.15
April 30 2019,Sumter,FL,Passenger,0,1,1,10,11,9.09
April 30 2019,Thurston,WA,Truck,0,0,0,55018,55018,0.00
April 30 2019,Travis,TX,Passenger,2,1,3,196,199,1.51
April 30 2019,Wahkiakum,WA,Passenger,1,1,2,3015,3017,0.07
April 30 2019,Walla Walla,WA,Passenger,46,57,103,36140,36243,0.28
April 30 2019,Whitman,WA,Passenger,29,45,74,22713,22787,0.32
April 30 2019,Alameda,CA,Passenger,3,2,5,309,314,1.59
April 30 2019,Asotin,WA,Truck,0,0,0,6627,6627,0.00
April 30 2019,Berkshire,MA,Passenger,0,1,1,4,5,20.00
April 30 2019,Charles,MD,Passenger,0,1,1,83,84,1.19
April 30 2019,Clay,FL,Passenger,0,1,1,89,90,1.11
May 31 2019,Cape May,NJ,Passenger,0,1,1,15,16,6.25
May 31 2019,Clackamas,OR,Passenger,1,1,2,217,219,0.91
May 31 2019,DeKalb,IN,Passenger,1,0,1,1,2,50.00
April 30 2019,Virginia Beach,VA,Passenger,1,1,2,711,713,0.28
April 30 2019,Whitman,WA,Truck,0,0,0,8518,8518,0.00
April 30 2019,Williamson,TX,Passenger,0,1,1,144,145,0.69
May 31 2019,Allegheny,PA,Passenger,1,0,1,81,82,1.22
February 28 2019,Pacific,WA,Truck,0,0,0,7635,7635,0.00
February 28 2019,Pend Oreille,WA,Truck,0,0,0,5738,5738,0.00
February 28 2019,Pierce,WA,Passenger,1611,1428,3039,538956,541995,0.56
February 28 2019,Portsmouth,VA,Passenger,0,1,1,80,81,1.23
February 28 2019,Ramsey,MN,Passenger,1,0,1,39,40,2.50
February 28 2019,San Juan,WA,Truck,0,0,0,5800,5800,0.00
February 28 2019,Santa Fe,NM,Passenger,0,1,1,41,42,2.38
February 28 2019,Santa Rosa,FL,Passenger,1,0,1,90,91,1.10
February 28 2019,Skagit,WA,Passenger,278,187,465,91212,91677,0.51
April 30 2019,DeKalb,GA,Passenger,1,0,1,80,81,1.23
April 30 2019,Franklin,WA,Truck,0,0,0,19219,19219,0.00
April 30 2019,Chelan,WA,Truck,0,0,0,22171,22171,0.00
April 30 2019,Clackamas,OR,Passenger,1,1,2,211,213,0.94
April 30 2019,Columbia,WA,Passenger,2,2,4,2441,2445,0.16
April 30 2019,Cowlitz,WA,Passenger,89,101,190,72748,72938,0.26
April 30 2019,Ferry,WA,Truck,0,0,0,3593,3593,0.00
April 30 2019,Flathead,MT,Passenger,1,0,1,60,61,1.64
April 30 2019,Franklin,WA,Passenger,53,67,120,59468,59588,0.20
April 30 2019,Jefferson,WA,Passenger,187,118,305,24903,25208,1.21
April 30 2019,Klickitat,WA,Truck,0,0,0,8222,8222,0.00
April 30 2019,Lake,FL,Passenger,1,0,1,20,21,4.76
April 30 2019,Lumpkin,GA,Passenger,1,0,1,6,7,14.29
April 30 2019,Harris,TX,Passenger,0,1,1,246,247,0.40
April 30 2019,Hennepin,MN,Passenger,2,0,2,102,104,1.92
April 30 2019,Kittitas,WA,Passenger,71,35,106,29492,29598,0.36
April 30 2019,Lee,AL,Passenger,1,0,1,35,36,2.78
April 30 2019,Lewis,WA,Truck,0,0,0,25831,25831,0.00
April 30 2019,Los Angeles,CA,Passenger,8,5,13,1092,1105,1.18
April 30 2019,Maricopa,AZ,Passenger,6,3,9,1535,1544,0.58
April 30 2019,Mason,WA,Passenger,117,118,235,46867,47102,0.50
April 30 2019,Maui,HI,Passenger,1,0,1,46,47,2.13
May 31 2019,Adams,WA,Truck,0,0,0,5128,5128,0.00
May 31 2019,Asotin,WA,Passenger,12,8,20,12676,12696,0.16
May 31 2019,Broward,FL,Passenger,2,1,3,125,128,2.34
May 31 2019,Camden,NJ,Passenger,0,1,1,23,24,4.17
February 28 2019,Valencia,NM,Passenger,1,0,1,9,10,10.00
February 28 2019,Ventura,CA,Passenger,0,2,2,316,318,0.63
February 28 2019,Volusia,FL,Passenger,0,1,1,37,38,2.63
February 28 2019,Washington,OR,Passenger,0,1,1,464,465,0.22
February 28 2019,Yakima,WA,Passenger,86,101,187,164465,164652,0.11
March 31 2019,Albemarle,VA,Passenger,1,0,1,24,25,4.00
March 31 2019,Benton,WA,Passenger,236,251,487,132995,133482,0.36
May 31 2019,Ferry,WA,Truck,0,0,0,3590,3590,0.00
May 31 2019,Franklin,WA,Passenger,52,70,122,59787,59909,0.20
May 31 2019,Harnett,NC,Passenger,1,1,2,219,221,0.90
May 31 2019,Honolulu,HI,Passenger,2,3,5,507,512,0.98
May 31 2019,Howard,MD,Passenger,0,1,1,77,78,1.28
May 31 2019,Jefferson,CO,Passenger,0,2,2,60,62,3.23
May 31 2019,Kitsap,WA,Passenger,1035,588,1623,180693,182316,0.89
May 31 2019,Klamath,OR,Passenger,1,0,1,36,37,2.70
May 31 2019,Douglas,WA,Truck,0,0,0,12180,12180,0.00
May 31 2019,DuPage,IL,Passenger,1,0,1,63,64,1.56
May 31 2019,El Paso,CO,Passenger,2,1,3,756,759,0.40
May 31 2019,Franklin,MA,Passenger,0,1,1,1,2,50.00
April 30 2019,Harnett,NC,Passenger,1,1,2,217,219,0.91
April 30 2019,Hawaii,HI,Passenger,1,0,1,61,62,1.61
April 30 2019,Honolulu,HI,Passenger,2,3,5,510,515,0.97
April 30 2019,Island,WA,Passenger,310,241,551,63254,63805,0.86
April 30 2019,Jefferson,WA,Truck,0,0,0,9653,9653,0.00
April 30 2019,Klamath,OR,Passenger,1,0,1,36,37,2.70
April 30 2019,Klickitat,WA,Passenger,33,33,66,15505,15571,0.42
April 30 2019,Pacific,WA,Passenger,23,28,51,15927,15978,0.32
April 30 2019,Pacific,WA,Truck,0,0,0,7661,7661,0.00
April 30 2019,Palm Beach,FL,Passenger,0,1,1,88,89,1.12
April 30 2019,Pinal,AZ,Passenger,2,0,2,198,200,1.00
April 30 2019,Prince William,VA,Passenger,1,4,5,257,262,1.91
April 30 2019,Richmond,GA,Passenger,0,1,1,97,98,1.02
April 30 2019,Rogers,OK,Passenger,1,0,1,5,6,16.67
April 30 2019,Shasta,CA,Passenger,1,0,1,40,41,2.44
May 31 2019,Carroll,NH,Passenger,0,1,1,3,4,25.00
May 31 2019,Carson City,NV,Passenger,1,0,1,13,14,7.14
May 31 2019,Clark,WA,Passenger,1476,913,2389,313266,315655,0.76
May 31 2019,Columbia,WA,Passenger,2,2,4,2443,2447,0.16
May 31 2019,Cumberland,NC,Passenger,0,2,2,505,507,0.39
May 31 2019,District of Columbia,DC,Passenger,1,1,2,207,209,0.96
May 31 2019,Douglas,NE,Passenger,0,1,1,63,64,1.56
May 31 2019,Fairfax,VA,Passenger,3,2,5,786,791,0.63
April 30 2019,Montgomery,MD,Passenger,1,0,1,274,275,0.36
April 30 2019,Multnomah,OR,Passenger,4,5,9,751,760,1.18
April 30 2019,Nassau,NY,Passenger,3,0,3,40,43,6.98
April 30 2019,Newport,RI,Passenger,1,0,1,93,94,1.06
April 30 2019,Okanogan,WA,Passenger,20,22,42,26020,26062,0.16
April 30 2019,Ramsey,MN,Passenger,1,0,1,43,44,2.27
April 30 2019,Kern,CA,Passenger,0,1,1,227,228,0.44
April 30 2019,King,WA,Truck,5,1,6,181828,181834,0.00
April 30 2019,Kitsap,WA,Passenger,1008,575,1583,180203,181786,0.87
April 30 2019,Kittitas,WA,Truck,0,0,0,14294,14294,0.00
April 30 2019,Lincoln,WA,Passenger,3,6,9,7758,7767,0.12
April 30 2019,Montgomery,PA,Passenger,2,0,2,38,40,5.00
May 31 2019,Lincoln,WA,Truck,0,0,0,4695,4695,0.00
May 31 2019,Montgomery,AL,Passenger,0,1,1,45,46,2.17
May 31 2019,Oklahoma,OK,Passenger,0,1,1,120,121,0.83
May 31 2019,Orange,CA,Passenger,6,1,7,533,540,1.30
April 30 2019,St. Lucie,FL,Passenger,1,0,1,30,31,3.23
April 30 2019,Stevens,WA,Truck,0,0,0,18681,18681,0.00
April 30 2019,Suffolk,MA,Passenger,0,1,1,40,41,2.44
April 30 2019,Tarrant,TX,Passenger,2,0,2,200,202,0.99
May 31 2019,Ada,ID,Passenger,0,2,2,310,312,0.64
March 31 2019,Bergen,NJ,Passenger,1,0,1,25,26,3.85
March 31 2019,Bexar,TX,Passenger,3,4,7,683,690,1.01
March 31 2019,Caddo,LA,Passenger,0,1,1,24,25,4.00
March 31 2019,Cochise,AZ,Passenger,0,1,1,115,116,0.86
March 31 2019,Cowlitz,WA,Truck,0,0,0,28789,28789,0.00
March 31 2019,DeKalb,IN,Passenger,1,0,1,1,2,50.00
April 30 2019,Pierce,WA,Passenger,1692,1486,3178,540961,544139,0.58
April 30 2019,Portsmouth,VA,Passenger,0,1,1,75,76,1.32
April 30 2019,Prince George's,MD,Passenger,1,1,2,184,186,1.08
April 30 2019,Randolph,NC,Passenger,1,0,1,6,7,14.29
May 31 2019,Juneau,AK,Passenger,0,2,2,31,33,6.06
May 31 2019,Kent,MI,Passenger,0,1,1,21,22,4.55
May 31 2019,Kitsap,WA,Truck,1,0,1,54022,54023,0.00
May 31 2019,Lake,FL,Passenger,1,0,1,20,21,4.76
May 31 2019,Lewis,WA,Passenger,97,93,190,59034,59224,0.32
May 31 2019,Lumpkin,GA,Passenger,1,0,1,4,5,20.00
May 31 2019,Calvert,MD,Passenger,0,2,2,88,90,2.22
May 31 2019,DeKalb,GA,Passenger,1,0,1,79,80,1.25
May 31 2019,New Haven,CT,Passenger,0,2,2,48,50,4.00
May 31 2019,Nueces,TX,Passenger,1,1,2,98,100,2.00
May 31 2019,Owyhee,ID,Passenger,1,0,1,5,6,16.67
May 31 2019,Palm Beach,FL,Passenger,0,1,1,85,86,1.16
May 31 2019,Rogers,OK,Passenger,1,0,1,5,6,16.67
May 31 2019,San Juan,PR,Passenger,0,1,1,3,4,25.00
May 31 2019,Fresno,CA,Passenger,1,0,1,189,190,0.53
May 31 2019,Grays Harbor,WA,Passenger,73,84,157,47839,47996,0.33
May 31 2019,Klickitat,WA,Passenger,35,33,68,15548,15616,0.44
May 31 2019,Klickitat,WA,Truck,0,0,0,8237,8237,0.00
May 31 2019,Lewis,WA,Truck,0,0,0,25919,25919,0.00
April 30 2019,Montgomery,TX,Passenger,2,0,2,60,62,3.23
April 30 2019,New London,CT,Passenger,0,2,2,254,256,0.78
April 30 2019,Orange,CA,Passenger,6,1,7,535,542,1.29
April 30 2019,Riverside,CA,Passenger,2,2,4,664,668,0.60
April 30 2019,San Juan,WA,Truck,0,0,0,5835,5835,0.00
April 30 2019,Santa Fe,NM,Passenger,0,1,1,40,41,2.44
May 31 2019,Richland,SC,Passenger,0,1,1,162,163,0.61
May 31 2019,Riverside,CA,Passenger,2,2,4,658,662,0.60
May 31 2019,San Juan,WA,Passenger,207,71,278,14357,14635,1.90
May 31 2019,Sedgwick,KS,Passenger,0,1,1,102,103,0.97
May 31 2019,Solano,CA,Passenger,1,0,1,218,219,0.46
May 31 2019,Sumter,FL,Passenger,0,1,1,10,11,9.09
April 30 2019,San Diego,CA,Passenger,10,3,13,2665,2678,0.49
April 30 2019,San Francisco,CA,Passenger,2,1,3,111,114,2.63
April 30 2019,Sangamon,IL,Passenger,2,0,2,7,9,22.22
April 30 2019,Santa Clara,CA,Passenger,8,1,9,363,372,2.42
April 30 2019,Santa Rosa,FL,Passenger,1,0,1,88,89,1.12
April 30 2019,Saratoga,NY,Passenger,1,0,1,58,59,1.69
April 30 2019,Skamania,WA,Truck,0,0,0,4040,4040,0.00
April 30 2019,Snohomish,WA,Truck,1,0,1,122015,122016,0.00
April 30 2019,Tuolumne,CA,Passenger,0,1,1,12,13,7.69
April 30 2019,Twin Falls,ID,Passenger,0,1,1,22,23,4.35
April 30 2019,Vigo,IN,Passenger,1,0,1,5,6,16.67
April 30 2019,Volusia,FL,Passenger,0,1,1,36,37,2.70
April 30 2019,Wahkiakum,WA,Truck,0,0,0,1733,1733,0.00
April 30 2019,Walla Walla,WA,Truck,0,0,0,13604,13604,0.00
April 30 2019,Washoe,NV,Passenger,2,0,2,110,112,1.79
April 30 2019,Washtenaw,MI,Passenger,1,0,1,37,38,2.63
April 30 2019,Wayne,MI,Passenger,0,1,1,71,72,1.39
May 31 2019,Ferry,WA,Passenger,5,2,7,4381,4388,0.16
May 31 2019,Garfield,WA,Truck,0,0,0,954,954,0.00
May 31 2019,Guadalupe,TX,Passenger,1,0,1,75,76,1.32
May 31 2019,Hennepin,MN,Passenger,2,0,2,102,104,1.92
May 31 2019,Houston,GA,Passenger,1,0,1,54,55,1.82
March 31 2019,Frederick,MD,Passenger,1,1,2,81,83,2.41
March 31 2019,Fulton,GA,Passenger,1,2,3,110,113,2.65
March 31 2019,Garfield,WA,Passenger,1,1,2,1311,1313,0.15
March 31 2019,Grant,WA,Passenger,34,55,89,64214,64303,0.14
March 31 2019,Houston,GA,Passenger,1,0,1,55,56,1.79
March 31 2019,Island,WA,Truck,0,0,0,21187,21187,0.00
April 30 2019,Tulsa,OK,Passenger,1,1,2,46,48,4.17
April 30 2019,Valencia,NM,Passenger,1,0,1,8,9,11.11
April 30 2019,Ventura,CA,Passenger,0,2,2,316,318,0.63
May 31 2019,Thurston,WA,Truck,0,0,0,55079,55079,0.00
June 30 2019,Alexandria,VA,Passenger,1,0,1,148,149,0.67
May 31 2019,Snohomish,WA,Passenger,3372,1572,4944,530343,535287,0.92
May 31 2019,Spokane,WA,Passenger,529,422,951,310931,311882,0.30
May 31 2019,St. Clair,IL,Passenger,0,1,1,161,162,0.62
May 31 2019,,,Passenger,4,1,5,427,432,1.16
May 31 2019,Asotin,WA,Truck,0,0,0,6650,6650,0.00
May 31 2019,Clallam,WA,Truck,0,0,0,21745,21745,0.00
April 30 2019,San Joaquin,CA,Passenger,1,0,1,133,134,0.75
April 30 2019,San Juan,WA,Passenger,204,69,273,14332,14605,1.87
April 30 2019,Sedgwick,KS,Passenger,0,1,1,102,103,0.97
April 30 2019,Skagit,WA,Passenger,292,197,489,91541,92030,0.53
April 30 2019,Spokane,WA,Truck,1,0,1,94386,94387,0.00
April 30 2019,St. Mary's,MD,Passenger,1,0,1,213,214,0.47
April 30 2019,Thurston,WA,Passenger,821,613,1434,196791,198225,0.72
March 31 2019,Jefferson,NY,Passenger,0,2,2,227,229,0.87
March 31 2019,King,WA,Passenger,17680,6779,24459,1381439,1405898,1.74
March 31 2019,Kootenai,ID,Passenger,1,1,2,212,214,0.93
March 31 2019,Lincoln,WA,Truck,0,0,0,4683,4683,0.00
March 31 2019,Manassas,VA,Passenger,0,1,1,9,10,10.00
March 31 2019,Mason,WA,Truck,0,0,0,20274,20274,0.00
March 31 2019,Monterey,CA,Passenger,0,1,1,193,194,0.52
March 31 2019,Montgomery,AL,Passenger,0,1,1,45,46,2.17
May 31 2019,Los Angeles,CA,Passenger,8,5,13,1095,1108,1.17
May 31 2019,Maricopa,AZ,Passenger,6,3,9,1534,1543,0.58
May 31 2019,Monroe,IL,Passenger,1,0,1,5,6,16.67
May 31 2019,Moore,NC,Passenger,0,1,1,186,187,0.53
May 31 2019,Pacific,WA,Passenger,24,28,52,15957,16009,0.32
May 31 2019,Pend Oreille,WA,Passenger,4,5,9,9536,9545,0.09
May 31 2019,Pima,AZ,Passenger,0,1,1,400,401,0.25
May 31 2019,Polk,FL,Passenger,1,0,1,66,67,1.49
May 31 2019,Randolph,NC,Passenger,1,0,1,6,7,14.29
June 30 2019,Contra Costa,CA,Passenger,2,2,4,391,395,1.01
June 30 2019,Cook,IL,Passenger,1,0,1,241,242,0.41
June 30 2019,Dallas,TX,Passenger,1,0,1,206,207,0.48
June 30 2019,Douglas,WA,Passenger,57,37,94,28033,28127,0.33
May 31 2019,Alexandria,VA,Passenger,1,0,1,148,149,0.67
May 31 2019,Bexar,TX,Passenger,3,5,8,671,679,1.18
May 31 2019,Caddo,LA,Passenger,0,1,1,25,26,3.85
May 31 2019,King,WA,Passenger,18618,6948,25566,1387369,1412935,1.81
May 31 2019,Kittitas,WA,Passenger,72,35,107,29557,29664,0.36
May 31 2019,Larimer,CO,Passenger,1,0,1,60,61,1.64
May 31 2019,Lee,AL,Passenger,1,0,1,34,35,2.86
May 31 2019,Lincoln,WA,Passenger,3,8,11,7774,7785,0.14
May 31 2019,Marion,OR,Passenger,1,0,1,114,115,0.87
May 31 2019,Mecklenburg,NC,Passenger,1,0,1,82,83,1.20
May 31 2019,Montgomery,PA,Passenger,2,0,2,37,39,5.13
May 31 2019,Multnomah,OR,Passenger,5,5,10,748,758,1.32
May 31 2019,Nassau,NY,Passenger,3,0,3,38,41,7.32
May 31 2019,Collin,TX,Passenger,1,1,2,132,134,1.49
May 31 2019,Columbia,WA,Truck,0,0,0,1532,1532,0.00
May 31 2019,Deschutes,OR,Passenger,2,0,2,157,159,1.26
May 31 2019,Franklin,WA,Truck,0,0,0,19252,19252,0.00
May 31 2019,Garfield,WA,Passenger,1,1,2,1294,1296,0.15
June 30 2019,Adams,WA,Truck,0,0,0,5129,5129,0.00
June 30 2019,Anne Arundel,MD,Passenger,1,2,3,440,443,0.68
June 30 2019,Benton,WA,Truck,0,0,0,41913,41913,0.00
June 30 2019,Chelan,WA,Truck,0,0,0,22281,22281,0.00
June 30 2019,Clark,WA,Truck,0,0,0,80336,80336,0.00
June 30 2019,Denver,CO,Passenger,1,0,1,134,135,0.74
March 31 2019,Okanogan,WA,Truck,0,0,0,16439,16439,0.00
March 31 2019,Pierce,WA,Truck,0,0,0,138999,138999,0.00
March 31 2019,Richmond,GA,Passenger,0,1,1,97,98,1.02
March 31 2019,Shasta,CA,Passenger,1,0,1,41,42,2.38
May 31 2019,Benton,WA,Passenger,253,272,525,133641,134166,0.39
May 31 2019,Benton,WA,Truck,0,0,0,41849,41849,0.00
May 31 2019,Cascade,MT,Passenger,0,1,1,60,61,1.64
May 31 2019,Chelan,WA,Truck,0,0,0,22241,22241,0.00
May 31 2019,Clark,WA,Truck,0,0,0,80191,80191,0.00
May 31 2019,Cowlitz,WA,Passenger,95,107,202,72911,73113,0.28
May 31 2019,Cowlitz,WA,Truck,0,0,0,28850,28850,0.00
May 31 2019,Dakota,MN,Passenger,0,2,2,37,39,5.13
June 30 2019,Frederick,MD,Passenger,1,1,2,79,81,2.47
June 30 2019,Grant,WA,Passenger,41,61,102,64710,64812,0.16
June 30 2019,Grant,WA,Truck,0,0,0,26631,26631,0.00
June 30 2019,Juneau,AK,Passenger,0,2,2,30,32,6.25
May 31 2019,Jefferson,WA,Truck,0,0,0,9670,9670,0.00
May 31 2019,Kern,CA,Passenger,0,1,1,226,227,0.44
May 31 2019,Norfolk,MA,Passenger,1,0,1,35,36,2.78
May 31 2019,Okanogan,WA,Passenger,21,23,44,26072,26116,0.17
May 31 2019,Oldham,KY,Passenger,0,1,1,5,6,16.67
May 31 2019,Penobscot,ME,Passenger,0,1,1,13,14,7.14
May 31 2019,San Francisco,CA,Passenger,2,1,3,107,110,2.73
May 31 2019,Santa Clara,CA,Passenger,7,1,8,367,375,2.13
May 31 2019,Shelby,TN,Passenger,0,1,1,93,94,1.06
May 31 2019,Skamania,WA,Truck,0,0,0,4053,4053,0.00
June 30 2019,Lee,FL,Passenger,1,0,1,52,53,1.89
June 30 2019,Marion,OR,Passenger,1,0,1,117,118,0.85
June 30 2019,Maui,HI,Passenger,1,0,1,44,45,2.22
June 30 2019,Montgomery,MD,Passenger,1,0,1,279,280,0.36
June 30 2019,Multnomah,OR,Passenger,5,5,10,738,748,1.34
June 30 2019,New Haven,CT,Passenger,0,2,2,48,50,4.00
June 30 2019,Oldham,KY,Passenger,0,1,1,5,6,16.67
May 31 2019,San Joaquin,CA,Passenger,1,0,1,131,132,0.76
May 31 2019,San Mateo,CA,Passenger,2,1,3,124,127,2.36
May 31 2019,Snohomish,WA,Truck,1,0,1,122078,122079,0.00
May 31 2019,Spokane,WA,Truck,1,0,1,94611,94612,0.00
May 31 2019,St. Lucie,FL,Passenger,1,0,1,29,30,3.33
May 31 2019,Stevens,WA,Passenger,20,29,49,31680,31729,0.15
May 31 2019,Whatcom,WA,Passenger,837,413,1250,150447,151697,0.82
May 31 2019,Cochise,AZ,Passenger,0,1,1,113,114,0.88
May 31 2019,Contra Costa,CA,Passenger,2,2,4,387,391,1.02
May 31 2019,Cook,IL,Passenger,1,0,1,242,243,0.41
May 31 2019,Dallas,TX,Passenger,1,0,1,207,208,0.48
May 31 2019,Douglas,WA,Passenger,56,36,92,28005,28097,0.33
May 31 2019,Frederick,MD,Passenger,1,1,2,80,82,2.44
May 31 2019,Grant,WA,Passenger,39,59,98,64566,64664,0.15
May 31 2019,Grays Harbor,WA,Truck,0,0,0,20457,20457,0.00
June 30 2019,El Paso,TX,Passenger,3,0,3,485,488,0.61
June 30 2019,Franklin,MA,Passenger,0,1,1,1,2,50.00
June 30 2019,Garfield,WA,Truck,0,0,0,964,964,0.00
June 30 2019,Goochland,VA,Passenger,1,1,2,254,256,0.78
June 30 2019,Guadalupe,TX,Passenger,1,0,1,73,74,1.35
June 30 2019,Harnett,NC,Passenger,1,1,2,220,222,0.90
June 30 2019,Honolulu,HI,Passenger,3,3,6,508,514,1.17
June 30 2019,Jefferson,CO,Passenger,0,2,2,59,61,3.28
March 31 2019,Shelby,TN,Passenger,0,1,1,96,97,1.03
March 31 2019,Skagit,WA,Truck,1,0,1,32257,32258,0.00
March 31 2019,Spartanburg,SC,Passenger,0,1,1,33,34,2.94
March 31 2019,Suffolk,MA,Passenger,0,1,1,41,42,2.38
March 31 2019,Tarrant,TX,Passenger,2,0,2,200,202,0.99
March 31 2019,Virginia Beach,VA,Passenger,1,1,2,707,709,0.28
March 31 2019,Whatcom,WA,Truck,2,0,2,42725,42727,0.00
April 30 2019,Ada,ID,Passenger,0,2,2,310,312,0.64
May 31 2019,Denver,CO,Passenger,1,0,1,132,133,0.75
May 31 2019,El Paso,TX,Passenger,3,0,3,485,488,0.61
May 31 2019,Flathead,MT,Passenger,1,0,1,61,62,1.61
May 31 2019,Fulton,GA,Passenger,1,2,3,107,110,2.73
May 31 2019,Goochland,VA,Passenger,1,1,2,254,256,0.78
May 31 2019,Harris,TX,Passenger,0,1,1,243,244,0.41
May 31 2019,Hawaii,HI,Passenger,1,0,1,62,63,1.59
May 31 2019,Island,WA,Truck,0,0,0,21243,21243,0.00
May 31 2019,Jefferson,NY,Passenger,0,2,2,220,222,0.90
May 31 2019,Manassas,VA,Passenger,0,1,1,8,9,11.11
May 31 2019,Mason,WA,Passenger,121,120,241,47015,47256,0.51
May 31 2019,Montgomery,TX,Passenger,2,0,2,59,61,3.28
May 31 2019,New London,CT,Passenger,0,2,2,252,254,0.79
May 31 2019,Newport,RI,Passenger,1,0,1,92,93,1.08
May 31 2019,Pacific,WA,Truck,0,0,0,7662,7662,0.00
April 30 2019,Broward,FL,Passenger,2,1,3,128,131,2.29
April 30 2019,Calvert,MD,Passenger,0,2,2,86,88,2.27
April 30 2019,Camden,NJ,Passenger,0,1,1,25,26,3.85
April 30 2019,Cascade,MT,Passenger,0,1,1,59,60,1.67
April 30 2019,Dakota,MN,Passenger,0,2,2,36,38,5.26
April 30 2019,DeKalb,IN,Passenger,1,0,1,1,2,50.00
June 30 2019,Lake,FL,Passenger,1,0,1,20,21,4.76
June 30 2019,Nassau,NY,Passenger,4,0,4,38,42,9.52
June 30 2019,Okanogan,WA,Passenger,22,25,47,26077,26124,0.18
June 30 2019,Oklahoma,OK,Passenger,0,1,1,124,125,0.80
May 31 2019,Island,WA,Passenger,315,234,549,63343,63892,0.86
May 31 2019,Kittitas,WA,Truck,0,0,0,14375,14375,0.00
June 30 2019,Pend Oreille,WA,Truck,0,0,0,5732,5732,0.00
June 30 2019,Placer,CA,Passenger,1,0,1,104,105,0.95
June 30 2019,RÃ­o Grande,PR,Passenger,1,0,1,1,2,50.00
June 30 2019,Ramsey,MN,Passenger,1,0,1,43,44,2.27
June 30 2019,San Diego,CA,Passenger,10,3,13,2699,2712,0.48
June 30 2019,San Francisco,CA,Passenger,2,1,3,105,108,2.78
June 30 2019,Sangamon,IL,Passenger,1,0,1,6,7,14.29
June 30 2019,Santa Rosa,FL,Passenger,1,0,1,89,90,1.11
June 30 2019,Skamania,WA,Passenger,23,18,41,8727,8768,0.47
June 30 2019,Skamania,WA,Truck,0,0,0,4063,4063,0.00
June 30 2019,St. Clair,IL,Passenger,0,1,1,165,166,0.60
May 31 2019,Kootenai,ID,Passenger,1,1,2,217,219,0.91
May 31 2019,Manatee,FL,Passenger,1,0,1,31,32,3.12
May 31 2019,Mason,WA,Truck,0,0,0,20364,20364,0.00
May 31 2019,Monterey,CA,Passenger,0,1,1,192,193,0.52
May 31 2019,Norfolk,VA,Passenger,2,2,4,352,356,1.12
June 30 2019,Penobscot,ME,Passenger,0,1,1,12,13,7.69
June 30 2019,Pinellas,FL,Passenger,1,0,1,113,114,0.88
June 30 2019,Richland,SC,Passenger,0,1,1,163,164,0.61
June 30 2019,Saratoga,NY,Passenger,1,0,1,54,55,1.82
June 30 2019,Stevens,WA,Truck,0,0,0,18656,18656,0.00
June 30 2019,Twin Falls,ID,Passenger,0,1,1,23,24,4.17
June 30 2019,Vigo,IN,Passenger,1,0,1,6,7,14.29
May 31 2019,Travis,TX,Passenger,2,1,3,201,204,1.47
May 31 2019,Tuolumne,CA,Passenger,0,1,1,12,13,7.69
May 31 2019,Virginia Beach,VA,Passenger,1,1,2,718,720,0.28
May 31 2019,Walla Walla,WA,Truck,0,0,0,13614,13614,0.00
May 31 2019,Whitman,WA,Passenger,31,45,76,22712,22788,0.33
May 31 2019,Whitman,WA,Truck,0,0,0,8550,8550,0.00
May 31 2019,Williamson,TX,Passenger,0,1,1,143,144,0.69
May 31 2019,Wilson,TX,Passenger,0,1,1,6,7,14.29
May 31 2019,Yakima,WA,Truck,0,0,0,59083,59083,0.00
June 30 2019,,,Passenger,4,1,5,430,435,1.15
June 30 2019,Alameda,CA,Passenger,4,2,6,304,310,1.94
June 30 2019,Arlington,VA,Passenger,0,2,2,158,160,1.25
June 30 2019,Caddo,LA,Passenger,0,1,1,23,24,4.17
June 30 2019,Charles,MD,Passenger,0,1,1,88,89,1.12
June 30 2019,Charleston,SC,Passenger,1,0,1,118,119,0.84
June 30 2019,Chelan,WA,Passenger,157,68,225,54353,54578,0.41
June 30 2019,Clallam,WA,Passenger,173,141,314,50508,50822,0.62
June 30 2019,Clallam,WA,Truck,1,0,1,21739,21740,0.00
June 30 2019,Clay,FL,Passenger,0,1,1,89,90,1.11
April 30 2019,Fulton,GA,Passenger,1,2,3,112,115,2.61
April 30 2019,Island,WA,Truck,0,0,0,21247,21247,0.00
April 30 2019,Jefferson,NY,Passenger,0,2,2,223,225,0.89
April 30 2019,Juneau,AK,Passenger,0,2,2,32,34,5.88
April 30 2019,Kent,MI,Passenger,0,1,1,22,23,4.35
April 30 2019,Kootenai,ID,Passenger,1,1,2,215,217,0.92
May 31 2019,Saginaw,MI,Passenger,1,0,1,10,11,9.09
May 31 2019,San Juan,WA,Truck,0,0,0,5851,5851,0.00
May 31 2019,Santa Fe,NM,Passenger,0,1,1,40,41,2.44
May 31 2019,St. Mary's,MD,Passenger,1,0,1,214,215,0.47
May 31 2019,Thurston,WA,Passenger,844,630,1474,197159,198633,0.74
May 31 2019,Valencia,NM,Passenger,1,0,1,7,8,12.50
May 31 2019,Washtenaw,MI,Passenger,1,0,1,38,39,2.56
May 31 2019,Wayne,MI,Passenger,0,1,1,70,71,1.41
June 30 2019,Fairfax,VA,Passenger,3,2,5,779,784,0.64
June 30 2019,Ada,ID,Passenger,0,2,2,308,310,0.65
June 30 2019,Bexar,TX,Passenger,3,5,8,663,671,1.19
June 30 2019,Calvert,MD,Passenger,0,2,2,87,89,2.25
May 31 2019,Maui,HI,Passenger,1,0,1,45,46,2.17
May 31 2019,Middlesex,MA,Passenger,1,1,2,119,121,1.65
May 31 2019,Montgomery,MD,Passenger,1,0,1,279,280,0.36
May 31 2019,Okanogan,WA,Truck,0,0,0,16505,16505,0.00
May 31 2019,Pend Oreille,WA,Truck,0,0,0,5743,5743,0.00
May 31 2019,Pierce,WA,Passenger,1752,1520,3272,542099,545371,0.60
May 31 2019,Placer,CA,Passenger,1,0,1,106,107,0.93
May 31 2019,Portsmouth,VA,Passenger,0,1,1,74,75,1.33
May 31 2019,Prince George's,MD,Passenger,1,1,2,179,181,1.10
June 30 2019,Wahkiakum,WA,Truck,0,0,0,1755,1755,0.00
June 30 2019,Walla Walla,WA,Truck,0,0,0,13594,13594,0.00
June 30 2019,Washoe,NV,Passenger,2,0,2,114,116,1.72
June 30 2019,Whitman,WA,Truck,0,0,0,8585,8585,0.00
June 30 2019,Williamson,TX,Passenger,0,1,1,143,144,0.69
July 31 2019,Allegheny,PA,Passenger,1,0,1,76,77,1.30
June 30 2019,Bucks,PA,Passenger,1,0,1,19,20,5.00
June 30 2019,Camden,NJ,Passenger,0,1,1,24,25,4.00
June 30 2019,Cape May,NJ,Passenger,0,1,1,15,16,6.25
June 30 2019,Clark,NV,Passenger,3,2,5,693,698,0.72
June 30 2019,Collin,TX,Passenger,1,1,2,131,133,1.50
June 30 2019,Dale,AL,Passenger,0,1,1,61,62,1.61
June 30 2019,Deschutes,OR,Passenger,2,0,2,155,157,1.27
June 30 2019,Douglas,WA,Truck,0,0,0,12181,12181,0.00
June 30 2019,Duval,FL,Passenger,1,2,3,376,379,0.79
May 31 2019,Pierce,WA,Truck,0,0,0,139638,139638,0.00
May 31 2019,Pinellas,FL,Passenger,1,0,1,112,113,0.88
May 31 2019,Richmond,GA,Passenger,0,1,1,97,98,1.02
May 31 2019,Santa Cruz,CA,Passenger,1,0,1,40,41,2.44
May 31 2019,Saratoga,NY,Passenger,1,0,1,55,56,1.79
May 31 2019,Shasta,CA,Passenger,1,0,1,42,43,2.33
May 31 2019,Skagit,WA,Truck,1,0,1,32419,32420,0.00
May 31 2019,Spartanburg,SC,Passenger,0,1,1,35,36,2.78
May 31 2019,Stevens,WA,Truck,0,0,0,18675,18675,0.00
May 31 2019,Suffolk,MA,Passenger,0,1,1,39,40,2.50
May 31 2019,Tarrant,TX,Passenger,2,0,2,203,205,0.98
May 31 2019,Twin Falls,ID,Passenger,0,1,1,22,23,4.35
April 30 2019,Lewis,WA,Passenger,95,91,186,58821,59007,0.32
April 30 2019,Lincoln,WA,Truck,0,0,0,4700,4700,0.00
April 30 2019,Manatee,FL,Passenger,1,0,1,32,33,3.03
April 30 2019,Mason,WA,Truck,0,0,0,20326,20326,0.00
April 30 2019,Mecklenburg,NC,Passenger,1,0,1,83,84,1.19
April 30 2019,Montgomery,AL,Passenger,0,1,1,46,47,2.13
April 30 2019,New Haven,CT,Passenger,0,2,2,49,51,3.92
April 30 2019,Norfolk,VA,Passenger,2,2,4,358,362,1.10
April 30 2019,Nueces,TX,Passenger,1,1,2,96,98,2.04
June 30 2019,Ferry,WA,Truck,0,0,0,3571,3571,0.00
June 30 2019,King,WA,Truck,5,1,6,182084,182090,0.00
June 30 2019,Klickitat,WA,Passenger,35,32,67,15555,15622,0.43
June 30 2019,Manassas,VA,Passenger,0,1,1,8,9,11.11
June 30 2019,Maricopa,AZ,Passenger,6,4,10,1524,1534,0.65
June 30 2019,Nantucket,MA,Passenger,1,0,1,2,3,33.33
June 30 2019,Tuolumne,CA,Passenger,0,1,1,12,13,7.69
June 30 2019,Volusia,FL,Passenger,0,1,1,38,39,2.56
June 30 2019,Walla Walla,WA,Passenger,49,61,110,36190,36300,0.30
June 30 2019,Yakima,WA,Passenger,105,104,209,165147,165356,0.13
June 30 2019,Yakima,WA,Truck,0,0,0,59138,59138,0.00
July 31 2019,Adams,WA,Truck,0,0,0,5133,5133,0.00
July 31 2019,Alameda,CA,Passenger,4,2,6,301,307,1.95
July 31 2019,Albemarle,VA,Passenger,1,0,1,23,24,4.17
July 31 2019,Anne Arundel,MD,Passenger,1,2,3,440,443,0.68
July 31 2019,Asotin,WA,Truck,0,0,0,6658,6658,0.00
July 31 2019,Bergen,NJ,Passenger,1,0,1,26,27,3.70
July 31 2019,Berkshire,MA,Passenger,0,1,1,4,5,20.00
May 31 2019,Ramsey,MN,Passenger,1,0,1,42,43,2.33
May 31 2019,San Diego,CA,Passenger,10,3,13,2684,2697,0.48
May 31 2019,Sangamon,IL,Passenger,1,0,1,7,8,12.50
May 31 2019,Santa Rosa,FL,Passenger,1,0,1,89,90,1.11
May 31 2019,Skagit,WA,Passenger,292,200,492,91704,92196,0.53
May 31 2019,Ventura,CA,Passenger,0,2,2,317,319,0.63
May 31 2019,Volusia,FL,Passenger,0,1,1,38,39,2.56
June 30 2019,Prince George's,MD,Passenger,1,1,2,177,179,1.12
June 30 2019,Randolph,NC,Passenger,1,0,1,6,7,14.29
June 30 2019,Shelby,OH,Passenger,0,1,1,1,2,50.00
May 31 2019,Vigo,IN,Passenger,1,0,1,6,7,14.29
May 31 2019,Wahkiakum,WA,Truck,0,0,0,1743,1743,0.00
May 31 2019,Washoe,NV,Passenger,2,0,2,110,112,1.79
May 31 2019,Whatcom,WA,Truck,2,0,2,42825,42827,0.00
June 30 2019,Asotin,WA,Passenger,12,8,20,12642,12662,0.16
June 30 2019,Broward,FL,Passenger,2,1,3,125,128,2.34
July 31 2019,Charles,MD,Passenger,0,1,1,89,90,1.11
July 31 2019,Clay,FL,Passenger,0,1,1,88,89,1.12
July 31 2019,DuPage,IL,Passenger,3,0,3,58,61,4.92
June 30 2019,Clark,WA,Passenger,1539,926,2465,313869,316334,0.78
June 30 2019,Cochise,AZ,Passenger,0,1,1,114,115,0.87
June 30 2019,DeKalb,GA,Passenger,1,0,1,79,80,1.25
June 30 2019,District of Columbia,DC,Passenger,1,1,2,205,207,0.97
June 30 2019,Ferry,WA,Passenger,5,2,7,4388,4395,0.16
June 30 2019,Fresno,CA,Passenger,1,0,1,191,192,0.52
June 30 2019,Fulton,GA,Passenger,1,2,3,105,108,2.78
June 30 2019,Jefferson,WA,Passenger,197,119,316,24997,25313,1.25
June 30 2019,Jefferson,WA,Truck,0,0,0,9669,9669,0.00
July 31 2019,Carson City,NV,Passenger,1,0,1,11,12,8.33
July 31 2019,Clackamas,OR,Passenger,1,1,2,218,220,0.91
July 31 2019,Clallam,WA,Truck,1,0,1,21811,21812,0.00
July 31 2019,Columbia,WA,Passenger,2,2,4,2454,2458,0.16
July 31 2019,Contra Costa,CA,Passenger,2,2,4,382,386,1.04
July 31 2019,Cook,IL,Passenger,1,0,1,240,241,0.41
July 31 2019,Cumberland,NC,Passenger,0,2,2,503,505,0.40
July 31 2019,Fairbanks North Star,AK,Passenger,0,1,1,100,101,0.99
July 31 2019,Ferry,WA,Truck,0,0,0,3581,3581,0.00
July 31 2019,Franklin,WA,Passenger,53,71,124,60146,60270,0.21
June 30 2019,Tulsa,OK,Passenger,1,1,2,45,47,4.26
June 30 2019,Wahkiakum,WA,Passenger,2,2,4,3010,3014,0.13
June 30 2019,Washtenaw,MI,Passenger,1,0,1,40,41,2.44
June 30 2019,Wayne,MI,Passenger,0,1,1,68,69,1.45
June 30 2019,Pacific,WA,Truck,0,0,0,7655,7655,0.00
June 30 2019,Palm Beach,FL,Passenger,0,1,1,81,82,1.22
June 30 2019,Pinal,AZ,Passenger,2,0,2,198,200,1.00
June 30 2019,Prince William,VA,Passenger,1,3,4,250,254,1.57
June 30 2019,Rogers,OK,Passenger,1,0,1,6,7,14.29
June 30 2019,Sedgwick,KS,Passenger,1,1,2,102,104,1.92
April 30 2019,Pierce,WA,Truck,0,0,0,139343,139343,0.00
April 30 2019,Santa Cruz,CA,Passenger,1,0,1,39,40,2.50
April 30 2019,Skagit,WA,Truck,1,0,1,32327,32328,0.00
April 30 2019,Snohomish,WA,Passenger,3292,1539,4831,529171,534002,0.90
April 30 2019,Spartanburg,SC,Passenger,0,1,1,33,34,2.94
April 30 2019,Spokane,WA,Passenger,512,407,919,309579,310498,0.30
April 30 2019,St. Clair,IL,Passenger,0,1,1,162,163,0.61
June 30 2019,Cowlitz,WA,Passenger,98,108,206,73016,73222,0.28
June 30 2019,DuPage,IL,Passenger,2,0,2,62,64,3.12
June 30 2019,El Paso,CO,Passenger,2,1,3,747,750,0.40
June 30 2019,Flathead,MT,Passenger,1,0,1,62,63,1.59
June 30 2019,Grays Harbor,WA,Truck,0,0,0,20455,20455,0.00
June 30 2019,Houston,GA,Passenger,1,0,1,54,55,1.82
June 30 2019,Jefferson,NY,Passenger,0,2,2,218,220,0.91
June 30 2019,King,WA,Passenger,19082,7013,26095,1389253,1415348,1.84
June 30 2019,Kittitas,WA,Truck,0,0,0,14420,14420,0.00
June 30 2019,Larimer,CO,Passenger,1,0,1,59,60,1.67
May 31 2019,Yakima,WA,Passenger,94,104,198,165012,165210,0.12
June 30 2019,Adams,WA,Passenger,5,6,11,12757,12768,0.09
June 30 2019,Albemarle,VA,Passenger,1,0,1,24,25,4.00
June 30 2019,Asotin,WA,Truck,0,0,0,6665,6665,0.00
June 30 2019,Benton,WA,Passenger,259,279,538,133802,134340,0.40
June 30 2019,Bergen,NJ,Passenger,1,0,1,27,28,3.57
June 30 2019,Berkshire,MA,Passenger,0,1,1,4,5,20.00
June 30 2019,Cascade,MT,Passenger,0,1,1,62,63,1.59
July 31 2019,Franklin,WA,Truck,0,0,0,19369,19369,0.00
July 31 2019,Garfield,WA,Passenger,1,1,2,1299,1301,0.15
July 31 2019,Jefferson,CO,Passenger,0,2,2,59,61,3.28
July 31 2019,Kern,CA,Passenger,0,1,1,220,221,0.45
July 31 2019,Kitsap,WA,Passenger,1093,625,1718,181246,182964,0.94
July 31 2019,Kitsap,WA,Truck,1,0,1,54134,54135,0.00
July 31 2019,Clark,WA,Truck,0,0,0,80616,80616,0.00
July 31 2019,Collin,TX,Passenger,1,1,2,136,138,1.45
July 31 2019,Columbia,WA,Truck,0,0,0,1529,1529,0.00
July 31 2019,Denver,CO,Passenger,1,0,1,129,130,0.77
July 31 2019,Douglas,WA,Truck,0,0,0,12220,12220,0.00
July 31 2019,El Paso,TX,Passenger,3,0,3,488,491,0.61
July 31 2019,Franklin,MA,Passenger,0,1,1,1,2,50.00
June 30 2019,St. Mary's,MD,Passenger,1,0,1,215,216,0.46
June 30 2019,Thurston,WA,Passenger,875,639,1514,197724,199238,0.76
April 30 2019,Whatcom,WA,Truck,2,0,2,42774,42776,0.00
April 30 2019,Yakima,WA,Truck,0,0,0,58947,58947,0.00
May 31 2019,Alameda,CA,Passenger,3,2,5,306,311,1.61
May 31 2019,Arlington,VA,Passenger,1,2,3,158,161,1.86
July 31 2019,Grays Harbor,WA,Passenger,82,85,167,47995,48162,0.35
July 31 2019,Harrison,MS,Passenger,1,0,1,65,66,1.52
July 31 2019,Hennepin,MN,Passenger,2,1,3,103,106,2.83
July 31 2019,Kittitas,WA,Passenger,79,41,120,29683,29803,0.40
July 31 2019,Klamath,OR,Passenger,1,0,1,36,37,2.70
July 31 2019,Klickitat,WA,Passenger,35,33,68,15580,15648,0.43
July 31 2019,Lake,IL,Passenger,1,0,1,164,165,0.61
July 31 2019,Lewis,WA,Truck,0,0,0,25970,25970,0.00
July 31 2019,Loudoun,VA,Passenger,1,0,1,97,98,1.02
July 31 2019,Manassas,VA,Passenger,0,1,1,8,9,11.11
July 31 2019,Montgomery,TX,Passenger,1,0,1,60,61,1.64
July 31 2019,New London,CT,Passenger,0,2,2,247,249,0.80
February 28 2022,Queens,NY,Passenger,1,0,1,45,46,2.17
February 28 2022,Sacramento,CA,Passenger,2,0,2,205,207,0.97
February 28 2022,Santa Clara,CA,Passenger,8,1,9,227,236,3.81
February 28 2022,Sarpy,NE,Passenger,1,0,1,55,56,1.79
April 30 2022,Dorchester,SC,Passenger,1,0,1,56,57,1.75
April 30 2022,El Paso,TX,Passenger,2,0,2,345,347,0.58
April 30 2022,Fort Bend,TX,Passenger,1,0,1,32,33,3.03
April 30 2022,Garfield,WA,Truck,0,0,0,989,989,0.00
April 30 2022,Goochland,VA,Passenger,3,2,5,132,137,3.65
April 30 2022,Greene,MO,Passenger,0,1,1,23,24,4.17
April 30 2022,Hamilton,OH,Passenger,1,0,1,29,30,3.33
April 30 2022,Harnett,NC,Passenger,2,0,2,144,146,1.37
April 30 2022,Harris,TX,Passenger,2,0,2,145,147,1.36
April 30 2022,Hawaii,HI,Passenger,1,0,1,36,37,2.70
April 30 2022,Hidalgo,TX,Passenger,0,1,1,52,53,1.89
April 30 2022,Honolulu,HI,Passenger,5,4,9,338,347,2.59
April 30 2022,Island,WA,Passenger,780,368,1148,62248,63396,1.81
April 30 2022,Jefferson,WA,Truck,0,0,0,9524,9524,0.00
May 31 2022,Wahkiakum,WA,Passenger,22,10,32,3086,3118,1.03
May 31 2022,Walla Walla,WA,Passenger,171,97,268,35981,36249,0.74
May 31 2022,Whitman,WA,Passenger,84,58,142,22041,22183,0.64
May 31 2022,Yakima,WA,Truck,0,0,0,61431,61431,0.00
May 31 2022,Yellowstone,MT,Passenger,0,1,1,26,27,3.70
June 30 2022,Allen,IN,Passenger,1,0,1,13,14,7.14
June 30 2022,Asotin,WA,Passenger,23,19,42,12742,12784,0.33
June 30 2022,Middlesex,MA,Passenger,2,1,3,78,81,3.70
June 30 2022,Moore,NC,Passenger,0,1,1,114,115,0.87
June 30 2022,New London,CT,Passenger,2,5,7,187,194,3.61
June 30 2022,Okaloosa,FL,Passenger,0,1,1,102,103,0.97
June 30 2022,Onslow,NC,Passenger,0,1,1,160,161,0.62
June 30 2022,Orange,CA,Passenger,5,2,7,346,353,1.98
June 30 2022,Orange,FL,Passenger,1,0,1,87,88,1.14
June 30 2022,Pacific,WA,Truck,0,0,0,7917,7917,0.00
June 30 2022,Philadelphia,PA,Passenger,1,0,1,34,35,2.86
June 30 2022,Pima,AZ,Passenger,1,0,1,222,223,0.45
June 30 2022,Riverside,CA,Passenger,8,1,9,444,453,1.99
June 30 2022,San Juan,WA,Truck,1,0,1,5988,5989,0.02
June 30 2022,San Mateo,CA,Passenger,2,0,2,78,80,2.50
June 30 2022,Sarpy,NE,Passenger,1,0,1,52,53,1.89
April 30 2022,New Haven,CT,Passenger,0,2,2,29,31,6.45
April 30 2022,Okaloosa,FL,Passenger,0,1,1,103,104,0.96
April 30 2022,Onslow,NC,Passenger,0,1,1,161,162,0.62
April 30 2022,Pacific,WA,Truck,0,0,0,7979,7979,0.00
April 30 2022,Pend Oreille,WA,Truck,0,0,0,5657,5657,0.00
April 30 2022,Placer,CA,Passenger,2,0,2,70,72,2.78
April 30 2022,Rockdale,GA,Passenger,1,0,1,8,9,11.11
April 30 2022,Rockingham,NH,Passenger,1,0,1,18,19,5.26
April 30 2022,Rogers,OK,Passenger,1,0,1,3,4,25.00
April 30 2022,St. Clair,IL,Passenger,2,0,2,123,125,1.60
April 30 2022,Clark,NV,Passenger,4,3,7,534,541,1.29
April 30 2022,Contra Costa,CA,Passenger,0,3,3,263,266,1.13
April 30 2022,Denton,TX,Passenger,1,0,1,64,65,1.54
April 30 2022,Douglas,WA,Passenger,126,57,183,28529,28712,0.64
April 30 2022,Duval,FL,Passenger,0,2,2,284,286,0.70
April 30 2022,Elmore,ID,Passenger,1,0,1,13,14,7.14
April 30 2022,Frederick,MD,Passenger,1,1,2,65,67,2.99
April 30 2022,Grant,WA,Passenger,159,98,257,66902,67159,0.38
April 30 2022,Grant,WA,Truck,0,0,0,28087,28087,0.00
April 30 2022,Snohomish,WA,Passenger,7965,2418,10383,534133,544516,1.91
April 30 2022,St. Tammany,LA,Passenger,1,0,1,36,37,2.70
April 30 2022,Ulster,NY,Passenger,1,0,1,8,9,11.11
April 30 2022,Wahkiakum,WA,Passenger,20,11,31,3080,3111,1.00
May 31 2022,Benton,WA,Passenger,729,455,1184,135294,136478,0.87
May 31 2022,Williams,ND,Passenger,0,1,1,6,7,14.29
June 30 2022,Adams,WA,Truck,1,0,1,5469,5470,0.02
June 30 2022,Alameda,CA,Passenger,4,0,4,179,183,2.19
June 30 2022,Anne Arundel,MD,Passenger,5,4,9,334,343,2.62
June 30 2022,Berkeley,SC,Passenger,0,1,1,116,117,0.85
June 30 2022,Carroll,NH,Passenger,0,1,1,5,6,16.67
June 30 2022,Carson City,NV,Passenger,1,0,1,7,8,12.50
June 30 2022,Charles,MD,Passenger,1,1,2,56,58,3.45
June 30 2022,Clark,WA,Truck,7,0,7,82839,82846,0.01
June 30 2022,Danville,VA,Passenger,1,0,1,0,1,100.00
June 30 2022,Denton,TX,Passenger,1,0,1,63,64,1.56
June 30 2022,Douglas,NE,Passenger,1,2,3,38,41,7.32
June 30 2022,DuPage,IL,Passenger,1,0,1,45,46,2.17
June 30 2022,Greene,MO,Passenger,0,1,1,20,21,4.76
June 30 2022,Kauai,HI,Passenger,1,0,1,15,16,6.25
February 28 2022,Sonoma,CA,Passenger,0,1,1,74,75,1.33
February 28 2022,Suffolk,VA,Passenger,1,0,1,120,121,0.83
February 28 2022,Travis,TX,Passenger,1,0,1,120,121,0.83
February 28 2022,Ventura,CA,Passenger,2,1,3,242,245,1.22
February 28 2022,Virginia Beach,VA,Passenger,2,0,2,564,566,0.35
February 28 2022,Walla Walla,WA,Truck,0,0,0,14073,14073,0.00
February 28 2022,Washington,MD,Passenger,2,0,2,14,16,12.50
February 28 2022,Whitman,WA,Truck,0,0,0,8580,8580,0.00
February 28 2022,Williamson,TX,Passenger,1,2,3,85,88,3.41
February 28 2022,Wilson,TX,Passenger,0,1,1,2,3,33.33
March 31 2022,Adams,CO,Passenger,1,0,1,38,39,2.56
March 31 2022,Allegheny,PA,Passenger,1,1,2,51,53,3.77
March 31 2022,Arlington,VA,Passenger,1,0,1,129,130,0.77
April 30 2022,Yakima,WA,Passenger,318,183,501,167434,167935,0.30
April 30 2022,Yellowstone,MT,Passenger,0,1,1,25,26,3.85
May 31 2022,Alameda,CA,Passenger,4,0,4,184,188,2.13
May 31 2022,Albemarle,VA,Passenger,1,0,1,17,18,5.56
May 31 2022,Anchorage,AK,Passenger,1,0,1,121,122,0.82
May 31 2022,Bexar,TX,Passenger,4,3,7,439,446,1.57
June 30 2022,Douglas,OR,Passenger,1,0,1,27,28,3.57
June 30 2022,Douglas,WA,Truck,0,0,0,12792,12792,0.00
June 30 2022,El Paso,CO,Passenger,3,1,4,612,616,0.65
June 30 2022,El Paso,TX,Passenger,2,0,2,331,333,0.60
June 30 2022,Garfield,WA,Truck,0,0,0,983,983,0.00
June 30 2022,Gwinnett,GA,Passenger,1,0,1,47,48,2.08
April 30 2022,Mason,WA,Passenger,294,178,472,47529,48001,0.98
April 30 2022,Multnomah,OR,Passenger,0,4,4,548,552,0.72
April 30 2022,Nassau,NY,Passenger,2,0,2,26,28,7.14
April 30 2022,Newport,RI,Passenger,1,0,1,73,74,1.35
April 30 2022,Okanogan,WA,Passenger,79,48,127,26470,26597,0.48
April 30 2022,Penobscot,ME,Passenger,0,1,1,6,7,14.29
June 30 2022,Stafford,VA,Passenger,2,1,3,85,88,3.41
June 30 2022,Suffolk,VA,Passenger,1,0,1,120,121,0.83
June 30 2022,Thurston,WA,Truck,7,0,7,55530,55537,0.01
June 30 2022,Ventura,CA,Passenger,1,1,2,233,235,0.85
June 30 2022,Yakima,WA,Passenger,336,190,526,167066,167592,0.31
July 31 2022,Adams,CO,Passenger,1,0,1,37,38,2.63
July 31 2022,Albemarle,VA,Passenger,1,0,1,17,18,5.56
April 30 2022,Hillsborough,FL,Passenger,0,2,2,122,124,1.61
April 30 2022,Hudson,NJ,Passenger,1,0,1,34,35,2.86
April 30 2022,Jefferson,WA,Passenger,415,210,625,24738,25363,2.46
April 30 2022,Kings,CA,Passenger,2,1,3,306,309,0.97
April 30 2022,Lee,FL,Passenger,1,0,1,28,29,3.45
June 30 2022,Kitsap,WA,Truck,4,0,4,53678,53682,0.01
June 30 2022,Lee,FL,Passenger,1,0,1,29,30,3.33
June 30 2022,Loudoun,VA,Passenger,2,1,3,64,67,4.48
June 30 2022,Pend Oreille,WA,Passenger,17,11,28,9056,9084,0.31
May 31 2022,Carroll,MD,Passenger,0,1,1,15,16,6.25
May 31 2022,Essex,NJ,Passenger,2,0,2,9,11,18.18
May 31 2022,Franklin,WA,Passenger,181,110,291,62036,62327,0.47
May 31 2022,Garfield,WA,Passenger,0,3,3,1329,1332,0.23
April 30 2022,Montgomery,MD,Passenger,4,2,6,197,203,2.96
April 30 2022,Powhatan,VA,Passenger,1,0,1,1,2,50.00
April 30 2022,Prince William,VA,Passenger,0,1,1,198,199,0.50
April 30 2022,RÃ­o Grande,PR,Passenger,1,0,1,0,1,100.00
April 30 2022,San Diego,CA,Passenger,13,8,21,2316,2337,0.90
March 31 2022,Benton,WA,Truck,1,0,1,43620,43621,0.00
March 31 2022,Carson City,NV,Passenger,1,0,1,7,8,12.50
March 31 2022,Charleston,SC,Passenger,2,1,3,66,69,4.35
March 31 2022,Clark,WA,Passenger,3746,1655,5401,318402,323803,1.67
March 31 2022,Columbia,GA,Passenger,0,1,1,102,103,0.97
March 31 2022,Coryell,TX,Passenger,1,0,1,103,104,0.96
March 31 2022,Cumberland,NC,Passenger,1,2,3,384,387,0.78
July 31 2022,Benton,WA,Passenger,780,462,1242,135360,136602,0.91
July 31 2022,Calvert,MD,Passenger,0,2,2,75,77,2.60
July 31 2022,Columbia,GA,Passenger,0,1,1,93,94,1.06
July 31 2022,Coryell,TX,Passenger,1,0,1,93,94,1.06
July 31 2022,Cowlitz,WA,Truck,2,0,2,28494,28496,0.01
July 31 2022,Douglas,CO,Passenger,0,1,1,68,69,1.45
July 31 2022,Essex,NJ,Passenger,2,0,2,8,10,20.00
May 31 2022,Chelan,WA,Truck,2,0,2,23068,23070,0.01
May 31 2022,Collin,TX,Passenger,2,0,2,86,88,2.27
May 31 2022,Columbia,WA,Passenger,7,0,7,2441,2448,0.29
May 31 2022,Columbia,WA,Truck,0,0,0,1583,1583,0.00
May 31 2022,Cowlitz,WA,Truck,1,1,2,28609,28611,0.01
May 31 2022,Douglas,OR,Passenger,1,0,1,26,27,3.70
May 31 2022,Douglas,WA,Truck,0,0,0,12770,12770,0.00
May 31 2022,El Paso,TX,Passenger,2,0,2,337,339,0.59
May 31 2022,Fairbanks North Star,AK,Passenger,0,1,1,78,79,1.27
May 31 2022,Geary,KS,Passenger,1,0,1,82,83,1.20
June 30 2022,Jefferson,WA,Passenger,434,217,651,24600,25251,2.58
June 30 2022,King,WA,Truck,66,1,67,180948,181015,0.04
June 30 2022,Kings,CA,Passenger,2,1,3,300,303,0.99
June 30 2022,Lake,FL,Passenger,1,0,1,19,20,5.00
June 30 2022,Lincoln,WA,Passenger,8,18,26,7713,7739,0.34
June 30 2022,Montgomery,PA,Passenger,2,0,2,21,23,8.70
April 30 2022,Pierce,WA,Passenger,4837,2264,7101,549048,556149,1.28
April 30 2022,Pinellas,FL,Passenger,0,1,1,78,79,1.27
April 30 2022,Queens,NY,Passenger,1,0,1,40,41,2.44
April 30 2022,Saratoga,NY,Passenger,1,0,1,38,39,2.56
April 30 2022,Skamania,WA,Truck,0,0,0,3981,3981,0.00
April 30 2022,St. Mary's,MD,Passenger,1,0,1,194,195,0.51
April 30 2022,Stevens,WA,Truck,0,0,0,18995,18995,0.00
April 30 2022,Wahkiakum,WA,Truck,0,0,0,1818,1818,0.00
April 30 2022,Wake,NC,Passenger,1,0,1,89,90,1.11
April 30 2022,Walla Walla,WA,Truck,0,0,0,14018,14018,0.00
March 31 2022,District of Columbia,DC,Passenger,4,0,4,182,186,2.15
March 31 2022,Douglas,NE,Passenger,1,2,3,45,48,6.25
March 31 2022,Fresno,CA,Passenger,1,0,1,147,148,0.68
March 31 2022,Goochland,VA,Passenger,3,2,5,145,150,3.33
March 31 2022,Grays Harbor,WA,Passenger,205,157,362,49311,49673,0.73
March 31 2022,Hamilton,IN,Passenger,1,0,1,22,23,4.35
March 31 2022,Hamilton,OH,Passenger,1,0,1,31,32,3.12
March 31 2022,Harris,TX,Passenger,1,0,1,144,145,0.69
March 31 2022,Jefferson,NY,Passenger,0,1,1,204,205,0.49
May 31 2022,Gwinnett,GA,Passenger,1,0,1,49,50,2.00
May 31 2022,Island,WA,Truck,1,0,1,21434,21435,0.00
May 31 2022,Kings,CA,Passenger,2,1,3,300,303,0.99
May 31 2022,Klickitat,WA,Truck,1,0,1,8295,8296,0.01
May 31 2022,Lake,FL,Passenger,1,0,1,20,21,4.76
April 30 2022,Williamson,TX,Passenger,1,2,3,80,83,3.61
May 31 2022,,,Passenger,3,1,4,338,342,1.17
May 31 2022,Allegheny,PA,Passenger,1,1,2,50,52,3.85
May 31 2022,Bell,TX,Passenger,1,0,1,320,321,0.31
June 30 2022,Richland,SC,Passenger,0,1,1,130,131,0.76
June 30 2022,Salt Lake,UT,Passenger,1,2,3,122,125,2.40
June 30 2022,San Juan,WA,Passenger,513,157,670,14069,14739,4.55
June 30 2022,Skamania,WA,Passenger,73,47,120,8212,8332,1.44
June 30 2022,Solano,CA,Passenger,1,0,1,159,160,0.62
June 30 2022,Whatcom,WA,Passenger,1814,737,2551,149050,151601,1.68
July 31 2022,Houston,GA,Passenger,1,0,1,30,31,3.23
July 31 2022,Island,WA,Truck,6,0,6,21340,21346,0.03
July 31 2022,Jefferson,NY,Passenger,0,1,1,200,201,0.50
July 31 2022,King,WA,Passenger,41919,11452,53371,1347628,1400999,3.81
July 31 2022,Lincoln,OR,Passenger,0,1,1,23,24,4.17
July 31 2022,Lincoln,WA,Truck,0,0,0,4834,4834,0.00
July 31 2022,Mason,WA,Truck,4,0,4,20989,20993,0.02
June 30 2022,Owyhee,ID,Passenger,1,0,1,2,3,33.33
June 30 2022,Pacific,WA,Passenger,61,71,132,15900,16032,0.82
June 30 2022,Pennington,SD,Passenger,2,0,2,26,28,7.14
June 30 2022,Penobscot,ME,Passenger,0,1,1,7,8,12.50
June 30 2022,Prince William,VA,Passenger,0,1,1,190,191,0.52
June 30 2022,Queens,NY,Passenger,1,0,1,38,39,2.56
June 30 2022,Santa Clara,CA,Passenger,10,2,12,215,227,5.29
June 30 2022,Sonoma,CA,Passenger,0,1,1,74,75,1.33
June 30 2022,Stevens,WA,Truck,0,0,0,18953,18953,0.00
May 31 2022,Houston,GA,Passenger,1,0,1,33,34,2.94
May 31 2022,Kauai,HI,Passenger,1,0,1,16,17,5.88
May 31 2022,King,WA,Passenger,40021,11056,51077,1349369,1400446,3.65
May 31 2022,Kings,NY,Passenger,1,0,1,57,58,1.72
May 31 2022,Kittitas,WA,Passenger,248,79,327,29760,30087,1.09
May 31 2022,Lincoln,WA,Passenger,8,18,26,7694,7720,0.34
May 31 2022,Lincoln,WA,Truck,0,0,0,4840,4840,0.00
May 31 2022,Loudoun,VA,Passenger,2,1,3,63,66,4.55
May 31 2022,Marin,CA,Passenger,0,1,1,31,32,3.12
July 31 2022,Monterey,CA,Passenger,1,1,2,125,127,1.57
July 31 2022,Montgomery,AL,Passenger,0,1,1,36,37,2.70
July 31 2022,Norfolk,VA,Passenger,2,3,5,281,286,1.75
July 31 2022,Pierce,WA,Truck,20,0,20,141305,141325,0.01
July 31 2022,Ray,MO,Passenger,0,1,1,1,2,50.00
July 31 2022,Richmond,GA,Passenger,0,1,1,64,65,1.54
July 31 2022,Richmond,NY,Passenger,1,0,1,6,7,14.29
July 31 2022,Santa Cruz,CA,Passenger,1,0,1,22,23,4.35
April 30 2022,Skamania,WA,Passenger,67,46,113,8226,8339,1.36
April 30 2022,Suffolk,MA,Passenger,0,1,1,22,23,4.35
April 30 2022,Sumter,SC,Passenger,0,1,1,29,30,3.33
April 30 2022,Tarrant,TX,Passenger,1,0,1,117,118,0.85
April 30 2022,Thurston,WA,Passenger,2073,1016,3089,195077,198166,1.56
April 30 2022,Walla Walla,WA,Passenger,163,92,255,36047,36302,0.70
April 30 2022,Williams,ND,Passenger,0,1,1,7,8,12.50
May 31 2022,Adams,WA,Passenger,16,10,26,12961,12987,0.20
May 31 2022,Adams,WA,Truck,0,0,0,5475,5475,0.00
May 31 2022,Anne Arundel,MD,Passenger,5,4,9,342,351,2.56
May 31 2022,Arapahoe,CO,Passenger,0,1,1,78,79,1.27
May 31 2022,Asotin,WA,Truck,0,0,0,6709,6709,0.00
May 31 2022,Baltimore,MD,Passenger,1,0,1,70,71,1.41
June 30 2022,Washington,MD,Passenger,2,0,2,15,17,11.76
June 30 2022,Whitman,WA,Truck,1,0,1,8574,8575,0.01
June 30 2022,Wichita,TX,Passenger,1,0,1,38,39,2.56
June 30 2022,Williamson,TX,Passenger,1,2,3,76,79,3.80
June 30 2022,Wilson,TX,Passenger,0,1,1,2,3,33.33
June 30 2022,Wood,OH,Passenger,0,1,1,5,6,16.67
July 31 2022,Allegheny,PA,Passenger,1,1,2,49,51,3.92
July 31 2022,Benton,WA,Truck,3,0,3,43503,43506,0.01
July 31 2022,Berkeley,SC,Passenger,0,1,1,114,115,0.87
July 31 2022,Carroll,NH,Passenger,0,1,1,5,6,16.67
May 31 2022,Clackamas,OR,Passenger,2,0,2,148,150,1.33
May 31 2022,Clallam,WA,Truck,1,0,1,21961,21962,0.00
May 31 2022,Contra Costa,CA,Passenger,0,4,4,260,264,1.52
May 31 2022,Cook,IL,Passenger,3,0,3,187,190,1.58
May 31 2022,Douglas,WA,Passenger,131,58,189,28518,28707,0.66
May 31 2022,Elmore,ID,Passenger,1,0,1,13,14,7.14
May 31 2022,Ferry,WA,Truck,0,0,0,3570,3570,0.00
May 31 2022,Frederick,MD,Passenger,1,1,2,62,64,3.12
May 31 2022,Chesapeake,VA,Passenger,2,3,5,340,345,1.45
May 31 2022,DeKalb,GA,Passenger,1,0,1,46,47,2.13
May 31 2022,DuPage,IL,Passenger,1,0,1,46,47,2.13
June 30 2022,Yellowstone,MT,Passenger,0,1,1,21,22,4.55
July 31 2022,Anne Arundel,MD,Passenger,5,4,9,328,337,2.67
July 31 2022,Chelan,WA,Truck,4,0,4,23054,23058,0.02
July 31 2022,Clackamas,OR,Passenger,2,0,2,140,142,1.41
July 31 2022,Columbia,WA,Passenger,7,0,7,2432,2439,0.29
July 31 2022,Cowlitz,WA,Passenger,349,171,520,70588,71108,0.73
July 31 2022,Dorchester,SC,Passenger,1,0,1,48,49,2.04
May 31 2022,Montgomery,AL,Passenger,0,1,1,35,36,2.78
May 31 2022,Montgomery,PA,Passenger,2,0,2,20,22,9.09
May 31 2022,Okanogan,WA,Truck,0,0,0,16669,16669,0.00
May 31 2022,Pennington,SD,Passenger,2,0,2,27,29,6.90
May 31 2022,Platte,MO,Passenger,1,0,1,19,20,5.00
May 31 2022,Salt Lake,UT,Passenger,1,2,3,129,132,2.27
May 31 2022,San Juan,WA,Passenger,499,152,651,14099,14750,4.41
May 31 2022,Santa Clara,CA,Passenger,10,1,11,215,226,4.87
May 31 2022,Solano,CA,Passenger,1,0,1,164,165,0.61
May 31 2022,Sonoma,CA,Passenger,0,1,1,74,75,1.33
May 31 2022,New York,NY,Passenger,1,0,1,34,35,2.86
May 31 2022,Okaloosa,FL,Passenger,0,1,1,100,101,0.99
May 31 2022,Pacific,WA,Passenger,60,68,128,15920,16048,0.80
May 31 2022,Philadelphia,PA,Passenger,1,0,1,35,36,2.78
May 31 2022,Pierce,WA,Truck,5,0,5,142349,142354,0.00
May 31 2022,Pinellas,FL,Passenger,0,1,1,75,76,1.32
May 31 2022,Powhatan,VA,Passenger,1,0,1,1,2,50.00
May 31 2022,Richmond,GA,Passenger,0,1,1,68,69,1.45
May 31 2022,San Mateo,CA,Passenger,2,0,2,79,81,2.47
May 31 2022,Skagit,WA,Truck,2,0,2,32402,32404,0.01
May 31 2022,Spokane,WA,Truck,1,0,1,102259,102260,0.00
July 31 2022,Clark,WA,Truck,9,0,9,82557,82566,0.01
July 31 2022,Cook,IL,Passenger,2,0,2,179,181,1.10
July 31 2022,Cumberland,NC,Passenger,1,2,3,352,355,0.85
July 31 2022,Cumberland,PA,Passenger,1,0,1,36,37,2.70
July 31 2022,Danville,VA,Passenger,1,0,1,0,1,100.00
July 31 2022,Douglas,NE,Passenger,1,2,3,37,40,7.50
July 31 2022,Fort Bend,TX,Passenger,1,0,1,25,26,3.85
July 31 2022,Garfield,WA,Truck,0,0,0,975,975,0.00
July 31 2022,Goochland,VA,Passenger,2,1,3,103,106,2.83
May 31 2022,Ulster,NY,Passenger,1,0,1,9,10,10.00
May 31 2022,Virginia Beach,VA,Passenger,2,0,2,523,525,0.38
May 31 2022,Washington,MD,Passenger,2,0,2,14,16,12.50
May 31 2022,Wayne,NC,Passenger,1,0,1,26,27,3.70
May 31 2022,Wilson,TX,Passenger,0,1,1,2,3,33.33
June 30 2022,Bell,TX,Passenger,1,0,1,309,310,0.32
June 30 2022,Boone,MO,Passenger,0,1,1,8,9,11.11
June 30 2022,Calvert,MD,Passenger,0,2,2,76,78,2.56
June 30 2022,Camden,NJ,Passenger,0,1,1,12,13,7.69
March 31 2022,Lake,IL,Passenger,3,0,3,144,147,2.04
March 31 2022,Leavenworth,KS,Passenger,1,1,2,105,107,1.87
March 31 2022,Lewis,WA,Passenger,226,164,390,59499,59889,0.65
March 31 2022,Lewis,WA,Truck,0,0,0,26523,26523,0.00
March 31 2022,Los Angeles,CA,Passenger,8,7,15,796,811,1.85
March 31 2022,Maricopa,AZ,Passenger,6,3,9,950,959,0.94
March 31 2022,Mason,WA,Passenger,286,171,457,47645,48102,0.95
March 31 2022,Mason,WA,Truck,0,0,0,21174,21174,0.00
March 31 2022,Moore,NC,Passenger,0,1,1,122,123,0.81
March 31 2022,Newport,RI,Passenger,1,0,1,74,75,1.33
March 31 2022,Norfolk,VA,Passenger,3,3,6,301,307,1.95
March 31 2022,Nueces,TX,Passenger,1,1,2,58,60,3.33
May 31 2022,Harrison,MS,Passenger,2,0,2,48,50,4.00
May 31 2022,Hennepin,MN,Passenger,2,0,2,52,54,3.70
May 31 2022,Hillsborough,FL,Passenger,0,1,1,120,121,0.83
May 31 2022,Hudson,NJ,Passenger,1,0,1,34,35,2.86
May 31 2022,Klickitat,WA,Passenger,99,54,153,15249,15402,0.99
May 31 2022,Lake,IL,Passenger,3,0,3,140,143,2.10
May 31 2022,Louisa,VA,Passenger,0,1,1,1,2,50.00
May 31 2022,Manassas,VA,Passenger,0,1,1,6,7,14.29
May 31 2022,Maricopa,AZ,Passenger,6,3,9,902,911,0.99
July 31 2022,Skagit,WA,Truck,5,0,5,32305,32310,0.02
July 31 2022,Spartanburg,SC,Passenger,0,1,1,37,38,2.63
July 31 2022,Virginia Beach,VA,Passenger,2,0,2,503,505,0.40
July 31 2022,Wayne,NC,Passenger,1,0,1,26,27,3.70
July 31 2022,Whatcom,WA,Truck,11,0,11,43229,43240,0.03
July 31 2022,Yakima,WA,Truck,1,0,1,61360,61361,0.00
August 31 2022,Arlington,VA,Passenger,1,0,1,121,122,0.82
August 31 2022,Bartow,GA,Passenger,0,1,1,3,4,25.00
August 31 2022,Boulder,CO,Passenger,1,0,1,31,32,3.12
May 31 2022,Stevens,WA,Truck,0,0,0,18962,18962,0.00
May 31 2022,Suffolk,MA,Passenger,0,1,1,21,22,4.55
May 31 2022,Tarrant,TX,Passenger,1,0,1,109,110,0.91
May 31 2022,Whatcom,WA,Truck,5,0,5,43378,43383,0.01
May 31 2022,Wichita,TX,Passenger,1,0,1,38,39,2.56
May 31 2022,Wood,OH,Passenger,0,1,1,5,6,16.67
June 30 2022,Adams,CO,Passenger,1,0,1,36,37,2.70
June 30 2022,Allegheny,PA,Passenger,1,1,2,49,51,3.92
June 30 2022,Arlington,VA,Passenger,1,0,1,124,125,0.80
May 31 2022,Montgomery,MD,Passenger,4,2,6,200,206,2.91
May 31 2022,Plaquemines,LA,Passenger,1,1,2,16,18,11.11
May 31 2022,Prince George's,MD,Passenger,2,1,3,117,120,2.50
May 31 2022,Randolph,NC,Passenger,1,0,1,5,6,16.67
July 31 2022,El Paso,TX,Passenger,2,0,2,324,326,0.61
July 31 2022,Fairbanks North Star,AK,Passenger,0,1,1,73,74,1.35
July 31 2022,Ferry,WA,Truck,0,0,0,3568,3568,0.00
July 31 2022,Franklin,WA,Passenger,203,110,313,61872,62185,0.50
July 31 2022,Harnett,NC,Passenger,2,0,2,144,146,1.37
July 31 2022,Hawaii,HI,Passenger,1,0,1,34,35,2.86
July 31 2022,Hidalgo,TX,Passenger,0,1,1,53,54,1.85
July 31 2022,Honolulu,HI,Passenger,4,3,7,315,322,2.17
July 31 2022,Jefferson,WA,Truck,3,0,3,9462,9465,0.03
July 31 2022,Klickitat,WA,Passenger,106,56,162,15208,15370,1.05
May 31 2022,Ferry,WA,Passenger,20,4,24,4434,4458,0.54
May 31 2022,Franklin,WA,Truck,0,0,0,20926,20926,0.00
May 31 2022,Garfield,WA,Truck,0,0,0,980,980,0.00
May 31 2022,Harnett,NC,Passenger,2,0,2,144,146,1.37
May 31 2022,Hidalgo,TX,Passenger,0,1,1,52,53,1.89
May 31 2022,Honolulu,HI,Passenger,5,4,9,326,335,2.69
May 31 2022,Howard,MD,Passenger,0,1,1,56,57,1.75
May 31 2022,Kern,CA,Passenger,0,1,1,190,191,0.52
May 31 2022,Kitsap,WA,Passenger,2356,1032,3388,178735,182123,1.86
May 31 2022,Kittitas,WA,Truck,1,0,1,14675,14676,0.01
May 31 2022,Larimer,CO,Passenger,1,0,1,47,48,2.08
March 31 2022,Pima,AZ,Passenger,1,1,2,241,243,0.82
March 31 2022,Plaquemines,LA,Passenger,0,1,1,17,18,5.56
March 31 2022,Ray,MO,Passenger,0,1,1,1,2,50.00
March 31 2022,San Bernardino,CA,Passenger,1,1,2,338,340,0.59
March 31 2022,San Luis Obispo,CA,Passenger,1,0,1,56,57,1.75
March 31 2022,Santa Cruz,CA,Passenger,1,0,1,25,26,3.85
March 31 2022,Sarasota,FL,Passenger,2,0,2,25,27,7.41
March 31 2022,Saratoga,NY,Passenger,1,0,1,40,41,2.44
March 31 2022,Snohomish,WA,Truck,4,0,4,124838,124842,0.00
March 31 2022,Spartanburg,SC,Passenger,0,1,1,43,44,2.27
March 31 2022,St. Tammany,LA,Passenger,1,0,1,35,36,2.78
March 31 2022,Wahkiakum,WA,Truck,0,0,0,1815,1815,0.00
June 30 2022,Clackamas,OR,Passenger,2,0,2,144,146,1.37
June 30 2022,Contra Costa,CA,Passenger,0,4,4,250,254,1.57
June 30 2022,Cook,IL,Passenger,2,0,2,185,187,1.07
June 30 2022,Douglas,CO,Passenger,0,1,1,70,71,1.41
June 30 2022,Douglas,WA,Passenger,131,58,189,28500,28689,0.66
June 30 2022,Elmore,ID,Passenger,1,0,1,13,14,7.14
June 30 2022,Ferry,WA,Truck,0,0,0,3578,3578,0.00
June 30 2022,Franklin,WA,Passenger,186,109,295,62010,62305,0.47
July 31 2022,Pacific,WA,Passenger,64,71,135,15849,15984,0.84
July 31 2022,Randolph,NC,Passenger,1,0,1,5,6,16.67
June 30 2022,Benton,WA,Truck,3,0,3,43586,43589,0.01
June 30 2022,Charleston,SC,Passenger,2,2,4,62,66,6.06
June 30 2022,Clallam,WA,Truck,3,0,3,21940,21943,0.01
June 30 2022,Clark,WA,Passenger,4098,1781,5879,316748,322627,1.82
June 30 2022,Columbia,GA,Passenger,0,1,1,92,93,1.08
June 30 2022,Cumberland,NC,Passenger,1,2,3,364,367,0.82
June 30 2022,District of Columbia,DC,Passenger,4,0,4,169,173,2.31
July 31 2022,Grays Harbor,WA,Passenger,214,162,376,48931,49307,0.76
July 31 2022,Greene,MO,Passenger,0,1,1,19,20,5.00
July 31 2022,Hamilton,OH,Passenger,1,0,1,27,28,3.57
July 31 2022,Harris,TX,Passenger,1,0,1,126,127,0.79
July 31 2022,Hennepin,MN,Passenger,1,0,1,44,45,2.22
July 31 2022,Kittitas,WA,Passenger,278,86,364,29696,30060,1.21
July 31 2022,Lewis,WA,Truck,0,0,0,26355,26355,0.00
July 31 2022,Lincoln,WA,Passenger,9,16,25,7717,7742,0.32
July 31 2022,Los Angeles,CA,Passenger,8,8,16,735,751,2.13
July 31 2022,Maricopa,AZ,Passenger,6,2,8,833,841,0.95
May 31 2022,San Diego,CA,Passenger,14,9,23,2274,2297,1.00
May 31 2022,San Joaquin,CA,Passenger,1,1,2,89,91,2.20
May 31 2022,Sedgwick,KS,Passenger,1,1,2,73,75,2.67
May 31 2022,Snohomish,WA,Truck,6,0,6,124140,124146,0.00
May 31 2022,St. Tammany,LA,Passenger,1,0,1,34,35,2.86
May 31 2022,Sumter,SC,Passenger,0,1,1,30,31,3.23
May 31 2022,Thurston,WA,Passenger,2127,1029,3156,194579,197735,1.60
June 30 2022,,,Passenger,3,1,4,343,347,1.15
June 30 2022,Albemarle,VA,Passenger,1,0,1,17,18,5.56
June 30 2022,Anchorage,AK,Passenger,1,0,1,118,119,0.84
August 31 2022,Burlington,NJ,Passenger,0,2,2,99,101,1.98
August 31 2022,Cape May,NJ,Passenger,0,1,1,7,8,12.50
August 31 2022,Charles,MD,Passenger,1,1,2,54,56,3.57
August 31 2022,Charleston,SC,Passenger,2,2,4,61,65,6.15
August 31 2022,Chelan,WA,Passenger,487,134,621,54197,54818,1.13
August 31 2022,Clallam,WA,Passenger,435,247,682,49558,50240,1.36
August 31 2022,Clark,NV,Passenger,4,3,7,467,474,1.48
August 31 2022,Clark,WA,Passenger,4352,1853,6205,315663,321868,1.93
August 31 2022,Denton,TX,Passenger,1,0,1,58,59,1.69
August 31 2022,Duval,FL,Passenger,1,2,3,260,263,1.14
August 31 2022,Fairfax,VA,Passenger,6,3,9,590,599,1.50
June 30 2022,Hennepin,MN,Passenger,1,0,1,45,46,2.17
June 30 2022,Hillsborough,FL,Passenger,0,1,1,119,120,0.83
June 30 2022,Hudson,NJ,Passenger,1,0,1,34,35,2.86
June 30 2022,Juneau,AK,Passenger,0,1,1,29,30,3.33
June 30 2022,Kittitas,WA,Passenger,266,83,349,29767,30116,1.16
June 30 2022,Lane,OR,Passenger,0,1,1,87,88,1.14
June 30 2022,Las Animas,CO,Passenger,1,0,1,1,2,50.00
June 30 2022,Lincoln,OR,Passenger,0,1,1,26,27,3.70
April 30 2022,Allen,IN,Passenger,1,0,1,13,14,7.14
April 30 2022,Anchorage,AK,Passenger,1,0,1,125,126,0.79
April 30 2022,Asotin,WA,Passenger,24,19,43,12708,12751,0.34
April 30 2022,Bexar,TX,Passenger,4,4,8,447,455,1.76
April 30 2022,Broward,FL,Passenger,2,0,2,81,83,2.41
May 31 2022,New London,CT,Passenger,2,5,7,195,202,3.47
May 31 2022,Okanogan,WA,Passenger,82,51,133,26415,26548,0.50
May 31 2022,Orange,CA,Passenger,5,2,7,360,367,1.91
May 31 2022,Owyhee,ID,Passenger,1,0,1,2,3,33.33
May 31 2022,Penobscot,ME,Passenger,0,1,1,7,8,12.50
May 31 2022,Queens,NY,Passenger,1,0,1,40,41,2.44
May 31 2022,Richland,SC,Passenger,0,1,1,131,132,0.76
May 31 2022,Riverside,CA,Passenger,8,1,9,457,466,1.93
June 30 2022,Montgomery,MD,Passenger,4,2,6,199,205,2.93
June 30 2022,New Haven,CT,Passenger,0,2,2,28,30,6.67
June 30 2022,Rockingham,NH,Passenger,1,0,1,16,17,5.88
June 30 2022,Rogers,OK,Passenger,1,0,1,2,3,33.33
July 31 2022,San Joaquin,CA,Passenger,1,1,2,81,83,2.41
July 31 2022,San Juan,WA,Passenger,521,160,681,14025,14706,4.63
July 31 2022,Sedgwick,KS,Passenger,1,1,2,69,71,2.82
July 31 2022,Solano,CA,Passenger,1,0,1,156,157,0.64
July 31 2022,Spokane,WA,Truck,8,0,8,102073,102081,0.01
July 31 2022,St. Mary's,MD,Passenger,1,0,1,185,186,0.54
July 31 2022,Stevens,WA,Truck,1,0,1,18917,18918,0.01
July 31 2022,Wake,NC,Passenger,1,0,1,77,78,1.28
July 31 2022,Wichita,TX,Passenger,1,0,1,38,39,2.56
July 31 2022,Wood,OH,Passenger,0,1,1,4,5,20.00
August 31 2022,Alexandria,VA,Passenger,3,1,4,105,109,3.67
June 30 2022,Benton,WA,Passenger,751,461,1212,135385,136597,0.89
June 30 2022,Bexar,TX,Passenger,4,3,7,434,441,1.59
June 30 2022,Carroll,MD,Passenger,0,1,1,15,16,6.25
June 30 2022,Coryell,TX,Passenger,1,0,1,99,100,1.00
June 30 2022,Cowlitz,WA,Truck,2,1,3,28567,28570,0.01
April 30 2022,Chelan,WA,Passenger,447,124,571,54524,55095,1.04
April 30 2022,Chesapeake,VA,Passenger,2,3,5,352,357,1.40
April 30 2022,El Paso,CO,Passenger,3,1,4,627,631,0.63
April 30 2022,Harrison,MS,Passenger,2,0,2,48,50,4.00
August 31 2022,Grant,WA,Truck,1,0,1,28009,28010,0.00
August 31 2022,Jefferson,WA,Passenger,453,223,676,24514,25190,2.68
August 31 2022,King,WA,Truck,204,2,206,180089,180295,0.11
August 31 2022,Leavenworth,KS,Passenger,1,1,2,99,101,1.98
July 31 2022,Montgomery,PA,Passenger,1,0,1,20,21,4.76
July 31 2022,Multnomah,OR,Passenger,0,3,3,506,509,0.59
July 31 2022,Nassau,NY,Passenger,2,0,2,23,25,8.00
July 31 2022,Newport,RI,Passenger,1,0,1,66,67,1.49
July 31 2022,Okanogan,WA,Passenger,88,49,137,26306,26443,0.52
July 31 2022,Pend Oreille,WA,Passenger,18,12,30,9042,9072,0.33
July 31 2022,Penobscot,ME,Passenger,0,1,1,8,9,11.11
July 31 2022,Plaquemines,LA,Passenger,1,1,2,16,18,11.11
July 31 2022,Queens,NY,Passenger,1,0,1,39,40,2.50
July 31 2022,Santa Clara,CA,Passenger,10,2,12,206,218,5.50
July 31 2022,Saratoga,NY,Passenger,1,0,1,39,40,2.50
June 30 2022,Goochland,VA,Passenger,2,2,4,108,112,3.57
June 30 2022,Grays Harbor,WA,Passenger,210,160,370,49046,49416,0.75
June 30 2022,Hamilton,IN,Passenger,1,0,1,21,22,4.55
June 30 2022,Hamilton,OH,Passenger,1,0,1,28,29,3.45
June 30 2022,Harris,TX,Passenger,1,0,1,135,136,0.74
June 30 2022,Lake,IL,Passenger,2,0,2,135,137,1.46
June 30 2022,Leavenworth,KS,Passenger,1,1,2,108,110,1.82
June 30 2022,Lewis,WA,Passenger,235,177,412,59763,60175,0.68
June 30 2022,Lewis,WA,Truck,0,0,0,26415,26415,0.00
June 30 2022,Los Angeles,CA,Passenger,8,8,16,750,766,2.09
May 31 2022,Sacramento,CA,Passenger,2,0,2,193,195,1.03
May 31 2022,San Juan,WA,Truck,1,0,1,5980,5981,0.02
May 31 2022,Sarpy,NE,Passenger,1,0,1,51,52,1.92
May 31 2022,Stafford,VA,Passenger,2,1,3,87,90,3.33
May 31 2022,Suffolk,VA,Passenger,1,0,1,118,119,0.84
May 31 2022,Thurston,WA,Truck,4,0,4,55467,55471,0.01
May 31 2022,Travis,TX,Passenger,1,0,1,108,109,0.92
May 31 2022,Ventura,CA,Passenger,1,1,2,236,238,0.84
May 31 2022,Walla Walla,WA,Truck,0,0,0,13969,13969,0.00
August 31 2022,Oldham,KY,Passenger,0,1,1,4,5,20.00
August 31 2022,Sarasota,FL,Passenger,2,0,2,22,24,8.33
June 30 2022,San Diego,CA,Passenger,15,11,26,2246,2272,1.14
June 30 2022,Sedgwick,KS,Passenger,1,1,2,73,75,2.67
June 30 2022,St. Clair,IL,Passenger,2,0,2,118,120,1.67
June 30 2022,Thurston,WA,Passenger,2182,1056,3238,194505,197743,1.64
June 30 2022,Wayne,NC,Passenger,1,0,1,27,28,3.57
June 30 2022,Yakima,WA,Truck,1,0,1,61414,61415,0.00
July 31 2022,Alameda,CA,Passenger,4,0,4,176,180,2.22
August 31 2022,Contra Costa,CA,Passenger,0,4,4,235,239,1.67
August 31 2022,Cook,IL,Passenger,2,0,2,179,181,1.10
August 31 2022,Cowlitz,WA,Passenger,353,172,525,70482,71007,0.74
August 31 2022,Douglas,WA,Passenger,141,60,201,28394,28595,0.70
August 31 2022,Fairbanks North Star,AK,Passenger,0,1,1,70,71,1.41
April 30 2022,King,WA,Truck,26,1,27,181814,181841,0.01
April 30 2022,Kings,NY,Passenger,1,0,1,58,59,1.69
April 30 2022,Kittitas,WA,Truck,0,0,0,14714,14714,0.00
April 30 2022,Okanogan,WA,Truck,0,0,0,16691,16691,0.00
April 30 2022,Owyhee,ID,Passenger,1,0,1,2,3,33.33
April 30 2022,Pennington,SD,Passenger,2,0,2,28,30,6.67
May 31 2022,Whitman,WA,Truck,0,0,0,8564,8564,0.00
May 31 2022,Williamson,TX,Passenger,1,2,3,79,82,3.66
June 30 2022,Alexandria,VA,Passenger,3,1,4,111,115,3.48
June 30 2022,Bartow,GA,Passenger,0,1,1,3,4,25.00
June 30 2022,Boulder,CO,Passenger,1,0,1,33,34,2.94
June 30 2022,Burlington,NJ,Passenger,0,2,2,106,108,1.85
June 30 2022,Cape May,NJ,Passenger,0,1,1,7,8,12.50
June 30 2022,Clark,NV,Passenger,4,3,7,507,514,1.36
June 30 2022,Essex,NJ,Passenger,2,0,2,8,10,20.00
June 30 2022,Frederick,MD,Passenger,1,1,2,60,62,3.23
June 30 2022,Garfield,WA,Passenger,0,3,3,1322,1325,0.23
June 30 2022,Grant,WA,Passenger,175,99,274,66830,67104,0.41
June 30 2022,Houston,GA,Passenger,1,0,1,30,31,3.23
June 30 2022,Island,WA,Truck,4,0,4,21383,21387,0.02
June 30 2022,Jefferson,NY,Passenger,0,1,1,202,203,0.49
June 30 2022,Maricopa,AZ,Passenger,6,3,9,861,870,1.03
June 30 2022,Mason,WA,Passenger,311,177,488,47370,47858,1.02
June 30 2022,Montgomery,TX,Passenger,1,0,1,29,30,3.33
June 30 2022,Newport,RI,Passenger,1,0,1,70,71,1.41
June 30 2022,Norfolk,VA,Passenger,2,3,5,286,291,1.72
June 30 2022,Nueces,TX,Passenger,1,1,2,52,54,3.70
June 30 2022,Plaquemines,LA,Passenger,1,1,2,16,18,11.11
June 30 2022,Ray,MO,Passenger,0,1,1,1,2,50.00
July 31 2022,Arlington,VA,Passenger,1,0,1,122,123,0.81
July 31 2022,Asotin,WA,Truck,0,0,0,6690,6690,0.00
July 31 2022,Charles,MD,Passenger,1,1,2,57,59,3.39
July 31 2022,Chelan,WA,Passenger,478,125,603,54248,54851,1.10
July 31 2022,Chesapeake,VA,Passenger,3,3,6,325,331,1.81
July 31 2022,Skamania,WA,Truck,0,0,0,3950,3950,0.00
July 31 2022,Snohomish,WA,Truck,27,0,27,123554,123581,0.02
July 31 2022,Wahkiakum,WA,Truck,0,0,0,1802,1802,0.00
July 31 2022,Walla Walla,WA,Truck,1,0,1,13920,13921,0.01
July 31 2022,Washington,MD,Passenger,2,0,2,15,17,11.76
July 31 2022,Whatcom,WA,Passenger,1863,754,2617,148851,151468,1.73
July 31 2022,Whitman,WA,Truck,2,0,2,8574,8576,0.02
July 31 2022,Williamson,TX,Passenger,1,2,3,75,78,3.85
July 31 2022,Wilson,TX,Passenger,0,1,1,2,3,33.33
August 31 2022,,,Passenger,3,1,4,346,350,1.14
August 31 2022,Allegheny,PA,Passenger,1,1,2,48,50,4.00
August 31 2022,Anne Arundel,MD,Truck,1,0,1,42,43,2.33
August 31 2022,Bell,TX,Passenger,1,0,1,297,298,0.34
August 31 2022,Fort Bend,TX,Passenger,1,0,1,25,26,3.85
August 31 2022,Frederick,MD,Passenger,1,0,1,56,57,1.75
August 31 2022,Galveston,TX,Passenger,0,1,1,18,19,5.26
August 31 2022,Harrison,MS,Passenger,1,0,1,40,41,2.44
August 31 2022,Hawaii,HI,Passenger,1,0,1,31,32,3.12
August 31 2022,Hennepin,MN,Passenger,1,0,1,44,45,2.22
August 31 2022,Hillsborough,FL,Passenger,0,1,1,113,114,0.88
August 31 2022,Hudson,NJ,Passenger,1,0,1,31,32,3.12
August 31 2022,Island,WA,Passenger,859,381,1240,61915,63155,1.96
August 31 2022,Klickitat,WA,Passenger,106,54,160,15199,15359,1.04
August 31 2022,Louisa,VA,Passenger,0,1,1,1,2,50.00
June 30 2022,Dorchester,SC,Passenger,1,0,1,52,53,1.89
June 30 2022,Duval,FL,Passenger,1,2,3,269,272,1.10
June 30 2022,Ferry,WA,Passenger,19,4,23,4409,4432,0.52
June 30 2022,Fort Bend,TX,Passenger,1,0,1,27,28,3.57
June 30 2022,Galveston,TX,Passenger,0,1,1,18,19,5.26
June 30 2022,Grant,WA,Truck,0,0,0,28033,28033,0.00
June 30 2022,Harnett,NC,Passenger,2,0,2,146,148,1.35
June 30 2022,Hidalgo,TX,Passenger,0,1,1,56,57,1.75
June 30 2022,Honolulu,HI,Passenger,4,4,8,320,328,2.44
June 30 2022,Howard,IN,Passenger,0,1,1,4,5,20.00
June 30 2022,Howard,MD,Passenger,0,1,1,56,57,1.75
August 31 2022,Clackamas,OR,Passenger,2,0,2,133,135,1.48
August 31 2022,Clallam,WA,Truck,4,0,4,21882,21886,0.02
August 31 2022,Cumberland,PA,Passenger,1,0,1,35,36,2.78
August 31 2022,Dorchester,SC,Passenger,1,0,1,47,48,2.08
August 31 2022,Skamania,WA,Passenger,82,50,132,8154,8286,1.59
August 31 2022,Stevens,WA,Passenger,76,56,132,30079,30211,0.44
August 31 2022,Wahkiakum,WA,Passenger,24,12,36,3081,3117,1.15
August 31 2022,Walla Walla,WA,Passenger,179,104,283,35834,36117,0.78
August 31 2022,Whitman,WA,Passenger,94,62,156,22023,22179,0.70
August 31 2022,Williams,ND,Passenger,0,1,1,5,6,16.67
September 30 2022,Alameda,CA,Passenger,4,0,4,168,172,2.33
September 30 2022,Berkeley,SC,Passenger,0,1,1,110,111,0.90
April 30 2022,Platte,MO,Passenger,1,0,1,18,19,5.26
April 30 2022,Portsmouth,VA,Passenger,0,1,1,75,76,1.32
April 30 2022,Prince George's,MD,Passenger,2,1,3,122,125,2.40
April 30 2022,Rock Island,IL,Passenger,0,1,1,15,16,6.25
April 30 2022,Sarpy,NE,Passenger,1,0,1,51,52,1.92
April 30 2022,Sevier,AR,Passenger,0,1,1,0,1,100.00
April 30 2022,Skagit,WA,Passenger,752,328,1080,90322,91402,1.18
April 30 2022,Sonoma,CA,Passenger,0,1,1,72,73,1.37
April 30 2022,Spokane,WA,Passenger,1511,810,2321,325842,328163,0.71
April 30 2022,St. Louis,MO,Passenger,1,0,1,66,67,1.49
April 30 2022,Ventura,CA,Passenger,2,1,3,238,241,1.24
June 30 2022,King,WA,Passenger,40741,11320,52061,1350139,1402200,3.71
June 30 2022,Lincoln,WA,Truck,0,0,0,4833,4833,0.00
June 30 2022,Louisa,VA,Passenger,0,1,1,1,2,50.00
June 30 2022,Manassas,VA,Passenger,0,1,1,7,8,12.50
June 30 2022,Marin,CA,Passenger,0,1,1,31,32,3.12
June 30 2022,Mason,WA,Truck,1,0,1,21070,21071,0.00
June 30 2022,Monterey,CA,Passenger,1,1,2,128,130,1.54
June 30 2022,Montgomery,AL,Passenger,0,1,1,36,37,2.70
June 30 2022,Okanogan,WA,Truck,1,0,1,16652,16653,0.01
September 30 2022,Carroll,NH,Passenger,0,1,1,5,6,16.67
September 30 2022,Charles,MD,Passenger,1,1,2,53,55,3.64
September 30 2022,Denton,TX,Passenger,1,0,1,58,59,1.69
September 30 2022,Douglas,NE,Passenger,2,2,4,33,37,10.81
July 31 2022,Franklin,WA,Truck,1,0,1,20874,20875,0.00
July 31 2022,Hamilton,IN,Passenger,1,0,1,18,19,5.26
July 31 2022,Hoke,NC,Passenger,1,0,1,64,65,1.54
July 31 2022,Island,WA,Passenger,836,381,1217,61892,63109,1.93
July 31 2022,Kauai,HI,Passenger,1,0,1,15,16,6.25
July 31 2022,Kern,CA,Passenger,0,1,1,187,188,0.53
July 31 2022,King,WA,Truck,123,2,125,180426,180551,0.07
July 31 2022,Kittitas,WA,Truck,1,0,1,14618,14619,0.01
June 30 2022,Jefferson,WA,Truck,2,0,2,9464,9466,0.02
June 30 2022,Larimer,CO,Passenger,1,0,1,46,47,2.13
June 30 2022,Multnomah,OR,Passenger,0,3,3,523,526,0.57
June 30 2022,Nassau,NY,Passenger,2,0,2,23,25,8.00
June 30 2022,San Bernardino,CA,Passenger,1,1,2,321,323,0.62
June 30 2022,San Luis Obispo,CA,Passenger,1,0,1,54,55,1.82
June 30 2022,Santa Cruz,CA,Passenger,1,0,1,23,24,4.17
June 30 2022,Sarasota,FL,Passenger,2,0,2,23,25,8.00
June 30 2022,Saratoga,NY,Passenger,1,0,1,39,40,2.50
June 30 2022,Snohomish,WA,Passenger,8361,2529,10890,533077,543967,2.00
June 30 2022,Snohomish,WA,Truck,12,0,12,123924,123936,0.01
June 30 2022,Spartanburg,SC,Passenger,0,1,1,38,39,2.56
June 30 2022,St. Tammany,LA,Passenger,1,0,1,33,34,2.94
June 30 2022,Wahkiakum,WA,Passenger,23,11,34,3073,3107,1.09
June 30 2022,Wahkiakum,WA,Truck,0,0,0,1805,1805,0.00
July 31 2022,,,Passenger,3,1,4,343,347,1.15
August 31 2022,Elmore,ID,Passenger,1,0,1,13,14,7.14
August 31 2022,Ferry,WA,Truck,0,0,0,3587,3587,0.00
August 31 2022,Hamilton,IN,Passenger,1,0,1,17,18,5.56
August 31 2022,Hamilton,OH,Passenger,1,0,1,28,29,3.45
August 31 2022,Harris,TX,Passenger,1,0,1,124,125,0.80
August 31 2022,Jackson,OK,Passenger,0,1,1,31,32,3.12
August 31 2022,Jefferson,WA,Truck,3,0,3,9429,9432,0.03
August 31 2022,Lake,IL,Passenger,2,0,2,124,126,1.59
August 31 2022,Montgomery,MD,Passenger,4,2,6,188,194,3.09
August 31 2022,Multnomah,OR,Passenger,0,3,3,495,498,0.60
August 31 2022,Nassau,NY,Passenger,2,0,2,23,25,8.00
August 31 2022,Pend Oreille,WA,Truck,0,0,0,5637,5637,0.00
August 31 2022,Pierce,WA,Passenger,5430,2398,7828,543164,550992,1.42
August 31 2022,Placer,CA,Passenger,2,0,2,64,66,3.03
August 31 2022,Portsmouth,VA,Passenger,0,1,1,74,75,1.33
August 31 2022,Prince George's,MD,Passenger,3,1,4,111,115,3.48
August 31 2022,Randolph,NC,Passenger,1,0,1,5,6,16.67
April 30 2022,Whitman,WA,Truck,0,0,0,8588,8588,0.00
May 31 2022,Benton,WA,Truck,2,0,2,43556,43558,0.00
May 31 2022,Carroll,NH,Passenger,0,1,1,5,6,16.67
May 31 2022,Carson City,NV,Passenger,1,0,1,8,9,11.11
May 31 2022,Clark,WA,Truck,5,0,5,82919,82924,0.01
June 30 2022,Pierce,WA,Truck,6,0,6,141917,141923,0.00
June 30 2022,Platte,MO,Passenger,1,0,1,19,20,5.00
June 30 2022,Richmond,GA,Passenger,0,1,1,67,68,1.47
June 30 2022,Sheridan,WY,Passenger,1,0,1,6,7,14.29
June 30 2022,Skagit,WA,Truck,3,0,3,32356,32359,0.01
June 30 2022,Suffolk,MA,Passenger,0,1,1,19,20,5.00
June 30 2022,Sumter,SC,Passenger,0,1,1,30,31,3.23
June 30 2022,Tarrant,TX,Passenger,1,0,1,106,107,0.93
June 30 2022,Ulster,NY,Passenger,1,0,1,9,10,10.00
June 30 2022,Virginia Beach,VA,Passenger,2,0,2,512,514,0.39
September 30 2022,Jefferson,WA,Passenger,454,224,678,24448,25126,2.70
September 30 2022,Kauai,HI,Passenger,1,0,1,15,16,6.25
September 30 2022,King,WA,Truck,241,2,243,179698,179941,0.14
September 30 2022,Kings,CA,Passenger,2,1,3,287,290,1.03
September 30 2022,Kootenai,ID,Truck,1,0,1,32,33,3.03
September 30 2022,Lee,FL,Passenger,1,0,1,24,25,4.00
September 30 2022,Lincoln,WA,Passenger,10,16,26,7726,7752,0.34
September 30 2022,Loudoun,VA,Passenger,2,1,3,62,65,4.62
July 31 2022,Loudoun,VA,Passenger,2,1,3,63,66,4.55
July 31 2022,Mason,WA,Passenger,320,176,496,47147,47643,1.04
July 31 2022,New London,CT,Passenger,2,5,7,191,198,3.54
July 31 2022,Orange,FL,Passenger,1,0,1,81,82,1.22
July 31 2022,Pennington,SD,Passenger,2,0,2,24,26,7.69
July 31 2022,Pierce,WA,Passenger,5246,2336,7582,544121,551703,1.37
July 31 2022,Portsmouth,VA,Passenger,0,1,1,74,75,1.33
July 31 2022,Salt Lake,UT,Passenger,1,2,3,117,120,2.50
June 30 2022,Okanogan,WA,Passenger,83,50,133,26396,26529,0.50
June 30 2022,Oldham,KY,Passenger,0,1,1,4,5,20.00
June 30 2022,Pend Oreille,WA,Truck,0,0,0,5670,5670,0.00
June 30 2022,Placer,CA,Passenger,2,0,2,66,68,2.94
June 30 2022,Rockdale,GA,Passenger,1,0,1,8,9,11.11
June 30 2022,Sacramento,CA,Passenger,3,0,3,190,193,1.55
June 30 2022,Skamania,WA,Truck,0,0,0,3973,3973,0.00
June 30 2022,St. Mary's,MD,Passenger,1,0,1,193,194,0.52
July 31 2022,Bell,TX,Passenger,1,0,1,303,304,0.33
July 31 2022,Boulder,CO,Passenger,1,0,1,32,33,3.03
July 31 2022,Camden,NJ,Passenger,0,1,1,11,12,8.33
July 31 2022,Clark,NV,Passenger,4,3,7,490,497,1.41
July 31 2022,Collin,TX,Passenger,2,0,2,77,79,2.53
July 31 2022,Columbia,WA,Truck,0,0,0,1580,1580,0.00
July 31 2022,Douglas,OR,Passenger,1,0,1,24,25,4.00
July 31 2022,Douglas,WA,Truck,1,0,1,12750,12751,0.01
July 31 2022,Duval,FL,Passenger,1,2,3,265,268,1.12
August 31 2022,Manassas,VA,Passenger,0,1,1,7,8,12.50
August 31 2022,Maricopa,AZ,Passenger,6,2,8,794,802,1.00
August 31 2022,Mason,WA,Passenger,330,177,507,47045,47552,1.07
August 31 2022,Newport,RI,Passenger,1,0,1,67,68,1.47
August 31 2022,Orange,FL,Passenger,1,0,1,79,80,1.25
August 31 2022,Pacific,WA,Truck,0,0,0,7867,7867,0.00
August 31 2022,Plaquemines,LA,Passenger,1,1,2,16,18,11.11
August 31 2022,Pulaski,AR,Passenger,1,0,1,28,29,3.45
July 31 2022,Elmore,ID,Passenger,1,0,1,13,14,7.14
July 31 2022,Gwinnett,GA,Passenger,1,0,1,48,49,2.04
July 31 2022,Jefferson,WA,Passenger,442,219,661,24555,25216,2.62
July 31 2022,Kings,CA,Passenger,2,1,3,299,302,0.99
July 31 2022,Lake,FL,Passenger,1,0,1,17,18,5.56
May 31 2022,Columbia,GA,Passenger,0,1,1,98,99,1.01
May 31 2022,Coryell,TX,Passenger,1,0,1,100,101,0.99
May 31 2022,Cumberland,NC,Passenger,1,2,3,371,374,0.80
May 31 2022,Danville,VA,Passenger,1,0,1,0,1,100.00
May 31 2022,District of Columbia,DC,Passenger,5,0,5,175,180,2.78
May 31 2022,Douglas,NE,Passenger,1,2,3,41,44,6.82
May 31 2022,Fresno,CA,Passenger,1,0,1,138,139,0.72
May 31 2022,Goochland,VA,Passenger,3,2,5,124,129,3.88
May 31 2022,Grant,WA,Passenger,166,97,263,66728,66991,0.39
May 31 2022,Grays Harbor,WA,Passenger,205,158,363,49087,49450,0.73
May 31 2022,Grays Harbor,WA,Truck,0,0,0,21306,21306,0.00
May 31 2022,Greene,MO,Passenger,0,1,1,23,24,4.17
July 31 2022,Adams,WA,Passenger,19,10,29,12947,12976,0.22
July 31 2022,Arapahoe,CO,Passenger,0,1,1,77,78,1.28
July 31 2022,Bartow,GA,Passenger,0,1,1,3,4,25.00
July 31 2022,Burlington,NJ,Passenger,0,2,2,102,104,1.92
July 31 2022,Cape May,NJ,Passenger,0,1,1,7,8,12.50
July 31 2022,Charleston,SC,Passenger,2,2,4,61,65,6.15
July 31 2022,Clallam,WA,Passenger,432,246,678,49667,50345,1.35
July 31 2022,Clark,WA,Passenger,4232,1806,6038,315702,321740,1.88
July 31 2022,DeKalb,GA,Passenger,1,0,1,44,45,2.22
July 31 2022,District of Columbia,DC,Passenger,4,0,4,165,169,2.37
August 31 2022,San Diego,CA,Passenger,18,10,28,2164,2192,1.28
August 31 2022,San Joaquin,CA,Passenger,1,1,2,80,82,2.44
August 31 2022,Skagit,WA,Passenger,855,348,1203,89828,91031,1.32
August 31 2022,Skamania,WA,Truck,0,0,0,3909,3909,0.00
August 31 2022,Spokane,WA,Truck,10,0,10,102051,102061,0.01
August 31 2022,Yakima,WA,Passenger,364,204,568,166585,167153,0.34
September 30 2022,,,Passenger,2,1,3,341,344,0.87
September 30 2022,Adams,WA,Passenger,22,10,32,13021,13053,0.25
July 31 2022,San Juan,WA,Truck,4,0,4,5950,5954,0.07
July 31 2022,Sarpy,NE,Passenger,1,0,1,52,53,1.89
July 31 2022,Skagit,WA,Passenger,813,345,1158,89866,91024,1.27
July 31 2022,Sonoma,CA,Passenger,0,1,1,73,74,1.35
July 31 2022,Ventura,CA,Passenger,2,1,3,229,232,1.29
July 31 2022,Wahkiakum,WA,Passenger,24,12,36,3073,3109,1.16
August 31 2022,Rockdale,GA,Passenger,1,0,1,6,7,14.29
August 31 2022,Sedgwick,KS,Passenger,1,1,2,64,66,3.03
August 31 2022,Snohomish,WA,Truck,45,0,45,123247,123292,0.04
August 31 2022,St. Mary's,MD,Passenger,1,0,1,181,182,0.55
August 31 2022,St. Tammany,LA,Passenger,1,0,1,33,34,2.94
August 31 2022,Sumter,SC,Passenger,1,1,2,30,32,6.25
August 31 2022,Thurston,WA,Passenger,2326,1087,3413,193281,196694,1.74
August 31 2022,Wahkiakum,WA,Truck,1,0,1,1803,1804,0.06
July 31 2022,Lane,OR,Passenger,0,1,1,87,88,1.14
July 31 2022,Las Animas,CO,Passenger,1,0,1,1,2,50.00
July 31 2022,Okaloosa,FL,Passenger,0,1,1,101,102,0.98
July 31 2022,Pacific,WA,Truck,0,0,0,7886,7886,0.00
July 31 2022,Prince William,VA,Passenger,0,1,1,187,188,0.53
July 31 2022,Pulaski,AR,Passenger,1,0,1,27,28,3.57
September 30 2022,Montgomery,PA,Passenger,1,0,1,20,21,4.76
September 30 2022,Pacific,WA,Passenger,70,74,144,15794,15938,0.90
September 30 2022,Pend Oreille,WA,Passenger,18,12,30,9027,9057,0.33
September 30 2022,Pennington,SD,Passenger,2,0,2,24,26,7.69
September 30 2022,Salt Lake,UT,Passenger,1,2,3,111,114,2.63
September 30 2022,San Juan,WA,Passenger,536,162,698,14003,14701,4.75
September 30 2022,Santa Clara,CA,Passenger,10,2,12,192,204,5.88
September 30 2022,Skamania,WA,Passenger,85,51,136,8123,8259,1.65
September 30 2022,Solano,CA,Passenger,2,0,2,153,155,1.29
September 30 2022,Sonoma,CA,Passenger,0,1,1,67,68,1.47
September 30 2022,Anchorage,AK,Passenger,1,0,1,109,110,0.91
September 30 2022,Bexar,TX,Passenger,5,3,8,405,413,1.94
September 30 2022,Bryan,GA,Passenger,0,1,1,37,38,2.63
September 30 2022,Chesapeake,VA,Passenger,3,3,6,310,316,1.90
May 31 2022,Jefferson,NY,Passenger,0,1,1,204,205,0.49
May 31 2022,Lee,FL,Passenger,1,0,1,29,30,3.33
May 31 2022,Lewis,WA,Truck,0,0,0,26427,26427,0.00
May 31 2022,Los Angeles,CA,Passenger,8,8,16,767,783,2.04
May 31 2022,Mason,WA,Truck,1,0,1,21062,21063,0.00
May 31 2022,Middlesex,MA,Passenger,1,1,2,79,81,2.47
May 31 2022,Monterey,CA,Passenger,1,1,2,128,130,1.54
May 31 2022,Moore,NC,Passenger,0,1,1,115,116,0.86
June 30 2022,Travis,TX,Passenger,1,0,1,106,107,0.93
June 30 2022,Wake,NC,Passenger,1,0,1,79,80,1.25
June 30 2022,Walla Walla,WA,Passenger,172,101,273,35922,36195,0.75
June 30 2022,Walla Walla,WA,Truck,0,0,0,13934,13934,0.00
June 30 2022,Whitman,WA,Passenger,87,60,147,22027,22174,0.66
June 30 2022,Williams,ND,Passenger,0,1,1,6,7,14.29
July 31 2022,Adams,WA,Truck,1,0,1,5459,5460,0.02
July 31 2022,Allen,IN,Passenger,1,0,1,13,14,7.14
July 31 2022,Anchorage,AK,Passenger,1,0,1,116,117,0.85
July 31 2022,Asotin,WA,Passenger,24,19,43,12658,12701,0.34
July 31 2022,Bexar,TX,Passenger,4,3,7,429,436,1.61
July 31 2022,Broward,FL,Passenger,1,0,1,73,74,1.35
July 31 2022,Rockdale,GA,Passenger,1,0,1,7,8,12.50
July 31 2022,Rockingham,NH,Passenger,1,0,1,16,17,5.88
July 31 2022,Rogers,OK,Passenger,1,0,1,2,3,33.33
July 31 2022,Sumter,SC,Passenger,0,1,1,30,31,3.23
July 31 2022,Tarrant,TX,Passenger,1,0,1,99,100,1.00
July 31 2022,Thurston,WA,Passenger,2242,1066,3308,193714,197022,1.68
July 31 2022,Williams,ND,Passenger,0,1,1,5,6,16.67
September 30 2022,Anne Arundel,MD,Truck,1,0,1,41,42,2.38
September 30 2022,Asotin,WA,Truck,0,0,0,6712,6712,0.00
September 30 2022,Benton,WA,Passenger,833,480,1313,135649,136962,0.96
September 30 2022,Carroll,MD,Passenger,0,1,1,17,18,5.56
September 30 2022,Collin,TX,Passenger,2,0,2,69,71,2.82
September 30 2022,Columbia,WA,Truck,0,0,0,1580,1580,0.00
September 30 2022,Cowlitz,WA,Truck,3,0,3,28480,28483,0.01
July 31 2022,Fairfax,VA,Passenger,6,3,9,596,605,1.49
July 31 2022,Ferry,WA,Passenger,21,4,25,4378,4403,0.57
July 31 2022,Geary,KS,Passenger,1,0,1,83,84,1.19
July 31 2022,Howard,IN,Passenger,0,1,1,4,5,20.00
July 31 2022,Howard,MD,Passenger,0,1,1,54,55,1.82
July 31 2022,Kitsap,WA,Passenger,2464,1075,3539,178321,181860,1.95
July 31 2022,Klickitat,WA,Truck,0,0,0,8288,8288,0.00
July 31 2022,Larimer,CO,Passenger,1,0,1,45,46,2.17
July 31 2022,Leavenworth,KS,Passenger,1,1,2,103,105,1.90
August 31 2022,Allen,IN,Passenger,1,0,1,12,13,7.69
August 31 2022,Anchorage,AK,Passenger,1,0,1,113,114,0.88
August 31 2022,Bexar,TX,Passenger,5,3,8,417,425,1.88
August 31 2022,Chesapeake,VA,Passenger,3,3,6,316,322,1.86
September 30 2022,DeKalb,GA,Passenger,1,0,1,41,42,2.38
September 30 2022,Doña Ana,NM,Passenger,1,0,1,9,10,10.00
September 30 2022,Frederick,MD,Passenger,1,0,1,57,58,1.72
September 30 2022,Grant,WA,Passenger,201,108,309,66782,67091,0.46
September 30 2022,Grays Harbor,WA,Truck,2,0,2,21186,21188,0.01
September 30 2022,Houston,GA,Passenger,1,0,1,30,31,3.23
May 31 2022,Onslow,NC,Passenger,0,1,1,159,160,0.62
May 31 2022,Pend Oreille,WA,Passenger,16,11,27,9013,9040,0.30
May 31 2022,Pima,AZ,Passenger,1,0,1,227,228,0.44
May 31 2022,Ray,MO,Passenger,0,1,1,1,2,50.00
May 31 2022,San Luis Obispo,CA,Passenger,1,0,1,55,56,1.79
May 31 2022,Saratoga,NY,Passenger,1,0,1,38,39,2.56
May 31 2022,Spartanburg,SC,Passenger,0,1,1,40,41,2.44
July 31 2022,Moore,NC,Passenger,0,1,1,111,112,0.89
July 31 2022,Oldham,KY,Passenger,0,1,1,4,5,20.00
July 31 2022,Orange,CA,Passenger,6,2,8,336,344,2.33
July 31 2022,Philadelphia,PA,Passenger,1,0,1,35,36,2.78
July 31 2022,Carroll,MD,Passenger,0,1,1,16,17,5.88
July 31 2022,Clallam,WA,Truck,3,0,3,21901,21904,0.01
July 31 2022,El Paso,CO,Passenger,2,1,3,591,594,0.51
July 31 2022,Garfield,WA,Passenger,1,3,4,1326,1330,0.30
September 30 2022,Washington,MD,Passenger,2,0,2,15,17,11.76
September 30 2022,Whatcom,WA,Passenger,1949,772,2721,148849,151570,1.80
September 30 2022,Wichita,TX,Passenger,2,0,2,35,37,5.41
September 30 2022,Wilson,TX,Passenger,0,1,1,2,3,33.33
September 30 2022,Wood,OH,Passenger,0,1,1,4,5,20.00
October 31 2022,Anne Arundel,MD,Passenger,5,4,9,301,310,2.90
October 31 2022,Benton,WA,Truck,7,0,7,43366,43373,0.02
October 31 2022,Chelan,WA,Truck,8,0,8,23072,23080,0.03
October 31 2022,Clark,WA,Truck,31,0,31,82151,82182,0.04
August 31 2022,Benton,WA,Passenger,815,471,1286,135420,136706,0.94
August 31 2022,Benton,WA,Truck,5,0,5,43440,43445,0.01
August 31 2022,Bryan,GA,Passenger,0,1,1,36,37,2.70
August 31 2022,Chelan,WA,Truck,5,0,5,23064,23069,0.02
August 31 2022,Clark,WA,Truck,17,0,17,82417,82434,0.02
August 31 2022,Columbia,GA,Passenger,0,1,1,90,91,1.10
August 31 2022,Coryell,TX,Passenger,1,0,1,90,91,1.10
August 31 2022,Cowlitz,WA,Truck,2,0,2,28470,28472,0.01
August 31 2022,Danville,VA,Passenger,1,0,1,0,1,100.00
August 31 2022,Douglas,OR,Passenger,1,0,1,24,25,4.00
August 31 2022,Douglas,WA,Truck,1,0,1,12761,12762,0.01
August 31 2022,El Paso,TX,Passenger,2,0,2,316,318,0.63
September 30 2022,Essex,NJ,Passenger,2,0,2,7,9,22.22
September 30 2022,Franklin,WA,Truck,2,0,2,20933,20935,0.01
September 30 2022,Garfield,WA,Passenger,1,3,4,1324,1328,0.30
September 30 2022,Hoke,NC,Passenger,1,0,1,60,61,1.64
September 30 2022,Island,WA,Truck,10,0,10,21296,21306,0.05
September 30 2022,Kern,CA,Passenger,1,1,2,188,190,1.05
September 30 2022,Kitsap,WA,Passenger,2573,1112,3685,177990,181675,2.03
September 30 2022,Klickitat,WA,Truck,2,0,2,8261,8263,0.02
July 31 2022,Harrison,MS,Passenger,1,0,1,43,44,2.27
July 31 2022,Kitsap,WA,Truck,13,0,13,53435,53448,0.02
July 31 2022,Lake,IL,Passenger,2,0,2,130,132,1.52
July 31 2022,Lewis,WA,Passenger,246,177,423,59710,60133,0.70
July 31 2022,Manassas,VA,Passenger,0,1,1,7,8,12.50
July 31 2022,Marin,CA,Passenger,0,1,1,29,30,3.33
August 31 2022,Goochland,VA,Passenger,1,1,2,89,91,2.20
August 31 2022,Grant,WA,Passenger,198,106,304,66786,67090,0.45
August 31 2022,Gwinnett,GA,Passenger,1,0,1,50,51,1.96
August 31 2022,Island,WA,Truck,9,0,9,21334,21343,0.04
August 31 2022,Jefferson,NY,Passenger,0,1,1,197,198,0.51
August 31 2022,Lake,FL,Passenger,1,0,1,17,18,5.56
October 31 2022,Cowlitz,WA,Passenger,381,184,565,70328,70893,0.80
October 31 2022,Danville,VA,Passenger,1,0,1,0,1,100.00
October 31 2022,Dorchester,SC,Passenger,1,0,1,44,45,2.22
October 31 2022,El Paso,TX,Passenger,2,0,2,303,305,0.66
October 31 2022,Fort Bend,TX,Passenger,1,0,1,23,24,4.17
October 31 2022,Garfield,WA,Truck,0,0,0,978,978,0.00
October 31 2022,Goochland,VA,Passenger,0,1,1,68,69,1.45
October 31 2022,Harnett,NC,Passenger,2,0,2,139,141,1.42
October 31 2022,Harris,TX,Passenger,1,0,1,123,124,0.81
October 31 2022,Hawaii,HI,Passenger,1,0,1,28,29,3.45
October 31 2022,Hidalgo,TX,Passenger,0,1,1,50,51,1.96
October 31 2022,Honolulu,HI,Passenger,3,3,6,297,303,1.98
September 30 2022,Jefferson,NY,Passenger,0,1,1,196,197,0.51
September 30 2022,King,WA,Passenger,43518,11790,55308,1345305,1400613,3.95
September 30 2022,Kittitas,WA,Truck,4,0,4,14602,14606,0.03
September 30 2022,Louisa,VA,Passenger,0,1,1,1,2,50.00
September 30 2022,Mason,WA,Truck,4,0,4,21010,21014,0.02
September 30 2022,Middlesex,MA,Passenger,2,1,3,70,73,4.11
September 30 2022,Monterey,CA,Passenger,1,1,2,118,120,1.67
September 30 2022,Moore,NC,Passenger,0,1,1,108,109,0.92
September 30 2022,Okanogan,WA,Truck,1,0,1,16530,16531,0.01
August 31 2022,DeKalb,GA,Passenger,1,0,1,43,44,2.27
August 31 2022,Doña Ana,NM,Passenger,1,0,1,9,10,10.00
August 31 2022,El Paso,CO,Passenger,3,1,4,582,586,0.68
August 31 2022,Ferry,WA,Passenger,20,4,24,4398,4422,0.54
August 31 2022,Garfield,WA,Truck,0,0,0,977,977,0.00
August 31 2022,Houston,GA,Passenger,1,0,1,31,32,3.12
August 31 2022,King,WA,Passenger,42961,11641,54602,1346497,1401099,3.90
August 31 2022,Kittitas,WA,Passenger,284,88,372,29617,29989,1.24
August 31 2022,Kittitas,WA,Truck,3,0,3,14622,14625,0.02
July 31 2022,Riverside,CA,Passenger,7,1,8,433,441,1.81
July 31 2022,Sacramento,CA,Passenger,3,0,3,191,194,1.55
July 31 2022,San Mateo,CA,Passenger,2,0,2,75,77,2.60
July 31 2022,Sarasota,FL,Passenger,2,0,2,22,24,8.33
July 31 2022,Stafford,VA,Passenger,2,1,3,82,85,3.53
July 31 2022,Stevens,WA,Passenger,72,54,126,30101,30227,0.42
July 31 2022,Suffolk,VA,Passenger,1,0,1,118,119,0.84
July 31 2022,Thurston,WA,Truck,8,0,8,55378,55386,0.01
July 31 2022,Travis,TX,Passenger,1,0,1,100,101,0.99
July 31 2022,Whitman,WA,Passenger,88,60,148,21980,22128,0.67
May 31 2022,Whatcom,WA,Passenger,1799,729,2528,148964,151492,1.67
June 30 2022,Broward,FL,Passenger,1,0,1,74,75,1.33
June 30 2022,Chelan,WA,Passenger,461,126,587,54355,54942,1.07
June 30 2022,Chelan,WA,Truck,3,0,3,23068,23071,0.01
June 30 2022,Clallam,WA,Passenger,421,249,670,49793,50463,1.33
July 31 2022,Nueces,TX,Passenger,1,1,2,52,54,3.70
July 31 2022,Okanogan,WA,Truck,1,0,1,16593,16594,0.01
July 31 2022,Owyhee,ID,Passenger,1,0,1,2,3,33.33
July 31 2022,Platte,MO,Passenger,1,0,1,19,20,5.00
July 31 2022,Prince George's,MD,Passenger,3,1,4,112,116,3.45
July 31 2022,Rock Island,IL,Passenger,0,1,1,14,15,6.67
July 31 2022,San Bernardino,CA,Passenger,1,1,2,311,313,0.64
September 30 2022,Onslow,NC,Passenger,0,1,1,158,159,0.63
September 30 2022,Platte,MO,Passenger,1,0,1,20,21,4.76
September 30 2022,Sarpy,NE,Passenger,1,0,1,49,50,2.00
September 30 2022,Suffolk,VA,Passenger,1,0,1,115,116,0.86
September 30 2022,Ventura,CA,Passenger,2,1,3,225,228,1.32
September 30 2022,Virginia Beach,VA,Passenger,2,0,2,490,492,0.41
August 31 2022,Mason,WA,Truck,4,0,4,20991,20995,0.02
August 31 2022,Monterey,CA,Passenger,1,1,2,125,127,1.57
August 31 2022,Pierce,WA,Truck,34,0,34,140898,140932,0.02
August 31 2022,Ray,MO,Passenger,0,1,1,1,2,50.00
August 31 2022,Richmond,GA,Passenger,0,1,1,62,63,1.59
September 30 2022,Lincoln,WA,Truck,0,0,0,4851,4851,0.00
September 30 2022,Manassas,VA,Passenger,0,1,1,7,8,12.50
September 30 2022,Marin,CA,Passenger,0,1,1,29,30,3.33
September 30 2022,Montgomery,AL,Passenger,0,1,1,35,36,2.78
September 30 2022,New London,CT,Passenger,2,4,6,190,196,3.06
September 30 2022,Okaloosa,FL,Passenger,0,1,1,97,98,1.02
September 30 2022,Orange,CA,Passenger,5,2,7,319,326,2.15
September 30 2022,Pacific,WA,Truck,0,0,0,7879,7879,0.00
September 30 2022,Philadelphia,PA,Passenger,1,0,1,37,38,2.63
September 30 2022,Pierce,WA,Truck,46,0,46,140515,140561,0.03
September 30 2022,Pulaski,AR,Passenger,1,0,1,28,29,3.45
September 30 2022,Richmond,GA,Passenger,0,1,1,61,62,1.61
August 31 2022,Adams,CO,Passenger,1,0,1,37,38,2.63
August 31 2022,Asotin,WA,Passenger,24,18,42,12625,12667,0.33
August 31 2022,Broward,FL,Passenger,1,0,1,68,69,1.45
August 31 2022,Calvert,MD,Passenger,0,2,2,74,76,2.63
August 31 2022,Camden,NJ,Passenger,0,1,1,11,12,8.33
October 31 2022,Jefferson,WA,Truck,5,0,5,9396,9401,0.05
October 31 2022,Multnomah,OR,Passenger,0,3,3,466,469,0.64
October 31 2022,Nassau,NY,Passenger,1,0,1,21,22,4.55
October 31 2022,Newport,RI,Passenger,1,0,1,63,64,1.56
October 31 2022,Okanogan,WA,Passenger,96,49,145,26288,26433,0.55
August 31 2022,Lincoln,WA,Passenger,9,16,25,7698,7723,0.32
August 31 2022,Montgomery,PA,Passenger,1,0,1,20,21,4.76
August 31 2022,Okanogan,WA,Passenger,88,48,136,26327,26463,0.51
August 31 2022,Okanogan,WA,Truck,1,0,1,16546,16547,0.01
August 31 2022,Owyhee,ID,Passenger,1,0,1,2,3,33.33
August 31 2022,Pennington,SD,Passenger,2,0,2,23,25,8.00
August 31 2022,Penobscot,ME,Passenger,0,1,1,8,9,11.11
August 31 2022,Platte,MO,Passenger,1,0,1,20,21,4.76
August 31 2022,Douglas,CO,Passenger,0,1,1,63,64,1.56
August 31 2022,Juneau,AK,Passenger,0,1,1,27,28,3.57
August 31 2022,Kitsap,WA,Truck,19,0,19,53311,53330,0.04
September 30 2022,Riverside,CA,Passenger,7,0,7,419,426,1.64
September 30 2022,San Juan,WA,Truck,6,0,6,5954,5960,0.10
September 30 2022,San Mateo,CA,Passenger,2,0,2,70,72,2.78
September 30 2022,Sheridan,WY,Passenger,1,0,1,5,6,16.67
September 30 2022,Stafford,VA,Passenger,2,1,3,81,84,3.57
September 30 2022,Sumter,SC,Passenger,1,1,2,30,32,6.25
September 30 2022,Tarrant,TX,Passenger,1,0,1,92,93,1.08
September 30 2022,Ulster,NY,Passenger,1,0,1,7,8,12.50
October 31 2022,Bartow,GA,Passenger,0,1,1,3,4,25.00
June 30 2022,Columbia,WA,Passenger,7,0,7,2445,2452,0.29
June 30 2022,Cowlitz,WA,Passenger,336,172,508,70751,71259,0.71
June 30 2022,Fairbanks North Star,AK,Passenger,0,1,1,75,76,1.32
June 30 2022,Fairfax,VA,Passenger,6,3,9,603,612,1.47
June 30 2022,Geary,KS,Passenger,1,0,1,83,84,1.19
June 30 2022,Harrison,MS,Passenger,1,0,1,46,47,2.13
June 30 2022,Hawaii,HI,Passenger,1,0,1,36,37,2.70
June 30 2022,Island,WA,Passenger,819,380,1199,61976,63175,1.90
July 31 2022,Sevier,AR,Passenger,0,1,1,0,1,100.00
July 31 2022,Sheridan,WY,Passenger,1,0,1,7,8,12.50
July 31 2022,Snohomish,WA,Passenger,8662,2566,11228,531683,542911,2.07
July 31 2022,Spokane,WA,Passenger,1677,865,2542,324934,327476,0.78
July 31 2022,St. Louis,MO,Passenger,1,0,1,59,60,1.67
July 31 2022,St. Tammany,LA,Passenger,1,0,1,33,34,2.94
July 31 2022,Ulster,NY,Passenger,1,0,1,8,9,11.11
August 31 2022,Saratoga,NY,Passenger,1,0,1,39,40,2.50
August 31 2022,Skagit,WA,Truck,5,0,5,32242,32247,0.02
August 31 2022,Spartanburg,SC,Passenger,0,1,1,35,36,2.78
August 31 2022,Stevens,WA,Truck,1,0,1,18934,18935,0.01
August 31 2022,Tarrant,TX,Passenger,1,0,1,98,99,1.01
August 31 2022,Whatcom,WA,Truck,13,0,13,43153,43166,0.03
September 30 2022,Adams,CO,Passenger,1,0,1,35,36,2.78
October 31 2022,Penobscot,ME,Passenger,0,1,1,8,9,11.11
October 31 2022,Queens,NY,Passenger,1,0,1,33,34,2.94
October 31 2022,Saratoga,NY,Passenger,1,0,1,37,38,2.63
October 31 2022,Skamania,WA,Truck,0,0,0,3902,3902,0.00
October 31 2022,St. Mary's,MD,Passenger,1,0,1,172,173,0.58
October 31 2022,Stevens,WA,Truck,2,0,2,18910,18912,0.01
October 31 2022,Wahkiakum,WA,Truck,1,0,1,1801,1802,0.06
October 31 2022,Walla Walla,WA,Truck,3,0,3,13946,13949,0.02
September 30 2022,Yakima,WA,Passenger,376,210,586,166594,167180,0.35
October 31 2022,Adams,CO,Passenger,1,0,1,34,35,2.86
October 31 2022,Adams,WA,Passenger,22,12,34,13047,13081,0.26
October 31 2022,Arapahoe,CO,Passenger,0,1,1,73,74,1.35
October 31 2022,Cape May,NJ,Passenger,0,1,1,7,8,12.50
October 31 2022,Champaign,IL,Passenger,1,0,1,9,10,10.00
October 31 2022,Charleston,SC,Passenger,2,2,4,55,59,6.78
October 31 2022,Clark,WA,Passenger,4608,1925,6533,315208,321741,2.03
October 31 2022,Columbia,GA,Passenger,0,1,1,87,88,1.14
August 31 2022,Lane,OR,Passenger,0,1,1,83,84,1.19
August 31 2022,Las Animas,CO,Passenger,1,0,1,1,2,50.00
August 31 2022,Lewis,WA,Passenger,243,177,420,59741,60161,0.70
August 31 2022,Lincoln,OR,Passenger,0,1,1,22,23,4.35
August 31 2022,New Haven,CT,Passenger,0,2,2,26,28,7.14
August 31 2022,Norfolk,VA,Passenger,2,3,5,278,283,1.77
August 31 2022,Nueces,TX,Passenger,1,1,2,50,52,3.85
August 31 2022,Queens,NY,Passenger,1,0,1,37,38,2.63
August 31 2022,Sacramento,CA,Passenger,3,0,3,187,190,1.58
August 31 2022,Santa Clara,CA,Passenger,10,2,12,201,213,5.63
August 31 2022,Sarpy,NE,Passenger,1,0,1,49,50,2.00
August 31 2022,Sonoma,CA,Passenger,0,1,1,69,70,1.43
August 31 2022,Suffolk,VA,Passenger,1,0,1,117,118,0.85
August 31 2022,Travis,TX,Passenger,1,0,1,95,96,1.04
August 31 2022,Ventura,CA,Passenger,2,1,3,228,231,1.30
August 31 2022,Virginia Beach,VA,Passenger,2,0,2,500,502,0.40
August 31 2022,Walla Walla,WA,Truck,2,0,2,13917,13919,0.01
August 31 2022,Washington,MD,Passenger,2,0,2,15,17,11.76
August 31 2022,Whitman,WA,Truck,2,0,2,8571,8573,0.02
August 31 2022,Williamson,TX,Passenger,0,2,2,74,76,2.63
June 30 2022,Klickitat,WA,Passenger,103,55,158,15252,15410,1.03
June 30 2022,Pierce,WA,Passenger,5063,2310,7373,546221,553594,1.33
June 30 2022,Pinellas,FL,Passenger,0,1,1,72,73,1.37
June 30 2022,Portsmouth,VA,Passenger,0,1,1,76,77,1.30
June 30 2022,Prince George's,MD,Passenger,3,1,4,116,120,3.33
August 31 2022,Berkeley,SC,Passenger,0,1,1,110,111,0.90
August 31 2022,Carroll,NH,Passenger,0,1,1,5,6,16.67
August 31 2022,Collin,TX,Passenger,2,0,2,74,76,2.63
August 31 2022,Columbia,WA,Passenger,8,0,8,2439,2447,0.33
August 31 2022,Columbia,WA,Truck,0,0,0,1577,1577,0.00
August 31 2022,Cumberland,NC,Passenger,1,2,3,347,350,0.86
August 31 2022,District of Columbia,DC,Passenger,4,0,4,160,164,2.44
August 31 2022,Douglas,NE,Passenger,1,2,3,34,37,8.11
October 31 2022,Whitman,WA,Truck,3,0,3,8610,8613,0.03
October 31 2022,Williamson,TX,Passenger,0,2,2,64,66,3.03
November 30 2022,Alexandria,VA,Passenger,4,2,6,98,104,5.77
November 30 2022,Asotin,WA,Truck,0,0,0,6694,6694,0.00
November 30 2022,Beaufort,SC,Passenger,1,0,1,22,23,4.35
October 31 2022,District of Columbia,DC,Passenger,4,0,4,156,160,2.50
October 31 2022,Douglas,CO,Passenger,0,1,1,61,62,1.61
October 31 2022,Essex,NJ,Passenger,2,0,2,7,9,22.22
October 31 2022,Hamilton,OH,Truck,1,0,1,3,4,25.00
October 31 2022,Howard,MD,Passenger,0,1,1,51,52,1.92
October 31 2022,Jefferson,NY,Passenger,0,1,1,194,195,0.51
October 31 2022,Kitsap,WA,Passenger,2632,1127,3759,177726,181485,2.07
September 30 2022,Benton,WA,Truck,5,0,5,43420,43425,0.01
September 30 2022,Broward,FL,Passenger,1,0,1,67,68,1.47
September 30 2022,Chelan,WA,Truck,6,0,6,23090,23096,0.03
September 30 2022,Columbia,GA,Passenger,0,1,1,89,90,1.11
September 30 2022,Coryell,TX,Passenger,1,0,1,87,88,1.14
September 30 2022,Cowlitz,WA,Passenger,368,180,548,70410,70958,0.77
October 31 2022,Benton,WA,Passenger,867,485,1352,135784,137136,0.99
October 31 2022,Burlington,NJ,Passenger,0,2,2,94,96,2.08
October 31 2022,Calvert,MD,Passenger,0,2,2,74,76,2.63
October 31 2022,Clallam,WA,Passenger,456,256,712,49466,50178,1.42
October 31 2022,Cowlitz,WA,Truck,4,0,4,28465,28469,0.01
October 31 2022,DeKalb,GA,Passenger,1,0,1,40,41,2.44
October 31 2022,Doña Ana,NM,Passenger,1,0,1,9,10,10.00
October 31 2022,Fairfax,VA,Passenger,6,3,9,574,583,1.54
October 31 2022,Ferry,WA,Passenger,24,4,28,4384,4412,0.63
August 31 2022,Wilson,TX,Passenger,0,1,1,2,3,33.33
September 30 2022,Arapahoe,CO,Passenger,0,1,1,71,72,1.39
September 30 2022,Bell,TX,Passenger,1,0,1,294,295,0.34
September 30 2022,Boulder,CO,Passenger,1,0,1,31,32,3.12
September 30 2022,Camden,NJ,Passenger,0,1,1,11,12,8.33
September 30 2022,Cape May,NJ,Passenger,0,1,1,7,8,12.50
September 30 2022,Clackamas,OR,Passenger,1,0,1,133,134,0.75
September 30 2022,Clark,NV,Passenger,4,3,7,455,462,1.52
September 30 2022,Dorchester,SC,Passenger,1,0,1,47,48,2.08
September 30 2022,Douglas,CO,Passenger,0,1,1,62,63,1.59
September 30 2022,Duval,FL,Passenger,1,2,3,256,259,1.16
August 31 2022,Richmond,NY,Passenger,1,0,1,6,7,14.29
August 31 2022,Rock Island,IL,Passenger,0,1,1,15,16,6.25
August 31 2022,Rockingham,NH,Passenger,1,0,1,17,18,5.56
August 31 2022,Rogers,OK,Passenger,1,0,1,2,3,33.33
August 31 2022,San Bernardino,CA,Passenger,1,1,2,303,305,0.66
August 31 2022,Santa Cruz,CA,Passenger,1,0,1,21,22,4.55
August 31 2022,Sevier,AR,Passenger,0,1,1,0,1,100.00
August 31 2022,Snohomish,WA,Passenger,8929,2596,11525,531398,542923,2.12
August 31 2022,Spokane,WA,Passenger,1744,882,2626,324840,327466,0.80
August 31 2022,St. Clair,IL,Passenger,2,0,2,115,117,1.71
August 31 2022,St. Louis,MO,Passenger,1,0,1,57,58,1.72
November 30 2022,Collin,TX,Passenger,2,0,2,55,57,3.51
November 30 2022,Cowlitz,WA,Passenger,389,189,578,70270,70848,0.82
November 30 2022,Dallas,TX,Passenger,1,0,1,88,89,1.12
November 30 2022,Galveston,TX,Passenger,0,1,1,16,17,5.88
November 30 2022,Hamilton,OH,Passenger,1,0,1,28,29,3.45
November 30 2022,Harris,TX,Passenger,1,0,1,121,122,0.82
November 30 2022,Hawaii,HI,Passenger,1,0,1,25,26,3.85
November 30 2022,Hoke,NC,Passenger,1,0,1,58,59,1.69
November 30 2022,Island,WA,Passenger,922,395,1317,61579,62896,2.09
November 30 2022,Jackson,OK,Passenger,0,1,1,31,32,3.12
October 31 2022,Leavenworth,KS,Passenger,1,1,2,99,101,1.98
October 31 2022,Lincoln,OR,Passenger,0,1,1,19,20,5.00
October 31 2022,Lincoln,WA,Truck,0,0,0,4861,4861,0.00
October 31 2022,Mason,WA,Truck,6,0,6,20933,20939,0.03
October 31 2022,Monterey,CA,Passenger,1,1,2,120,122,1.64
October 31 2022,Montgomery,AL,Passenger,0,1,1,32,33,3.03
October 31 2022,Moore,NC,Passenger,0,1,1,109,110,0.91
October 31 2022,Napa,CA,Passenger,0,1,1,10,11,9.09
October 31 2022,Norfolk,VA,Passenger,3,3,6,275,281,2.14
October 31 2022,Orange,CA,Passenger,5,2,7,314,321,2.18
September 30 2022,Goochland,VA,Passenger,0,1,1,77,78,1.28
September 30 2022,Hamilton,OH,Passenger,1,0,1,28,29,3.45
September 30 2022,Harris,TX,Passenger,1,0,1,125,126,0.79
September 30 2022,Hawaii,HI,Passenger,1,0,1,29,30,3.33
September 30 2022,Island,WA,Passenger,879,383,1262,61784,63046,2.00
September 30 2022,Jackson,OK,Passenger,0,1,1,31,32,3.12
September 30 2022,Lewis,WA,Passenger,252,176,428,59851,60279,0.71
October 31 2022,Geary,KS,Passenger,1,0,1,78,79,1.27
October 31 2022,Houston,GA,Passenger,1,0,1,27,28,3.57
October 31 2022,Island,WA,Truck,14,0,14,21280,21294,0.07
October 31 2022,King,WA,Passenger,45387,11922,57309,1343275,1400584,4.09
October 31 2022,Klickitat,WA,Truck,3,0,3,8246,8249,0.04
September 30 2022,Elmore,ID,Passenger,1,0,1,13,14,7.14
September 30 2022,Ferry,WA,Truck,0,0,0,3617,3617,0.00
September 30 2022,Franklin,WA,Passenger,231,112,343,61944,62287,0.55
September 30 2022,Harnett,NC,Passenger,2,0,2,140,142,1.41
September 30 2022,Hidalgo,TX,Passenger,0,1,1,53,54,1.85
September 30 2022,Honolulu,HI,Passenger,3,3,6,304,310,1.94
September 30 2022,Howard,MD,Passenger,0,1,1,53,54,1.85
September 30 2022,Jefferson,WA,Truck,3,0,3,9388,9391,0.03
August 31 2022,Geary,KS,Passenger,1,0,1,81,82,1.22
August 31 2022,Grays Harbor,WA,Passenger,218,163,381,48847,49228,0.77
August 31 2022,Grays Harbor,WA,Truck,2,0,2,21214,21216,0.01
August 31 2022,Kings,CA,Passenger,2,1,3,291,294,1.02
August 31 2022,Klickitat,WA,Truck,2,0,2,8268,8270,0.02
August 31 2022,Kootenai,ID,Truck,1,0,1,32,33,3.03
August 31 2022,Lee,FL,Passenger,1,0,1,25,26,3.85
August 31 2022,Lewis,WA,Truck,0,0,0,26342,26342,0.00
August 31 2022,Los Angeles,CA,Passenger,7,7,14,722,736,1.90
June 30 2022,Randolph,NC,Passenger,1,0,1,5,6,16.67
June 30 2022,Richmond,NY,Passenger,1,0,1,6,7,14.29
June 30 2022,Rock Island,IL,Passenger,0,1,1,14,15,6.67
June 30 2022,San Joaquin,CA,Passenger,1,1,2,85,87,2.30
June 30 2022,Sevier,AR,Passenger,0,1,1,0,1,100.00
June 30 2022,Skagit,WA,Passenger,780,337,1117,90152,91269,1.22
June 30 2022,Spokane,WA,Passenger,1602,849,2451,325572,328023,0.75
June 30 2022,Spokane,WA,Truck,1,0,1,102280,102281,0.00
June 30 2022,St. Louis,MO,Passenger,1,0,1,61,62,1.61
June 30 2022,Stevens,WA,Passenger,68,54,122,30187,30309,0.40
June 30 2022,Whatcom,WA,Truck,7,0,7,43366,43373,0.02
October 31 2022,Ray,MO,Passenger,0,1,1,1,2,50.00
October 31 2022,Riverside,CA,Passenger,7,0,7,411,418,1.67
July 31 2019,Orange,CA,Passenger,6,1,7,527,534,1.31
June 30 2019,Harris,TX,Passenger,1,1,2,244,246,0.81
June 30 2019,Hawaii,HI,Passenger,1,0,1,57,58,1.72
June 30 2019,Island,WA,Passenger,317,240,557,63384,63941,0.87
June 30 2019,Kent,MI,Passenger,0,1,1,21,22,4.55
June 30 2019,Kitsap,WA,Truck,1,0,1,54101,54102,0.00
June 30 2019,Lewis,WA,Passenger,99,92,191,59123,59314,0.32
June 30 2019,Columbia,WA,Truck,0,0,0,1532,1532,0.00
June 30 2019,Cowlitz,WA,Truck,0,0,0,28873,28873,0.00
June 30 2019,Dakota,MN,Passenger,0,1,1,37,38,2.63
June 30 2019,DeKalb,IN,Passenger,1,0,1,1,2,50.00
June 30 2019,Franklin,WA,Truck,0,0,0,19272,19272,0.00
June 30 2019,Garfield,WA,Passenger,1,1,2,1299,1301,0.15
July 31 2019,Grays Harbor,WA,Truck,0,0,0,20535,20535,0.00
July 31 2019,Klickitat,WA,Truck,0,0,0,8255,8255,0.00
July 31 2019,Lake,FL,Passenger,1,0,1,20,21,4.76
June 30 2019,Mason,WA,Truck,0,0,0,20362,20362,0.00
June 30 2019,Mecklenburg,NC,Passenger,1,0,1,86,87,1.15
June 30 2019,Middlesex,MA,Passenger,1,1,2,119,121,1.65
June 30 2019,Monroe,IL,Passenger,1,0,1,5,6,16.67
June 30 2019,Monterey,CA,Passenger,0,1,1,191,192,0.52
June 30 2019,Moore,NC,Passenger,0,1,1,186,187,0.53
June 30 2019,Norfolk,MA,Passenger,1,0,1,37,38,2.63
June 30 2019,Okanogan,WA,Truck,0,0,0,16479,16479,0.00
July 31 2019,Asotin,WA,Passenger,12,8,20,12659,12679,0.16
July 31 2019,Bexar,TX,Passenger,2,5,7,657,664,1.05
July 31 2019,Caddo,LA,Passenger,0,1,1,22,23,4.35
July 31 2019,DeKalb,GA,Passenger,1,0,1,77,78,1.28
July 31 2019,Los Angeles,CA,Passenger,8,5,13,1108,1121,1.16
July 31 2019,Maricopa,AZ,Passenger,7,5,12,1528,1540,0.78
July 31 2019,Maui,HI,Passenger,1,0,1,44,45,2.22
July 31 2019,Montgomery,MD,Passenger,1,0,1,281,282,0.35
July 31 2019,Richland,SC,Passenger,0,1,1,165,166,0.60
July 31 2019,Riverside,CA,Passenger,3,2,5,653,658,0.76
July 31 2019,Saginaw,MI,Passenger,1,0,1,11,12,8.33
July 31 2019,San Juan,WA,Truck,0,0,0,5891,5891,0.00
July 31 2019,Santa Fe,NM,Passenger,0,1,1,39,40,2.50
July 31 2019,Solano,CA,Passenger,1,0,1,219,220,0.45
May 31 2019,Brevard,FL,Passenger,0,1,1,84,85,1.18
May 31 2019,Bucks,PA,Passenger,1,0,1,18,19,5.26
May 31 2019,Charles,MD,Passenger,0,1,1,85,86,1.16
May 31 2019,Charleston,SC,Passenger,1,0,1,120,121,0.83
May 31 2019,Chelan,WA,Passenger,153,67,220,54337,54557,0.40
May 31 2019,Clallam,WA,Passenger,167,137,304,50571,50875,0.60
May 31 2019,Clark,NV,Passenger,3,2,5,692,697,0.72
May 31 2019,Clay,FL,Passenger,0,1,1,89,90,1.11
May 31 2019,Dale,AL,Passenger,0,1,1,60,61,1.64
May 31 2019,Duval,FL,Passenger,1,2,3,374,377,0.80
June 30 2019,Manatee,FL,Passenger,1,0,1,32,33,3.03
June 30 2019,Mason,WA,Passenger,124,122,246,47191,47437,0.52
June 30 2019,Montgomery,TX,Passenger,2,0,2,61,63,3.17
June 30 2019,Newport,RI,Passenger,1,0,1,89,90,1.11
June 30 2019,Norfolk,VA,Passenger,2,1,3,354,357,0.84
June 30 2019,Nueces,TX,Passenger,1,1,2,99,101,1.98
June 30 2019,Owyhee,ID,Passenger,1,0,1,5,6,16.67
June 30 2019,Pierce,WA,Passenger,1809,1556,3365,543109,546474,0.62
June 30 2019,Portsmouth,VA,Passenger,0,1,1,75,76,1.32
June 30 2019,Pima,AZ,Passenger,0,1,1,396,397,0.25
June 30 2019,Putnam,TN,Passenger,0,1,1,3,4,25.00
June 30 2019,Sarasota,FL,Passenger,1,0,1,24,25,4.00
June 30 2019,Shelby,TN,Passenger,0,1,1,92,93,1.08
June 30 2019,Spartanburg,SC,Passenger,0,1,1,36,37,2.70
June 30 2019,Travis,TX,Passenger,2,1,3,197,200,1.50
June 30 2019,Ventura,CA,Passenger,0,2,2,318,320,0.62
June 30 2019,Virginia Beach,VA,Passenger,1,0,1,723,724,0.14
July 31 2019,Tulsa,OK,Passenger,1,1,2,44,46,4.35
July 31 2019,Valencia,NM,Passenger,1,0,1,6,7,14.29
August 31 2019,Benton,WA,Passenger,280,291,571,134349,134920,0.42
August 31 2019,Cascade,MT,Passenger,0,1,1,61,62,1.61
July 31 2019,Middlesex,MA,Passenger,1,1,2,116,118,1.69
July 31 2019,Monroe,IL,Passenger,1,0,1,5,6,16.67
July 31 2019,Moore,NC,Passenger,0,1,1,183,184,0.54
July 31 2019,Osceola,FL,Passenger,1,0,1,41,42,2.38
July 31 2019,Pacific,WA,Truck,0,0,0,7670,7670,0.00
July 31 2019,Palm Beach,FL,Passenger,0,1,1,81,82,1.22
July 31 2019,Pend Oreille,WA,Truck,0,0,0,5730,5730,0.00
July 31 2019,Pima,AZ,Passenger,0,1,1,395,396,0.25
July 31 2019,Placer,CA,Passenger,1,0,1,100,101,0.99
June 30 2019,Howard,MD,Passenger,0,1,1,76,77,1.30
June 30 2019,Island,WA,Truck,0,0,0,21261,21261,0.00
June 30 2019,Kern,CA,Passenger,0,1,1,224,225,0.44
June 30 2019,Kitsap,WA,Passenger,1049,605,1654,180817,182471,0.91
June 30 2019,Klickitat,WA,Truck,0,0,0,8251,8251,0.00
June 30 2019,Kootenai,ID,Passenger,1,1,2,220,222,0.90
June 30 2019,Lincoln,WA,Truck,0,0,0,4676,4676,0.00
June 30 2019,Montgomery,AL,Passenger,0,1,1,45,46,2.17
July 31 2019,El Paso,CO,Passenger,2,1,3,753,756,0.40
July 31 2019,Garfield,WA,Truck,0,0,0,961,961,0.00
July 31 2019,Guadalupe,TX,Passenger,1,0,1,73,74,1.35
July 31 2019,Houston,GA,Passenger,1,0,1,54,55,1.82
July 31 2019,King,WA,Passenger,19629,7112,26741,1391351,1418092,1.89
July 31 2019,King,WA,Truck,5,1,6,182276,182282,0.00
July 31 2019,Ramsey,MN,Passenger,1,0,1,39,40,2.50
July 31 2019,Rogers,OK,Passenger,1,0,1,6,7,14.29
July 31 2019,Stevens,WA,Truck,0,0,0,18701,18701,0.00
July 31 2019,Prince George's,MD,Passenger,1,1,2,175,177,1.13
July 31 2019,Randolph,NC,Passenger,1,0,1,6,7,14.29
July 31 2019,San Joaquin,CA,Passenger,1,0,1,128,129,0.78
July 31 2019,San Juan,WA,Passenger,220,72,292,14446,14738,1.98
July 31 2019,Sangamon,IL,Passenger,1,0,1,6,7,14.29
July 31 2019,Santa Clara,CA,Passenger,4,2,6,366,372,1.61
July 31 2019,Sedgwick,KS,Passenger,1,1,2,99,101,1.98
July 31 2019,Snohomish,WA,Truck,0,0,0,122623,122623,0.00
July 31 2019,Spokane,WA,Truck,1,0,1,95245,95246,0.00
July 31 2019,Thurston,WA,Passenger,905,652,1557,198189,199746,0.78
July 31 2019,Tuolumne,CA,Passenger,0,1,1,12,13,7.69
May 31 2019,Grant,WA,Truck,0,0,0,26532,26532,0.00
May 31 2019,Jefferson,WA,Passenger,191,119,310,25003,25313,1.22
May 31 2019,King,WA,Truck,5,1,6,181947,181953,0.00
June 30 2019,Whitman,WA,Passenger,31,46,77,22714,22791,0.34
July 31 2019,Adams,WA,Passenger,5,6,11,12835,12846,0.09
July 31 2019,Arlington,VA,Passenger,0,2,2,157,159,1.26
July 31 2019,Boone,MO,Passenger,0,1,1,10,11,9.09
July 31 2019,Bucks,PA,Passenger,1,0,1,21,22,4.55
July 31 2019,Camden,NJ,Passenger,0,1,1,25,26,3.85
July 31 2019,Cape May,NJ,Passenger,0,1,1,15,16,6.25
July 31 2019,Charleston,SC,Passenger,1,0,1,116,117,0.85
July 31 2019,Kittitas,WA,Truck,0,0,0,14486,14486,0.00
July 31 2019,Lincoln,WA,Passenger,2,10,12,7795,7807,0.15
July 31 2019,Montgomery,PA,Passenger,2,0,2,37,39,5.13
July 31 2019,Yakima,WA,Passenger,109,107,216,165398,165614,0.13
August 31 2019,Ada,ID,Passenger,0,2,2,305,307,0.65
August 31 2019,Albemarle,VA,Passenger,1,0,1,22,23,4.35
August 31 2019,Bergen,NJ,Passenger,1,0,1,26,27,3.70
August 31 2019,Calvert,MD,Passenger,0,2,2,89,91,2.20
August 31 2019,Clackamas,OR,Passenger,1,1,2,220,222,0.90
May 31 2019,Lee,FL,Passenger,1,0,1,50,51,1.96
May 31 2019,Loudoun,VA,Passenger,1,0,1,97,98,1.02
May 31 2019,Nantucket,MA,Passenger,1,0,1,2,3,33.33
July 31 2019,Washtenaw,MI,Passenger,1,0,1,41,42,2.38
July 31 2019,Wayne,MI,Passenger,0,1,1,68,69,1.45
August 31 2019,Alexandria,VA,Passenger,1,0,1,148,149,0.67
August 31 2019,Asotin,WA,Truck,0,0,0,6682,6682,0.00
June 30 2019,New London,CT,Passenger,0,2,2,244,246,0.81
June 30 2019,Orange,CA,Passenger,6,1,7,534,541,1.29
June 30 2019,Pierce,WA,Truck,0,0,0,139787,139787,0.00
June 30 2019,Polk,FL,Passenger,1,0,1,68,69,1.45
June 30 2019,Richmond,GA,Passenger,0,1,1,97,98,1.02
June 30 2019,Riverside,CA,Passenger,2,2,4,655,659,0.61
June 30 2019,San Mateo,CA,Passenger,2,1,3,116,119,2.52
June 30 2019,Shasta,CA,Passenger,1,0,1,42,43,2.33
June 30 2019,Saginaw,MI,Passenger,1,0,1,11,12,8.33
June 30 2019,San Juan,WA,Truck,0,0,0,5867,5867,0.00
June 30 2019,Santa Cruz,CA,Passenger,1,0,1,41,42,2.38
June 30 2019,Santa Fe,NM,Passenger,0,1,1,39,40,2.50
June 30 2019,Skagit,WA,Passenger,298,200,498,91945,92443,0.54
June 30 2019,Snohomish,WA,Passenger,3473,1593,5066,531515,536581,0.94
June 30 2019,Spokane,WA,Passenger,539,433,972,311805,312777,0.31
June 30 2019,Valencia,NM,Passenger,1,0,1,7,8,12.50
July 31 2019,Okanogan,WA,Truck,0,0,0,16488,16488,0.00
July 31 2019,Owyhee,ID,Passenger,1,0,1,5,6,16.67
July 31 2019,Penobscot,ME,Passenger,0,1,1,13,14,7.14
August 31 2019,DeKalb,IN,Passenger,1,0,1,1,2,50.00
August 31 2019,Ferry,WA,Truck,0,0,0,3579,3579,0.00
August 31 2019,Franklin,WA,Passenger,51,72,123,60234,60357,0.20
August 31 2019,Chelan,WA,Truck,0,0,0,22366,22366,0.00
August 31 2019,Columbia,WA,Passenger,2,2,4,2455,2459,0.16
August 31 2019,Cowlitz,WA,Passenger,107,108,215,73289,73504,0.29
August 31 2019,Cowlitz,WA,Truck,0,0,0,28906,28906,0.00
August 31 2019,Dakota,MN,Passenger,0,1,1,38,39,2.56
August 31 2019,Denver,CO,Passenger,1,0,1,129,130,0.77
August 31 2019,El Paso,TX,Passenger,3,0,3,484,487,0.62
August 31 2019,Fairbanks North Star,AK,Passenger,0,1,1,100,101,0.99
August 31 2019,Fairfax,VA,Passenger,3,2,5,768,773,0.65
August 31 2019,Flathead,MT,Passenger,1,0,1,65,66,1.52
May 31 2019,Pinal,AZ,Passenger,2,0,2,197,199,1.01
May 31 2019,Prince William,VA,Passenger,1,4,5,251,256,1.95
May 31 2019,Skamania,WA,Passenger,23,17,40,8721,8761,0.46
May 31 2019,Tulsa,OK,Passenger,1,1,2,44,46,4.35
August 31 2019,Collin,TX,Passenger,1,1,2,131,133,1.50
August 31 2019,Columbia,WA,Truck,0,0,0,1531,1531,0.00
August 31 2019,Dallas,TX,Passenger,1,0,1,210,211,0.47
August 31 2019,Franklin,WA,Truck,0,0,0,19494,19494,0.00
July 31 2019,Clark,NV,Passenger,4,3,7,693,700,1.00
July 31 2019,Clark,WA,Passenger,1589,944,2533,314933,317466,0.80
July 31 2019,DeKalb,IN,Passenger,1,0,1,1,2,50.00
July 31 2019,District of Columbia,DC,Passenger,1,1,2,210,212,0.94
July 31 2019,Duval,FL,Passenger,1,2,3,375,378,0.79
July 31 2019,Fresno,CA,Passenger,1,0,1,194,195,0.51
July 31 2019,Fulton,GA,Passenger,0,2,2,102,104,1.92
July 31 2019,,,Passenger,4,1,5,431,436,1.15
July 31 2019,Benton,WA,Passenger,270,289,559,134171,134730,0.41
July 31 2019,Brevard,FL,Passenger,0,1,1,82,83,1.20
July 31 2019,Carroll,NH,Passenger,0,1,1,3,4,25.00
July 31 2019,Ventura,CA,Passenger,0,2,2,316,318,0.63
July 31 2019,Virginia Beach,VA,Passenger,1,0,1,719,720,0.14
July 31 2019,Whitman,WA,Truck,0,0,0,8630,8630,0.00
July 31 2019,Williamson,TX,Passenger,0,2,2,145,147,1.36
July 31 2019,Wilson,TX,Passenger,0,1,1,6,7,14.29
August 31 2019,Allegheny,PA,Passenger,1,0,1,77,78,1.28
June 30 2019,Skagit,WA,Truck,1,0,1,32445,32446,0.00
June 30 2019,Stevens,WA,Passenger,19,31,50,31695,31745,0.16
June 30 2019,Suffolk,MA,Passenger,0,1,1,39,40,2.50
June 30 2019,Sumter,FL,Passenger,0,1,1,10,11,9.09
June 30 2019,Tarrant,TX,Passenger,2,0,2,202,204,0.98
June 30 2019,Thurston,WA,Truck,0,0,0,55120,55120,0.00
June 30 2019,Whatcom,WA,Truck,2,0,2,42912,42914,0.00
July 31 2019,Ada,ID,Passenger,0,2,2,307,309,0.65
May 31 2019,Wahkiakum,WA,Passenger,2,2,4,3018,3022,0.13
May 31 2019,Walla Walla,WA,Passenger,46,57,103,36167,36270,0.28
June 30 2019,Allegheny,PA,Passenger,1,0,1,76,77,1.30
June 30 2019,Brevard,FL,Passenger,0,1,1,84,85,1.18
August 31 2019,Island,WA,Passenger,335,244,579,63458,64037,0.90
August 31 2019,Jefferson,WA,Truck,0,0,0,9677,9677,0.00
August 31 2019,Jones,GA,Passenger,1,0,1,1,2,50.00
August 31 2019,Kern,CA,Passenger,0,1,1,225,226,0.44
August 31 2019,Kittitas,WA,Truck,0,0,0,14521,14521,0.00
August 31 2019,Hawaii,HI,Passenger,1,0,1,57,58,1.72
August 31 2019,Island,WA,Truck,0,0,0,21276,21276,0.00
August 31 2019,Klickitat,WA,Passenger,37,35,72,15625,15697,0.46
August 31 2019,Klickitat,WA,Truck,0,0,0,8293,8293,0.00
August 31 2019,Kootenai,ID,Passenger,1,1,2,220,222,0.90
August 31 2019,Manatee,FL,Passenger,1,0,1,34,35,2.86
July 31 2019,Howard,MD,Passenger,0,1,1,76,77,1.30
July 31 2019,Jefferson,NY,Passenger,0,2,2,218,220,0.91
July 31 2019,Kent,MI,Passenger,0,1,1,21,22,4.55
July 31 2019,Lewis,WA,Passenger,100,96,196,59368,59564,0.33
July 31 2019,Lincoln,WA,Truck,0,0,0,4684,4684,0.00
August 31 2019,Hennepin,MN,Passenger,3,1,4,104,108,3.70
August 31 2019,Houston,GA,Passenger,1,0,1,55,56,1.79
August 31 2019,King,WA,Passenger,20007,7202,27209,1393188,1420397,1.92
August 31 2019,Kittitas,WA,Passenger,79,44,123,29748,29871,0.41
August 31 2019,Klamath,OR,Passenger,1,0,1,36,37,2.70
August 31 2019,Lincoln,WA,Passenger,2,10,12,7788,7800,0.15
August 31 2019,Lincoln,WA,Truck,0,0,0,4683,4683,0.00
July 31 2019,Broward,FL,Passenger,2,1,3,126,129,2.33
July 31 2019,Calvert,MD,Passenger,0,2,2,89,91,2.20
July 31 2019,Cascade,MT,Passenger,0,1,1,62,63,1.59
July 31 2019,Chelan,WA,Passenger,161,68,229,54431,54660,0.42
July 31 2019,Clallam,WA,Passenger,177,144,321,50647,50968,0.63
July 31 2019,Cochise,AZ,Passenger,0,1,1,111,112,0.89
July 31 2019,Cowlitz,WA,Truck,0,0,0,28875,28875,0.00
July 31 2019,Dale,AL,Passenger,0,1,1,61,62,1.61
July 31 2019,Deschutes,OR,Passenger,2,0,2,154,156,1.28
July 31 2019,Douglas,NE,Passenger,0,1,1,61,62,1.61
July 31 2019,Douglas,WA,Passenger,60,37,97,28079,28176,0.34
July 31 2019,Frederick,MD,Passenger,1,1,2,81,83,2.41
July 31 2019,Grant,WA,Passenger,43,61,104,65021,65125,0.16
July 31 2019,Mason,WA,Truck,0,0,0,20413,20413,0.00
July 31 2019,Montgomery,AL,Passenger,0,1,1,45,46,2.17
July 31 2019,Nantucket,MA,Passenger,1,0,1,2,3,33.33
July 31 2019,Norfolk,VA,Passenger,2,2,4,357,361,1.11
July 31 2019,Nueces,TX,Passenger,1,1,2,93,95,2.11
June 30 2019,Carroll,NH,Passenger,0,1,1,3,4,25.00
June 30 2019,Carson City,NV,Passenger,1,0,1,11,12,8.33
June 30 2019,Clackamas,OR,Passenger,1,1,2,217,219,0.91
June 30 2019,Columbia,WA,Passenger,2,2,4,2450,2454,0.16
June 30 2019,Cumberland,NC,Passenger,0,2,2,507,509,0.39
June 30 2019,Douglas,NE,Passenger,0,1,1,62,63,1.59
June 30 2019,Franklin,WA,Passenger,52,70,122,59911,60033,0.20
August 31 2019,Benton,WA,Truck,0,0,0,42178,42178,0.00
August 31 2019,Carroll,NH,Passenger,0,1,1,3,4,25.00
August 31 2019,Carson City,NV,Passenger,1,0,1,11,12,8.33
August 31 2019,Clark,WA,Passenger,1648,959,2607,315558,318165,0.82
August 31 2019,Clark,WA,Truck,0,0,0,80864,80864,0.00
August 31 2019,Cumberland,NC,Passenger,0,2,2,498,500,0.40
August 31 2019,District of Columbia,DC,Passenger,1,1,2,208,210,0.95
August 31 2019,Montgomery,AL,Passenger,0,1,1,43,44,2.27
August 31 2019,Montgomery,PA,Passenger,2,0,2,37,39,5.13
August 31 2019,San Juan,WA,Passenger,225,73,298,14441,14739,2.02
July 31 2019,Jefferson,WA,Passenger,202,118,320,25067,25387,1.26
July 31 2019,Lee,FL,Passenger,1,0,1,51,52,1.92
August 31 2019,Mason,WA,Passenger,130,127,257,47433,47690,0.54
August 31 2019,Montgomery,TX,Passenger,1,0,1,61,62,1.61
August 31 2019,New London,CT,Passenger,0,2,2,246,248,0.81
August 31 2019,Newport,RI,Passenger,1,0,1,88,89,1.12
August 31 2019,Pacific,WA,Truck,0,0,0,7682,7682,0.00
August 31 2019,Pend Oreille,WA,Truck,0,0,0,5721,5721,0.00
August 31 2019,Pierce,WA,Passenger,1931,1584,3515,544835,548350,0.64
August 31 2019,Placer,CA,Passenger,1,0,1,99,100,1.00
July 31 2019,Dakota,MN,Passenger,0,1,1,37,38,2.63
July 31 2019,Fairfax,VA,Passenger,3,2,5,789,794,0.63
July 31 2019,Ferry,WA,Passenger,5,2,7,4399,4406,0.16
July 31 2019,Grant,WA,Truck,0,0,0,26704,26704,0.00
August 31 2019,Pacific,WA,Passenger,23,29,52,16051,16103,0.32
August 31 2019,Pierce,WA,Truck,0,0,0,140330,140330,0.00
August 31 2019,Pinellas,FL,Passenger,1,1,2,116,118,1.69
August 31 2019,Polk,FL,Passenger,1,0,1,68,69,1.45
August 31 2019,Randolph,NC,Passenger,1,0,1,6,7,14.29
August 31 2019,Richmond,GA,Passenger,0,1,1,97,98,1.02
August 31 2019,San Joaquin,CA,Passenger,1,0,1,131,132,0.76
August 31 2019,San Mateo,CA,Passenger,2,1,3,116,119,2.52
August 31 2019,Shasta,CA,Passenger,1,0,1,40,41,2.44
August 31 2019,Shelby,OH,Passenger,0,1,1,1,2,50.00
August 31 2019,Skagit,WA,Truck,1,0,1,32555,32556,0.00
August 31 2019,Spokane,WA,Truck,1,0,1,95534,95535,0.00
August 31 2019,Stevens,WA,Passenger,22,29,51,31708,31759,0.16
August 31 2019,Santa Clara,CA,Passenger,4,2,6,367,373,1.61
August 31 2019,Sedgwick,KS,Passenger,1,1,2,98,100,2.00
August 31 2019,Shelby,TN,Passenger,0,1,1,92,93,1.08
August 31 2019,Solano,CA,Passenger,1,0,1,212,213,0.47
August 31 2019,Tuolumne,CA,Passenger,0,1,1,11,12,8.33
August 31 2019,Virginia Beach,VA,Passenger,1,0,1,711,712,0.14
August 31 2019,Wilson,TX,Passenger,0,1,1,6,7,14.29
July 31 2019,Putnam,TN,Passenger,0,1,1,3,4,25.00
July 31 2019,Santa Cruz,CA,Passenger,1,0,1,39,40,2.50
July 31 2019,Sarasota,FL,Passenger,1,0,1,24,25,4.00
July 31 2019,Snohomish,WA,Passenger,3556,1617,5173,532745,537918,0.96
July 31 2019,Spartanburg,SC,Passenger,0,1,1,37,38,2.63
July 31 2019,Sumter,FL,Passenger,0,1,1,10,11,9.09
July 31 2019,Thurston,WA,Truck,0,0,0,55257,55257,0.00
July 31 2019,Wahkiakum,WA,Passenger,2,2,4,3008,3012,0.13
August 31 2019,Douglas,NE,Passenger,0,1,1,59,60,1.67
August 31 2019,Fresno,CA,Passenger,1,0,1,194,195,0.51
August 31 2019,Fulton,GA,Passenger,0,2,2,102,104,1.92
August 31 2019,Goochland,VA,Passenger,1,1,2,255,257,0.78
August 31 2019,Grays Harbor,WA,Passenger,88,85,173,48115,48288,0.36
August 31 2019,Grays Harbor,WA,Truck,0,0,0,20569,20569,0.00
August 31 2019,Greene,MO,Passenger,0,1,1,33,34,2.94
August 31 2019,Harris,TX,Passenger,1,1,2,247,249,0.80
August 31 2019,Jefferson,NY,Passenger,0,2,2,218,220,0.91
July 31 2019,Island,WA,Truck,0,0,0,21312,21312,0.00
July 31 2019,Juneau,AK,Passenger,0,2,2,31,33,6.06
July 31 2019,Kootenai,ID,Passenger,1,1,2,221,223,0.90
July 31 2019,Larimer,CO,Passenger,1,0,1,58,59,1.69
July 31 2019,Manatee,FL,Passenger,1,0,1,31,32,3.12
July 31 2019,Marion,OR,Passenger,1,0,1,117,118,0.85
July 31 2019,Mecklenburg,NC,Passenger,1,0,1,88,89,1.12
July 31 2019,New Haven,CT,Passenger,0,2,2,47,49,4.08
July 31 2019,Pacific,WA,Passenger,24,30,54,16034,16088,0.34
July 31 2019,Pend Oreille,WA,Passenger,4,6,10,9537,9547,0.10
July 31 2019,Pinal,AZ,Passenger,2,0,2,194,196,1.02
July 31 2019,Powhatan,VA,Passenger,1,0,1,0,1,100.00
July 31 2019,Prince William,VA,Passenger,1,3,4,249,253,1.58
July 31 2019,RÃ­o Grande,PR,Passenger,1,0,1,1,2,50.00
July 31 2019,Richmond,GA,Passenger,0,1,1,95,96,1.04
August 31 2019,Portsmouth,VA,Passenger,0,1,1,80,81,1.23
August 31 2019,Ramsey,MN,Passenger,1,0,1,38,39,2.56
August 31 2019,Saginaw,MI,Passenger,1,0,1,12,13,7.69
August 31 2019,San Juan,WA,Truck,0,0,0,5892,5892,0.00
August 31 2019,Santa Fe,NM,Passenger,0,1,1,39,40,2.50
August 31 2019,Santa Rosa,FL,Passenger,1,0,1,88,89,1.12
August 31 2019,Skagit,WA,Passenger,310,209,519,92312,92831,0.56
August 31 2019,St. Mary's,MD,Passenger,1,0,1,220,221,0.45
August 31 2019,Valencia,NM,Passenger,1,0,1,6,7,14.29
August 31 2019,Ventura,CA,Passenger,0,2,2,314,316,0.63
August 31 2019,Volusia,FL,Passenger,0,1,1,38,39,2.56
June 30 2019,Grays Harbor,WA,Passenger,73,85,158,47921,48079,0.33
June 30 2019,Hennepin,MN,Passenger,2,1,3,101,104,2.88
June 30 2019,Kittitas,WA,Passenger,81,38,119,29610,29729,0.40
June 30 2019,Klamath,OR,Passenger,1,0,1,36,37,2.70
June 30 2019,Lewis,WA,Truck,0,0,0,25955,25955,0.00
June 30 2019,Lincoln,WA,Passenger,2,8,10,7778,7788,0.13
June 30 2019,Los Angeles,CA,Passenger,8,5,13,1096,1109,1.17
June 30 2019,Loudoun,VA,Passenger,1,0,1,97,98,1.02
August 31 2019,Yakima,WA,Truck,0,0,0,59390,59390,0.00
September 30 2019,,,Passenger,5,1,6,434,440,1.36
September 30 2019,Boone,MO,Passenger,0,1,1,10,11,9.09
September 30 2019,Calvert,MD,Passenger,0,2,2,91,93,2.15
September 30 2019,Camden,NJ,Passenger,0,1,1,24,25,4.00
August 31 2019,Stevens,WA,Truck,0,0,0,18714,18714,0.00
August 31 2019,Suffolk,MA,Passenger,0,1,1,37,38,2.63
August 31 2019,Tarrant,TX,Passenger,2,0,2,201,203,0.99
August 31 2019,Whatcom,WA,Truck,2,0,2,43001,43003,0.00
September 30 2019,Alameda,CA,Passenger,4,1,5,293,298,1.68
September 30 2019,Arlington,VA,Passenger,0,2,2,153,155,1.29
August 31 2019,Asotin,WA,Passenger,12,7,19,12643,12662,0.15
August 31 2019,Boone,MO,Passenger,0,1,1,10,11,9.09
August 31 2019,Brevard,FL,Passenger,0,1,1,83,84,1.19
August 31 2019,Broward,FL,Passenger,2,1,3,128,131,2.29
August 31 2019,Bucks,PA,Passenger,1,0,1,23,24,4.17
September 30 2019,Charles,MD,Passenger,0,1,1,86,87,1.15
September 30 2019,Charleston,SC,Passenger,1,0,1,115,116,0.86
September 30 2019,Clallam,WA,Truck,1,0,1,21841,21842,0.00
September 30 2019,Clay,FL,Passenger,0,1,1,86,87,1.15
September 30 2019,DuPage,IL,Passenger,3,0,3,62,65,4.62
June 30 2019,Montgomery,PA,Passenger,2,0,2,37,39,5.13
June 30 2019,Pacific,WA,Passenger,25,29,54,15980,16034,0.34
June 30 2019,Pend Oreille,WA,Passenger,4,5,9,9530,9539,0.09
July 31 2019,Norfolk,MA,Passenger,1,0,1,38,39,2.56
July 31 2019,Oldham,KY,Passenger,0,1,1,5,6,16.67
July 31 2019,Pierce,WA,Truck,0,0,0,140016,140016,0.00
July 31 2019,Polk,FL,Passenger,1,0,1,66,67,1.49
July 31 2019,San Mateo,CA,Passenger,2,1,3,118,121,2.48
July 31 2019,Shelby,OH,Passenger,0,1,1,1,2,50.00
July 31 2019,Shelby,TN,Passenger,0,1,1,90,91,1.10
July 31 2019,Skagit,WA,Truck,1,0,1,32526,32527,0.00
July 31 2019,Spokane,WA,Passenger,557,435,992,312730,313722,0.32
July 31 2019,St. Clair,IL,Passenger,0,1,1,160,161,0.62
August 31 2019,Lewis,WA,Truck,0,0,0,25989,25989,0.00
August 31 2019,Los Angeles,CA,Passenger,8,6,14,1101,1115,1.26
August 31 2019,Maricopa,AZ,Passenger,7,5,12,1528,1540,0.78
August 31 2019,Mason,WA,Truck,0,0,0,20414,20414,0.00
August 31 2019,Middlesex,MA,Passenger,1,1,2,115,117,1.71
August 31 2019,Monroe,IL,Passenger,1,0,1,5,6,16.67
August 31 2019,Moore,NC,Passenger,0,1,1,182,183,0.55
August 31 2019,Osceola,FL,Passenger,1,0,1,41,42,2.38
August 31 2019,Yakima,WA,Passenger,112,108,220,165636,165856,0.13
September 30 2019,Adams,WA,Passenger,5,5,10,12887,12897,0.08
September 30 2019,Asotin,WA,Truck,0,0,0,6680,6680,0.00
September 30 2019,Berkshire,MA,Passenger,0,1,1,4,5,20.00
September 30 2019,Contra Costa,CA,Passenger,2,2,4,373,377,1.06
September 30 2019,Cook,IL,Passenger,1,0,1,240,241,0.41
September 30 2019,Deschutes,OR,Passenger,3,0,3,152,155,1.94
September 30 2019,Douglas,WA,Passenger,62,37,99,28209,28308,0.35
September 30 2019,Douglas,WA,Truck,0,0,0,12274,12274,0.00
September 30 2019,Ferry,WA,Truck,0,0,0,3583,3583,0.00
September 30 2019,Frederick,MD,Passenger,1,1,2,80,82,2.44
September 30 2019,Harris,TX,Passenger,1,1,2,244,246,0.81
September 30 2019,Jones,GA,Passenger,1,0,1,1,2,50.00
September 30 2019,Kent,MI,Passenger,0,1,1,23,24,4.17
September 30 2019,Kitsap,WA,Truck,1,0,1,54219,54220,0.00
September 30 2019,Lake,IL,Passenger,1,0,1,163,164,0.61
July 31 2019,San Diego,CA,Passenger,10,3,13,2746,2759,0.47
July 31 2019,Shasta,CA,Passenger,1,0,1,40,41,2.44
July 31 2019,Skamania,WA,Passenger,25,18,43,8741,8784,0.49
July 31 2019,Suffolk,MA,Passenger,0,1,1,37,38,2.63
July 31 2019,Tarrant,TX,Passenger,2,0,2,201,203,0.99
July 31 2019,Whatcom,WA,Passenger,883,436,1319,151125,152444,0.87
August 31 2019,Adams,WA,Passenger,5,5,10,12843,12853,0.08
August 31 2019,Anne Arundel,MD,Passenger,1,2,3,439,442,0.68
September 30 2019,Juneau,AK,Passenger,0,2,2,28,30,6.67
September 30 2019,Maui,HI,Passenger,1,0,1,40,41,2.44
August 31 2019,Camden,NJ,Passenger,0,1,1,24,25,4.00
August 31 2019,Chelan,WA,Passenger,165,70,235,54454,54689,0.43
August 31 2019,Clallam,WA,Passenger,184,148,332,50735,51067,0.65
August 31 2019,Clark,NV,Passenger,4,3,7,694,701,1.00
August 31 2019,Dale,AL,Passenger,0,1,1,58,59,1.69
August 31 2019,Douglas,WA,Truck,0,0,0,12263,12263,0.00
August 31 2019,Duval,FL,Passenger,1,2,3,377,380,0.79
August 31 2019,El Paso,CO,Passenger,2,1,3,753,756,0.40
August 31 2019,Pend Oreille,WA,Passenger,5,6,11,9495,9506,0.12
August 31 2019,Pima,AZ,Passenger,1,1,2,392,394,0.51
August 31 2019,Putnam,TN,Passenger,0,1,1,3,4,25.00
August 31 2019,Santa Cruz,CA,Passenger,1,0,1,38,39,2.56
August 31 2019,Sarasota,FL,Passenger,1,0,1,27,28,3.57
August 31 2019,Saratoga,NY,Passenger,1,0,1,52,53,1.89
August 31 2019,Snohomish,WA,Truck,0,0,0,122864,122864,0.00
August 31 2019,Spartanburg,SC,Passenger,0,1,1,38,39,2.56
August 31 2019,Twin Falls,ID,Passenger,0,1,1,26,27,3.70
August 31 2019,Vigo,IN,Passenger,1,0,1,6,7,14.29
August 31 2019,Berkshire,MA,Passenger,0,1,1,4,5,20.00
August 31 2019,Cape May,NJ,Passenger,0,1,1,14,15,6.67
August 31 2019,DeKalb,GA,Passenger,1,0,1,78,79,1.27
September 30 2019,New Haven,CT,Passenger,0,2,2,47,49,4.08
September 30 2019,Palm Beach,FL,Passenger,0,1,1,80,81,1.23
September 30 2019,Rogers,OK,Passenger,1,0,1,6,7,14.29
September 30 2019,San Diego,CA,Passenger,10,4,14,2787,2801,0.50
September 30 2019,Sangamon,IL,Passenger,1,0,1,6,7,14.29
September 30 2019,Chesapeake,VA,Passenger,0,1,1,446,447,0.22
September 30 2019,Clark,WA,Passenger,1701,982,2683,316100,318783,0.84
September 30 2019,Columbia,WA,Truck,0,0,0,1536,1536,0.00
September 30 2019,DeKalb,GA,Passenger,1,0,1,79,80,1.25
September 30 2019,District of Columbia,DC,Passenger,1,1,2,208,210,0.95
September 30 2019,Ferry,WA,Passenger,5,2,7,4423,4430,0.16
June 30 2019,San Joaquin,CA,Passenger,1,0,1,126,127,0.79
June 30 2019,San Juan,WA,Passenger,212,72,284,14409,14693,1.93
June 30 2019,Santa Clara,CA,Passenger,5,2,7,365,372,1.88
June 30 2019,Snohomish,WA,Truck,0,0,0,122379,122379,0.00
June 30 2019,Solano,CA,Passenger,1,0,1,215,216,0.46
June 30 2019,Spokane,WA,Truck,1,0,1,94864,94865,0.00
June 30 2019,Whatcom,WA,Passenger,853,428,1281,150720,152001,0.84
June 30 2019,Wilson,TX,Passenger,0,1,1,6,7,14.29
August 31 2019,Jefferson,WA,Passenger,205,122,327,25076,25403,1.29
August 31 2019,King,WA,Truck,6,1,7,182272,182279,0.00
August 31 2019,Lake,FL,Passenger,1,0,1,21,22,4.55
September 30 2019,Lewis,WA,Passenger,107,101,208,59364,59572,0.35
September 30 2019,Manassas,VA,Passenger,0,1,1,6,7,14.29
September 30 2019,Maricopa,AZ,Passenger,7,5,12,1518,1530,0.78
September 30 2019,Mason,WA,Passenger,133,129,262,47448,47710,0.55
September 30 2019,Montgomery,TX,Passenger,1,0,1,59,60,1.67
September 30 2019,Newport,RI,Passenger,1,0,1,85,86,1.16
September 30 2019,Norfolk,VA,Passenger,2,2,4,350,354,1.13
September 30 2019,Nueces,TX,Passenger,1,1,2,92,94,2.13
July 31 2019,Stevens,WA,Passenger,19,30,49,31721,31770,0.15
July 31 2019,Travis,TX,Passenger,2,1,3,200,203,1.48
July 31 2019,Walla Walla,WA,Passenger,52,61,113,36212,36325,0.31
July 31 2019,Whatcom,WA,Truck,2,0,2,42932,42934,0.00
July 31 2019,Whitman,WA,Passenger,33,45,78,22704,22782,0.34
July 31 2019,Yakima,WA,Truck,0,0,0,59259,59259,0.00
August 31 2019,Adams,WA,Truck,0,0,0,5139,5139,0.00
August 31 2019,Alameda,CA,Passenger,4,1,5,292,297,1.68
August 31 2019,Arlington,VA,Passenger,0,2,2,156,158,1.27
August 31 2019,Ferry,WA,Passenger,5,2,7,4414,4421,0.16
August 31 2019,Garfield,WA,Truck,0,0,0,959,959,0.00
August 31 2019,Guadalupe,TX,Passenger,1,0,1,70,71,1.41
August 31 2019,Harnett,NC,Passenger,1,1,2,213,215,0.93
August 31 2019,Honolulu,HI,Passenger,4,2,6,493,499,1.20
August 31 2019,Howard,MD,Passenger,0,1,1,76,77,1.30
August 31 2019,Jefferson,CO,Passenger,0,2,2,61,63,3.17
August 31 2019,Wahkiakum,WA,Truck,0,0,0,1763,1763,0.00
August 31 2019,Washoe,NV,Passenger,2,0,2,109,111,1.80
August 31 2019,Whatcom,WA,Passenger,902,450,1352,151224,152576,0.89
September 30 2019,Asotin,WA,Passenger,12,8,20,12632,12652,0.16
September 30 2019,Broward,FL,Passenger,2,1,3,128,131,2.29
August 31 2019,Owyhee,ID,Passenger,1,0,1,4,5,20.00
August 31 2019,Palm Beach,FL,Passenger,0,1,1,82,83,1.20
August 31 2019,Pinal,AZ,Passenger,2,0,2,195,197,1.02
August 31 2019,Prince William,VA,Passenger,1,3,4,252,256,1.56
July 31 2019,Alexandria,VA,Passenger,1,0,1,148,149,0.67
July 31 2019,Benton,WA,Truck,0,0,0,42072,42072,0.00
July 31 2019,Chelan,WA,Truck,0,0,0,22349,22349,0.00
August 31 2019,Charles,MD,Passenger,0,1,1,87,88,1.14
August 31 2019,Charleston,SC,Passenger,1,0,1,116,117,0.85
August 31 2019,Clay,FL,Passenger,0,1,1,85,86,1.16
August 31 2019,DuPage,IL,Passenger,3,0,3,60,63,4.76
August 31 2019,Franklin,MA,Passenger,0,1,1,1,2,50.00
September 30 2019,Sedgwick,KS,Passenger,1,1,2,99,101,1.98
September 30 2019,Thurston,WA,Passenger,953,671,1624,198617,200241,0.81
September 30 2019,Tuolumne,CA,Passenger,0,1,1,11,12,8.33
September 30 2019,Yakima,WA,Truck,0,0,0,59398,59398,0.00
October 31 2019,Alameda,CA,Passenger,5,1,6,295,301,1.99
October 31 2019,Asotin,WA,Truck,0,0,0,6692,6692,0.00
September 30 2019,Saginaw,MI,Passenger,1,0,1,11,12,8.33
September 30 2019,Santa Cruz,CA,Passenger,1,0,1,36,37,2.70
September 30 2019,Snohomish,WA,Passenger,3740,1661,5401,533935,539336,1.00
August 31 2019,Kitsap,WA,Passenger,1114,633,1747,181514,183261,0.95
August 31 2019,Larimer,CO,Passenger,1,0,1,59,60,1.67
August 31 2019,Multnomah,OR,Passenger,5,6,11,746,757,1.45
August 31 2019,Nassau,NY,Passenger,4,0,4,38,42,9.52
August 31 2019,Rogers,OK,Passenger,1,0,1,6,7,14.29
August 31 2019,Spokane,WA,Passenger,575,439,1014,313155,314169,0.32
October 31 2019,Berkshire,MA,Passenger,0,1,1,4,5,20.00
October 31 2019,Charles,MD,Passenger,0,1,1,83,84,1.19
October 31 2019,Chesapeake,VA,Passenger,0,1,1,448,449,0.22
October 31 2019,Clay,FL,Passenger,0,1,1,87,88,1.14
October 31 2019,DeKalb,GA,Passenger,1,0,1,80,81,1.23
September 30 2019,Franklin,WA,Truck,0,0,0,19536,19536,0.00
September 30 2019,Fresno,CA,Passenger,1,0,1,195,196,0.51
September 30 2019,Grays Harbor,WA,Truck,0,0,0,20633,20633,0.00
September 30 2019,Howard,MD,Passenger,0,1,1,78,79,1.27
September 30 2019,Kern,CA,Passenger,0,1,1,219,220,0.45
September 30 2019,Kitsap,WA,Passenger,1136,641,1777,181617,183394,0.97
September 30 2019,Kittitas,WA,Truck,0,0,0,14563,14563,0.00
September 30 2019,Klickitat,WA,Truck,0,0,0,8299,8299,0.00
September 30 2019,Larimer,CO,Passenger,1,0,1,61,62,1.61
July 31 2019,Cowlitz,WA,Passenger,106,107,213,73142,73355,0.29
July 31 2019,Dallas,TX,Passenger,1,0,1,207,208,0.48
July 31 2019,Flathead,MT,Passenger,1,0,1,62,63,1.59
July 31 2019,Goochland,VA,Passenger,1,1,2,255,257,0.78
July 31 2019,Harnett,NC,Passenger,1,1,2,215,217,0.92
July 31 2019,Harris,TX,Passenger,1,1,2,247,249,0.80
July 31 2019,Hawaii,HI,Passenger,1,0,1,59,60,1.67
August 31 2019,Grant,WA,Truck,0,0,0,26741,26741,0.00
August 31 2019,Juneau,AK,Passenger,0,2,2,31,33,6.06
August 31 2019,Kent,MI,Passenger,0,1,1,23,24,4.17
August 31 2019,Kitsap,WA,Truck,1,0,1,54168,54169,0.00
August 31 2019,Lee,FL,Passenger,1,0,1,51,52,1.92
August 31 2019,Lewis,WA,Passenger,105,96,201,59363,59564,0.34
September 30 2019,Chelan,WA,Passenger,174,71,245,54512,54757,0.45
September 30 2019,Clallam,WA,Passenger,185,151,336,50860,51196,0.66
September 30 2019,Cowlitz,WA,Passenger,106,106,212,73313,73525,0.29
September 30 2019,El Paso,CO,Passenger,2,1,3,756,759,0.40
September 30 2019,Fairfax,VA,Passenger,3,2,5,763,768,0.65
September 30 2019,Flathead,MT,Passenger,1,0,1,64,65,1.54
September 30 2019,Tulsa,OK,Passenger,1,1,2,48,50,4.00
September 30 2019,Valencia,NM,Passenger,1,0,1,6,7,14.29
September 30 2019,Wahkiakum,WA,Passenger,2,3,5,3050,3055,0.16
September 30 2019,Washtenaw,MI,Passenger,1,0,1,41,42,2.38
September 30 2019,Wayne,MI,Passenger,0,1,1,65,66,1.52
October 31 2019,,,Passenger,5,1,6,433,439,1.37
October 31 2019,Benton,WA,Passenger,307,302,609,134946,135555,0.45
October 31 2019,Brevard,FL,Passenger,0,1,1,89,90,1.11
August 31 2019,Loudoun,VA,Passenger,1,0,1,95,96,1.04
August 31 2019,Nantucket,MA,Passenger,1,0,1,2,3,33.33
August 31 2019,New Haven,CT,Passenger,0,2,2,48,50,4.00
August 31 2019,Norfolk,VA,Passenger,2,2,4,353,357,1.12
August 31 2019,Nueces,TX,Passenger,1,1,2,92,94,2.13
September 30 2019,Middlesex,MA,Passenger,1,1,2,112,114,1.75
September 30 2019,Monroe,IL,Passenger,1,0,1,5,6,16.67
September 30 2019,Moore,NC,Passenger,0,1,1,180,181,0.55
September 30 2019,New London,CT,Passenger,0,2,2,247,249,0.80
September 30 2019,Orange,CA,Passenger,7,3,10,520,530,1.89
September 30 2019,Adams,WA,Truck,0,0,0,5140,5140,0.00
September 30 2019,Allegheny,PA,Passenger,1,0,1,77,78,1.28
September 30 2019,Anne Arundel,MD,Passenger,1,2,3,439,442,0.68
September 30 2019,Benton,WA,Truck,0,0,0,42230,42230,0.00
September 30 2019,Carroll,NH,Passenger,0,1,1,3,4,25.00
September 30 2019,Carson City,NV,Passenger,1,0,1,10,11,9.09
September 30 2019,Clackamas,OR,Passenger,2,1,3,216,219,1.37
September 30 2019,Clark,WA,Truck,0,0,0,80971,80971,0.00
October 31 2019,Franklin,WA,Truck,0,0,0,19656,19656,0.00
October 31 2019,Jones,GA,Passenger,1,0,1,1,2,50.00
October 31 2019,Kern,CA,Passenger,0,1,1,224,225,0.44
October 31 2019,King,WA,Truck,6,1,7,182400,182407,0.00
October 31 2019,Kitsap,WA,Passenger,1179,645,1824,182154,183978,0.99
October 31 2019,Kittitas,WA,Truck,0,0,0,14615,14615,0.00
August 31 2019,Norfolk,MA,Passenger,1,0,1,38,39,2.56
August 31 2019,Okanogan,WA,Passenger,25,26,51,26191,26242,0.19
August 31 2019,Oklahoma,OK,Passenger,0,1,1,125,126,0.79
August 31 2019,Oldham,KY,Passenger,0,1,1,5,6,16.67
August 31 2019,Orange,CA,Passenger,6,3,9,530,539,1.67
August 31 2019,Penobscot,ME,Passenger,0,1,1,13,14,7.14
August 31 2019,Richland,SC,Passenger,0,1,1,164,165,0.61
August 31 2019,Riverside,CA,Passenger,3,2,5,654,659,0.76
August 31 2019,San Francisco,CA,Passenger,2,1,3,106,109,2.75
August 31 2019,Skamania,WA,Truck,0,0,0,4076,4076,0.00
August 31 2019,Stafford,VA,Passenger,1,1,2,97,99,2.02
July 31 2019,Honolulu,HI,Passenger,3,3,6,499,505,1.19
July 31 2019,Island,WA,Passenger,328,243,571,63485,64056,0.89
July 31 2019,Jefferson,WA,Truck,0,0,0,9685,9685,0.00
July 31 2019,Mason,WA,Passenger,127,126,253,47320,47573,0.53
September 30 2019,Harrison,MS,Passenger,1,0,1,64,65,1.54
September 30 2019,Hawaii,HI,Passenger,1,0,1,57,58,1.72
September 30 2019,Island,WA,Passenger,346,249,595,63475,64070,0.93
September 30 2019,King,WA,Truck,6,1,7,182402,182409,0.00
September 30 2019,Klickitat,WA,Passenger,38,36,74,15624,15698,0.47
October 31 2019,Lincoln,WA,Passenger,2,11,13,7833,7846,0.17
October 31 2019,Loudoun,VA,Passenger,1,0,1,95,96,1.04
October 31 2019,Montgomery,PA,Passenger,2,0,2,36,38,5.26
October 31 2019,Montgomery,TX,Passenger,1,0,1,59,60,1.67
October 31 2019,New London,CT,Passenger,0,2,2,249,251,0.80
October 31 2019,Collin,TX,Passenger,1,1,2,132,134,1.49
October 31 2019,Columbia,WA,Truck,0,0,0,1533,1533,0.00
October 31 2019,Cowlitz,WA,Truck,0,0,0,29029,29029,0.00
October 31 2019,Denver,CO,Passenger,1,0,1,132,133,0.75
October 31 2019,Deschutes,OR,Passenger,3,0,3,150,153,1.96
October 31 2019,Douglas,WA,Truck,0,0,0,12292,12292,0.00
October 31 2019,El Paso,TX,Passenger,3,0,3,465,468,0.64
August 31 2019,RÃ­o Grande,PR,Passenger,1,0,1,1,2,50.00
August 31 2019,Skamania,WA,Passenger,25,18,43,8757,8800,0.49
August 31 2019,Snohomish,WA,Passenger,3641,1640,5281,533110,538391,0.98
September 30 2019,Cumberland,NC,Passenger,0,2,2,496,498,0.40
September 30 2019,Douglas,NE,Passenger,0,1,1,59,60,1.67
September 30 2019,Franklin,MA,Passenger,0,1,1,1,2,50.00
September 30 2019,Franklin,WA,Passenger,51,73,124,60365,60489,0.20
September 30 2019,Goochland,VA,Passenger,2,1,3,260,263,1.14
September 30 2019,Grays Harbor,WA,Passenger,89,89,178,48095,48273,0.37
September 30 2019,Greene,MO,Passenger,0,1,1,31,32,3.12
September 30 2019,Harnett,NC,Passenger,1,1,2,215,217,0.92
September 30 2019,Honolulu,HI,Passenger,4,2,6,498,504,1.19
September 30 2019,Pima,AZ,Passenger,2,1,3,383,386,0.78
September 30 2019,Polk,FL,Passenger,1,0,1,66,67,1.49
September 30 2019,Riverside,CA,Passenger,4,1,5,651,656,0.76
September 30 2019,San Juan,WA,Truck,0,0,0,5917,5917,0.00
September 30 2019,San Mateo,CA,Passenger,2,1,3,120,123,2.44
September 30 2019,Santa Fe,NM,Passenger,0,1,1,42,43,2.33
September 30 2019,Sarasota,FL,Passenger,1,0,1,26,27,3.70
September 30 2019,Stafford,VA,Passenger,1,1,2,95,97,2.06
September 30 2019,Stevens,WA,Passenger,27,28,55,31673,31728,0.17
September 30 2019,Sumter,FL,Passenger,0,1,1,9,10,10.00
September 30 2019,Thurston,WA,Truck,0,0,0,55539,55539,0.00
September 30 2019,Travis,TX,Passenger,2,1,3,204,207,1.45
September 30 2019,Owyhee,ID,Passenger,1,0,1,4,5,20.00
September 30 2019,Pierce,WA,Passenger,1968,1602,3570,545486,549056,0.65
September 30 2019,Portsmouth,VA,Passenger,0,1,1,80,81,1.23
September 30 2019,Prince George's,MD,Passenger,1,1,2,174,176,1.14
September 30 2019,Randolph,NC,Passenger,1,0,1,6,7,14.29
August 31 2019,Sumter,FL,Passenger,0,1,1,9,10,10.00
August 31 2019,Thurston,WA,Truck,0,0,0,55439,55439,0.00
August 31 2019,Travis,TX,Passenger,2,1,3,201,204,1.47
August 31 2019,Walla Walla,WA,Truck,0,0,0,13653,13653,0.00
August 31 2019,Whitman,WA,Passenger,34,44,78,22713,22791,0.34
August 31 2019,Whitman,WA,Truck,0,0,0,8627,8627,0.00
August 31 2019,Williamson,TX,Passenger,0,2,2,145,147,1.36
September 30 2019,Alexandria,VA,Passenger,1,0,1,148,149,0.67
October 31 2019,Jefferson,WA,Passenger,210,126,336,25161,25497,1.32
October 31 2019,Klickitat,WA,Truck,0,0,0,8312,8312,0.00
October 31 2019,Lake,FL,Passenger,1,0,1,22,23,4.35
August 31 2019,Tulsa,OK,Passenger,1,1,2,46,48,4.17
August 31 2019,Wahkiakum,WA,Passenger,2,2,4,3027,3031,0.13
August 31 2019,Walla Walla,WA,Passenger,56,63,119,36235,36354,0.33
September 30 2019,Brevard,FL,Passenger,0,1,1,86,87,1.15
October 31 2019,Orange,CA,Passenger,7,3,10,519,529,1.89
October 31 2019,Riverside,CA,Passenger,4,1,5,646,651,0.77
October 31 2019,Saginaw,MI,Passenger,1,0,1,11,12,8.33
October 31 2019,San Juan,WA,Truck,0,0,0,5925,5925,0.00
October 31 2019,Santa Fe,NM,Passenger,0,1,1,41,42,2.38
October 31 2019,Solano,CA,Passenger,1,0,1,209,210,0.48
October 31 2019,Stafford,VA,Passenger,1,1,2,94,96,2.08
September 30 2019,Jefferson,CO,Passenger,0,2,2,61,63,3.17
September 30 2019,Klamath,OR,Passenger,1,0,1,36,37,2.70
September 30 2019,Lewis,WA,Truck,0,0,0,25973,25973,0.00
September 30 2019,Los Angeles,CA,Passenger,9,7,16,1084,1100,1.45
September 30 2019,Loudoun,VA,Passenger,1,0,1,95,96,1.04
September 30 2019,Boulder,CO,Passenger,0,1,1,49,50,2.00
September 30 2019,Bucks,PA,Passenger,1,0,1,23,24,4.17
September 30 2019,Cape May,NJ,Passenger,0,1,1,13,14,7.14
September 30 2019,Clark,NV,Passenger,4,3,7,687,694,1.01
September 30 2019,Collin,TX,Passenger,1,1,2,130,132,1.52
September 30 2019,Dallas,TX,Passenger,1,0,1,212,213,0.47
September 30 2019,Ventura,CA,Passenger,0,2,2,310,312,0.64
September 30 2019,Whitman,WA,Passenger,36,45,81,22711,22792,0.36
October 31 2019,Ada,ID,Passenger,0,2,2,300,302,0.66
October 31 2019,Boone,MO,Passenger,0,1,1,11,12,8.33
October 31 2019,Broward,FL,Passenger,2,1,3,124,127,2.36
July 31 2019,Multnomah,OR,Passenger,5,6,11,744,755,1.46
July 31 2019,Nassau,NY,Passenger,4,0,4,38,42,9.52
July 31 2019,Newport,RI,Passenger,1,0,1,89,90,1.11
July 31 2019,Okanogan,WA,Passenger,23,26,49,26124,26173,0.19
July 31 2019,Oklahoma,OK,Passenger,0,1,1,125,126,0.79
July 31 2019,Pierce,WA,Passenger,1878,1570,3448,544408,547856,0.63
July 31 2019,Pinellas,FL,Passenger,1,0,1,113,114,0.88
July 31 2019,Portsmouth,VA,Passenger,0,1,1,78,79,1.27
July 31 2019,San Francisco,CA,Passenger,2,1,3,105,108,2.78
July 31 2019,Santa Rosa,FL,Passenger,1,0,1,91,92,1.09
July 31 2019,Saratoga,NY,Passenger,1,0,1,54,55,1.82
July 31 2019,Skagit,WA,Passenger,307,210,517,92216,92733,0.56
July 31 2019,Skamania,WA,Truck,0,0,0,4064,4064,0.00
September 30 2019,Shelby,OH,Passenger,0,1,1,1,2,50.00
September 30 2019,Skagit,WA,Passenger,315,210,525,92519,93044,0.56
September 30 2019,Spokane,WA,Passenger,596,445,1041,313567,314608,0.33
September 30 2019,Duval,FL,Passenger,1,2,3,372,375,0.80
September 30 2019,Grant,WA,Truck,0,0,0,26791,26791,0.00
October 31 2019,Calvert,MD,Passenger,0,2,2,92,94,2.13
October 31 2019,Camden,NJ,Passenger,0,1,1,23,24,4.17
October 31 2019,Cascade,MT,Passenger,0,1,1,58,59,1.69
October 31 2019,Dakota,MN,Passenger,0,1,1,36,37,2.70
October 31 2019,DeKalb,IN,Passenger,1,0,1,1,2,50.00
October 31 2019,Fulton,GA,Passenger,0,2,2,102,104,1.92
October 31 2019,Tulsa,OK,Passenger,1,1,2,47,49,4.08
October 31 2019,Valencia,NM,Passenger,1,0,1,6,7,14.29
October 31 2019,Ventura,CA,Passenger,0,3,3,310,313,0.96
October 31 2019,Wilson,TX,Passenger,0,1,1,7,8,12.50
November 30 2019,Adams,WA,Passenger,6,7,13,12928,12941,0.10
November 30 2019,Arapahoe,CO,Passenger,1,0,1,146,147,0.68
September 30 2019,Chelan,WA,Truck,0,0,0,22420,22420,0.00
September 30 2019,Columbia,WA,Passenger,3,2,5,2446,2451,0.20
September 30 2019,Denver,CO,Passenger,1,0,1,130,131,0.76
September 30 2019,El Paso,TX,Passenger,3,0,3,475,478,0.63
September 30 2019,Fairbanks North Star,AK,Passenger,0,1,1,100,101,0.99
September 30 2019,Garfield,WA,Truck,0,0,0,970,970,0.00
October 31 2019,Pacific,WA,Passenger,30,29,59,16114,16173,0.36
October 31 2019,Pacific,WA,Truck,0,0,0,7727,7727,0.00
October 31 2019,Palm Beach,FL,Passenger,0,1,1,80,81,1.23
October 31 2019,Pinal,AZ,Passenger,1,0,1,192,193,0.52
October 31 2019,Powhatan,VA,Passenger,1,0,1,0,1,100.00
October 31 2019,Prince William,VA,Passenger,1,3,4,235,239,1.67
October 31 2019,Carroll,NH,Passenger,0,1,1,3,4,25.00
October 31 2019,Clark,WA,Truck,0,0,0,81153,81153,0.00
October 31 2019,Cochise,AZ,Passenger,0,1,1,106,107,0.93
July 31 2019,St. Mary's,MD,Passenger,1,0,1,220,221,0.45
July 31 2019,Twin Falls,ID,Passenger,0,1,1,24,25,4.00
July 31 2019,Vigo,IN,Passenger,1,0,1,6,7,14.29
July 31 2019,Volusia,FL,Passenger,0,1,1,38,39,2.56
July 31 2019,Wahkiakum,WA,Truck,0,0,0,1761,1761,0.00
July 31 2019,Walla Walla,WA,Truck,0,0,0,13618,13618,0.00
July 31 2019,Washoe,NV,Passenger,2,0,2,111,113,1.77
August 31 2019,,,Passenger,4,1,5,437,442,1.13
November 30 2019,Bucks,PA,Passenger,1,0,1,22,23,4.35
November 30 2019,Cape May,NJ,Passenger,0,1,1,13,14,7.14
November 30 2019,Clackamas,OR,Passenger,2,1,3,216,219,1.37
November 30 2019,Contra Costa,CA,Passenger,3,2,5,355,360,1.39
November 30 2019,Cook,IL,Passenger,1,0,1,231,232,0.43
November 30 2019,DeKalb,GA,Passenger,1,0,1,81,82,1.22
October 31 2019,Richmond,GA,Passenger,0,1,1,95,96,1.04
October 31 2019,Rogers,OK,Passenger,1,0,1,6,7,14.29
October 31 2019,Shasta,CA,Passenger,1,0,1,40,41,2.44
October 31 2019,Stevens,WA,Truck,0,0,0,18771,18771,0.00
October 31 2019,Suffolk,MA,Passenger,0,1,1,38,39,2.56
October 31 2019,Tarrant,TX,Passenger,2,0,2,199,201,1.00
September 30 2019,Oklahoma,OK,Passenger,0,1,1,127,128,0.78
September 30 2019,Osceola,FL,Passenger,1,0,1,40,41,2.44
September 30 2019,Pend Oreille,WA,Passenger,6,6,12,9472,9484,0.13
September 30 2019,Richland,SC,Passenger,0,1,1,161,162,0.62
September 30 2019,San Juan,WA,Passenger,229,73,302,14431,14733,2.05
September 30 2019,Snohomish,WA,Truck,0,0,0,122968,122968,0.00
September 30 2019,Solano,CA,Passenger,1,0,1,211,212,0.47
September 30 2019,Jefferson,WA,Passenger,207,126,333,25127,25460,1.31
September 30 2019,Jefferson,WA,Truck,0,0,0,9684,9684,0.00
September 30 2019,Lee,FL,Passenger,1,0,1,50,51,1.96
September 30 2019,Guadalupe,TX,Passenger,1,0,1,70,71,1.41
September 30 2019,Hennepin,MN,Passenger,3,1,4,102,106,3.77
September 30 2019,Kittitas,WA,Passenger,81,44,125,29836,29961,0.42
September 30 2019,Lake,FL,Passenger,1,0,1,22,23,4.35
September 30 2019,Lincoln,WA,Passenger,2,10,12,7809,7821,0.15
October 31 2019,Island,WA,Truck,0,0,0,21318,21318,0.00
October 31 2019,Jefferson,NY,Passenger,0,2,2,217,219,0.91
October 31 2019,Juneau,AK,Passenger,0,2,2,28,30,6.67
October 31 2019,Kent,MI,Passenger,0,1,1,23,24,4.17
October 31 2019,Kootenai,ID,Passenger,1,1,2,223,225,0.89
October 31 2019,Lewis,WA,Passenger,108,102,210,59451,59661,0.35
October 31 2019,Lincoln,WA,Truck,0,0,0,4691,4691,0.00
October 31 2019,Douglas,NE,Passenger,0,1,1,58,59,1.69
October 31 2019,Douglas,WA,Passenger,63,38,101,28275,28376,0.36
October 31 2019,Franklin,MA,Passenger,0,1,1,1,2,50.00
October 31 2019,Frederick,MD,Passenger,1,1,2,85,87,2.30
October 31 2019,Grant,WA,Passenger,55,64,119,65380,65499,0.18
October 31 2019,Grays Harbor,WA,Truck,0,0,0,20726,20726,0.00
October 31 2019,Greene,MO,Passenger,0,1,1,31,32,3.12
September 30 2019,Twin Falls,ID,Passenger,0,1,1,26,27,3.70
September 30 2019,Vigo,IN,Passenger,1,0,1,6,7,14.29
September 30 2019,Wahkiakum,WA,Truck,0,0,0,1760,1760,0.00
September 30 2019,Washoe,NV,Passenger,2,0,2,107,109,1.83
September 30 2019,Whatcom,WA,Passenger,922,460,1382,151348,152730,0.90
November 30 2019,Allegheny,PA,Passenger,1,0,1,75,76,1.32
November 30 2019,Arlington,VA,Passenger,0,2,2,154,156,1.28
November 30 2019,Benton,WA,Truck,0,0,0,42414,42414,0.00
November 30 2019,Carson City,NV,Passenger,1,0,1,10,11,9.09
November 30 2019,Charleston,SC,Passenger,1,0,1,111,112,0.89
November 30 2019,Clark,WA,Passenger,1806,1025,2831,317535,320366,0.88
August 31 2019,Bexar,TX,Passenger,2,5,7,649,656,1.07
August 31 2019,Caddo,LA,Passenger,0,1,1,20,21,4.76
August 31 2019,Clallam,WA,Truck,1,0,1,21823,21824,0.00
August 31 2019,Cochise,AZ,Passenger,0,1,1,107,108,0.93
August 31 2019,Contra Costa,CA,Passenger,2,2,4,374,378,1.06
August 31 2019,Cook,IL,Passenger,1,0,1,240,241,0.41
August 31 2019,Deschutes,OR,Passenger,2,0,2,153,155,1.29
November 30 2019,Ferry,WA,Passenger,5,2,7,4414,4421,0.16
November 30 2019,Ferry,WA,Truck,0,0,0,3581,3581,0.00
November 30 2019,Franklin,WA,Passenger,53,75,128,60787,60915,0.21
November 30 2019,Grant,WA,Truck,0,0,0,26955,26955,0.00
November 30 2019,Hennepin,MN,Passenger,3,1,4,98,102,3.92
November 30 2019,Howard,MD,Passenger,0,1,1,75,76,1.32
September 30 2019,Multnomah,OR,Passenger,5,6,11,741,752,1.46
September 30 2019,Norfolk,MA,Passenger,1,0,1,36,37,2.70
September 30 2019,Oldham,KY,Passenger,0,1,1,5,6,16.67
September 30 2019,Pacific,WA,Truck,0,0,0,7677,7677,0.00
September 30 2019,Pend Oreille,WA,Truck,0,0,0,5712,5712,0.00
September 30 2019,Pinal,AZ,Passenger,2,0,2,193,195,1.03
September 30 2019,Placer,CA,Passenger,1,0,1,97,98,1.02
September 30 2019,Prince William,VA,Passenger,1,3,4,243,247,1.62
September 30 2019,RÃ­o Grande,PR,Passenger,1,0,1,1,2,50.00
September 30 2019,Ramsey,MN,Passenger,1,0,1,40,41,2.44
September 30 2019,San Francisco,CA,Passenger,2,1,3,104,107,2.80
September 30 2019,Santa Rosa,FL,Passenger,1,0,1,88,89,1.12
October 31 2019,Lee,FL,Passenger,1,0,1,53,54,1.85
October 31 2019,Middlesex,MA,Passenger,1,1,2,111,113,1.77
October 31 2019,Monroe,IL,Passenger,1,0,1,5,6,16.67
October 31 2019,Moore,NC,Passenger,0,1,1,177,178,0.56
September 30 2019,Montgomery,PA,Passenger,2,0,2,36,38,5.26
September 30 2019,Nassau,NY,Passenger,4,0,4,37,41,9.76
September 30 2019,Okanogan,WA,Passenger,24,26,50,26238,26288,0.19
September 30 2019,Pacific,WA,Passenger,25,29,54,16083,16137,0.33
September 30 2019,Penobscot,ME,Passenger,0,1,1,13,14,7.14
September 30 2019,Pinellas,FL,Passenger,1,1,2,111,113,1.77
September 30 2019,San Joaquin,CA,Passenger,1,0,1,135,136,0.74
September 30 2019,Santa Clara,CA,Passenger,4,2,6,360,366,1.64
October 31 2019,Mason,WA,Truck,0,0,0,20468,20468,0.00
October 31 2019,Montgomery,AL,Passenger,0,1,1,43,44,2.27
October 31 2019,New Haven,CT,Passenger,0,2,2,48,50,4.00
October 31 2019,Norfolk,VA,Passenger,2,2,4,352,356,1.12
October 31 2019,Nueces,TX,Passenger,1,1,2,92,94,2.13
October 31 2019,Pierce,WA,Truck,0,0,0,140680,140680,0.00
October 31 2019,Chelan,WA,Truck,0,0,0,22494,22494,0.00
October 31 2019,Clackamas,OR,Passenger,2,1,3,217,220,1.36
October 31 2019,Columbia,WA,Passenger,3,2,5,2435,2440,0.20
October 31 2019,Cowlitz,WA,Passenger,112,106,218,73573,73791,0.30
October 31 2019,Fairbanks North Star,AK,Passenger,0,1,1,104,105,0.95
October 31 2019,Ferry,WA,Truck,0,0,0,3575,3575,0.00
October 31 2019,Flathead,MT,Passenger,1,0,1,64,65,1.54
November 30 2019,Kitsap,WA,Passenger,1192,649,1841,182238,184079,1.00
November 30 2019,Kittitas,WA,Passenger,89,46,135,30014,30149,0.45
November 30 2019,Klamath,OR,Passenger,1,0,1,34,35,2.86
November 30 2019,Larimer,CO,Passenger,1,0,1,57,58,1.72
August 31 2019,Douglas,WA,Passenger,61,36,97,28183,28280,0.34
August 31 2019,Frederick,MD,Passenger,1,1,2,80,82,2.44
August 31 2019,Garfield,WA,Passenger,0,1,1,1307,1308,0.08
August 31 2019,Grant,WA,Passenger,45,61,106,65173,65279,0.16
August 31 2019,Harrison,MS,Passenger,1,0,1,65,66,1.52
November 30 2019,Cumberland,NC,Passenger,0,2,2,492,494,0.40
November 30 2019,District of Columbia,DC,Passenger,1,1,2,209,211,0.95
November 30 2019,Douglas,NE,Passenger,0,1,1,59,60,1.67
November 30 2019,Fresno,CA,Passenger,1,0,1,191,192,0.52
November 30 2019,Fulton,GA,Passenger,0,2,2,105,107,1.87
November 30 2019,Goochland,VA,Passenger,3,1,4,260,264,1.52
November 30 2019,Grays Harbor,WA,Passenger,99,99,198,48349,48547,0.41
November 30 2019,Greene,MO,Passenger,0,1,1,31,32,3.12
November 30 2019,Harris,TX,Passenger,1,1,2,238,240,0.83
September 30 2019,Skamania,WA,Passenger,26,18,44,8789,8833,0.50
September 30 2019,Skamania,WA,Truck,0,0,0,4087,4087,0.00
September 30 2019,St. Mary's,MD,Passenger,1,0,1,221,222,0.45
September 30 2019,Volusia,FL,Passenger,0,1,1,38,39,2.56
September 30 2019,Walla Walla,WA,Passenger,59,63,122,36257,36379,0.34
September 30 2019,Spokane,WA,Truck,1,0,1,95767,95768,0.00
September 30 2019,Stevens,WA,Truck,0,0,0,18751,18751,0.00
September 30 2019,Walla Walla,WA,Truck,0,0,0,13688,13688,0.00
September 30 2019,Whitman,WA,Truck,0,0,0,8604,8604,0.00
September 30 2019,Williamson,TX,Passenger,0,2,2,144,146,1.37
September 30 2019,Wilson,TX,Passenger,0,1,1,6,7,14.29
August 31 2019,Lake,IL,Passenger,1,0,1,163,164,0.61
August 31 2019,Manassas,VA,Passenger,0,1,1,7,8,12.50
August 31 2019,Maui,HI,Passenger,1,0,1,42,43,2.33
October 31 2019,Putnam,TN,Passenger,0,1,1,3,4,25.00
October 31 2019,Santa Cruz,CA,Passenger,1,0,1,36,37,2.70
October 31 2019,Shelby,TN,Passenger,0,1,1,96,97,1.03
October 31 2019,Skagit,WA,Truck,1,0,1,32561,32562,0.00
October 31 2019,Snohomish,WA,Passenger,3897,1683,5580,535121,540701,1.03
October 31 2019,Spartanburg,SC,Passenger,0,1,1,41,42,2.38
October 31 2019,Spokane,WA,Passenger,616,464,1080,314350,315430,0.34
October 31 2019,Osceola,FL,Passenger,1,0,1,39,40,2.50
October 31 2019,Pend Oreille,WA,Passenger,7,6,13,9492,9505,0.14
October 31 2019,Pend Oreille,WA,Truck,0,0,0,5740,5740,0.00
October 31 2019,Pima,AZ,Passenger,2,1,3,382,385,0.78
October 31 2019,Placer,CA,Passenger,1,0,1,96,97,1.03
October 31 2019,RÃ­o Grande,PR,Passenger,1,0,1,1,2,50.00
October 31 2019,Ramsey,MN,Passenger,1,0,1,40,41,2.44
October 31 2019,San Diego,CA,Passenger,10,4,14,2821,2835,0.49
October 31 2019,Skamania,WA,Passenger,25,19,44,8805,8849,0.50
October 31 2019,Alexandria,VA,Passenger,1,0,1,148,149,0.67
October 31 2019,Allegheny,PA,Passenger,1,0,1,75,76,1.32
October 31 2019,Benton,WA,Truck,0,0,0,42372,42372,0.00
October 31 2019,Carson City,NV,Passenger,1,0,1,11,12,8.33
November 30 2019,Montgomery,PA,Passenger,2,0,2,36,38,5.26
November 30 2019,Norfolk,MA,Passenger,1,0,1,36,37,2.70
November 30 2019,Oldham,KY,Passenger,0,1,1,5,6,16.67
November 30 2019,Orange,CA,Passenger,7,2,9,514,523,1.72
November 30 2019,Riverside,CA,Passenger,4,1,5,636,641,0.78
November 30 2019,San Juan,WA,Passenger,243,78,321,14405,14726,2.18
November 30 2019,Sangamon,IL,Passenger,1,0,1,5,6,16.67
November 30 2019,Santa Clara,CA,Passenger,6,2,8,362,370,2.16
August 31 2019,Okanogan,WA,Truck,0,0,0,16477,16477,0.00
August 31 2019,Powhatan,VA,Passenger,1,0,1,0,1,100.00
August 31 2019,Prince George's,MD,Passenger,1,1,2,177,179,1.12
August 31 2019,San Diego,CA,Passenger,10,4,14,2771,2785,0.50
August 31 2019,Sangamon,IL,Passenger,1,0,1,6,7,14.29
October 31 2019,Franklin,WA,Passenger,53,76,129,60630,60759,0.21
October 31 2019,Harnett,NC,Passenger,1,1,2,214,216,0.93
October 31 2019,Harrison,MS,Passenger,1,0,1,61,62,1.61
October 31 2019,Hawaii,HI,Passenger,1,0,1,58,59,1.69
October 31 2019,Honolulu,HI,Passenger,4,2,6,493,499,1.20
October 31 2019,Island,WA,Passenger,362,250,612,63630,64242,0.95
October 31 2019,Jefferson,WA,Truck,0,0,0,9673,9673,0.00
October 31 2019,Klamath,OR,Passenger,1,0,1,36,37,2.70
October 31 2019,Klickitat,WA,Passenger,43,37,80,15665,15745,0.51
November 30 2019,Jefferson,NY,Passenger,0,2,2,217,219,0.91
November 30 2019,Kent,MI,Passenger,0,1,1,24,25,4.00
November 30 2019,Lewis,WA,Truck,0,0,0,26113,26113,0.00
November 30 2019,Los Angeles,CA,Passenger,8,9,17,1063,1080,1.57
November 30 2019,Maricopa,AZ,Passenger,6,6,12,1502,1514,0.79
November 30 2019,Mason,WA,Passenger,140,131,271,47614,47885,0.57
November 30 2019,Mason,WA,Truck,0,0,0,20509,20509,0.00
October 31 2019,Whatcom,WA,Passenger,949,470,1419,151489,152908,0.93
October 31 2019,Yakima,WA,Passenger,115,114,229,165909,166138,0.14
November 30 2019,Benton,WA,Passenger,310,309,619,135111,135730,0.46
November 30 2019,Broward,FL,Passenger,2,1,3,124,127,2.36
November 30 2019,Cascade,MT,Passenger,0,1,1,57,58,1.72
October 31 2019,Whatcom,WA,Truck,2,0,2,43097,43099,0.00
October 31 2019,Yakima,WA,Truck,0,0,0,59494,59494,0.00
November 30 2019,Adams,WA,Truck,0,0,0,5185,5185,0.00
November 30 2019,Asotin,WA,Passenger,13,8,21,12656,12677,0.17
November 30 2019,Boone,MO,Passenger,0,1,1,11,12,8.33
October 31 2019,Oklahoma,OK,Passenger,0,1,1,130,131,0.76
September 30 2019,Yakima,WA,Passenger,111,113,224,165659,165883,0.14
October 31 2019,Adams,WA,Truck,0,0,0,5155,5155,0.00
October 31 2019,Albemarle,VA,Passenger,1,0,1,26,27,3.70
October 31 2019,Anne Arundel,MD,Passenger,1,2,3,440,443,0.68
October 31 2019,Asotin,WA,Passenger,12,8,20,12645,12665,0.16
October 31 2019,Bexar,TX,Passenger,1,5,6,648,654,0.92
October 31 2019,Clallam,WA,Truck,1,0,1,21844,21845,0.00
October 31 2019,Contra Costa,CA,Passenger,2,2,4,363,367,1.09
October 31 2019,Cook,IL,Passenger,1,0,1,233,234,0.43
October 31 2019,Cumberland,NC,Passenger,0,2,2,497,499,0.40
October 31 2019,Dallas,TX,Passenger,1,0,1,214,215,0.47
October 31 2019,Goochland,VA,Passenger,3,1,4,263,267,1.50
October 31 2019,Grays Harbor,WA,Passenger,95,95,190,48304,48494,0.39
October 31 2019,Harris,TX,Passenger,1,1,2,242,244,0.82
October 31 2019,Hennepin,MN,Passenger,3,1,4,98,102,3.92
November 30 2019,Sedgwick,KS,Passenger,1,1,2,96,98,2.04
November 30 2019,Solano,CA,Passenger,1,0,1,208,209,0.48
November 30 2019,Stafford,VA,Passenger,1,1,2,94,96,2.08
November 30 2019,Sumter,FL,Passenger,0,1,1,9,10,10.00
November 30 2019,Thurston,WA,Passenger,1035,699,1734,199147,200881,0.86
November 30 2019,Thurston,WA,Truck,0,0,0,55653,55653,0.00
November 30 2019,Travis,TX,Passenger,2,1,3,200,203,1.48
November 30 2019,Tuolumne,CA,Passenger,0,1,1,11,12,8.33
November 30 2019,Whitman,WA,Passenger,41,46,87,22705,22792,0.38
November 30 2019,Wilson,TX,Passenger,0,1,1,8,9,11.11
November 30 2019,Monroe,IL,Passenger,1,0,1,4,5,20.00
November 30 2019,Moore,NC,Passenger,0,1,1,175,176,0.57
November 30 2019,Newport,RI,Passenger,1,0,1,87,88,1.14
November 30 2019,Norfolk,VA,Passenger,1,2,3,353,356,0.84
November 30 2019,Osceola,FL,Passenger,1,0,1,43,44,2.27
November 30 2019,Pima,AZ,Passenger,2,1,3,376,379,0.79
November 30 2019,Putnam,TN,Passenger,0,1,1,3,4,25.00
November 30 2019,Santa Cruz,CA,Passenger,1,0,1,37,38,2.63
August 31 2019,Thurston,WA,Passenger,927,660,1587,198393,199980,0.79
August 31 2019,Washtenaw,MI,Passenger,1,0,1,41,42,2.38
August 31 2019,Wayne,MI,Passenger,0,1,1,66,67,1.49
September 30 2019,Ada,ID,Passenger,0,2,2,302,304,0.66
September 30 2019,Albemarle,VA,Passenger,1,0,1,24,25,4.00
September 30 2019,Benton,WA,Passenger,291,297,588,134622,135210,0.43
September 30 2019,Bexar,TX,Passenger,1,5,6,650,656,0.91
October 31 2019,DuPage,IL,Passenger,3,0,3,61,64,4.69
October 31 2019,El Paso,CO,Passenger,2,1,3,750,753,0.40
October 31 2019,Garfield,WA,Passenger,0,1,1,1301,1302,0.08
October 31 2019,Garfield,WA,Truck,0,0,0,963,963,0.00
October 31 2019,Guadalupe,TX,Passenger,1,0,1,68,69,1.45
October 31 2019,Houston,GA,Passenger,1,0,1,57,58,1.72
November 30 2019,Camden,NJ,Passenger,0,1,1,22,23,4.35
November 30 2019,Clark,WA,Truck,0,0,0,81282,81282,0.00
November 30 2019,Denver,CO,Passenger,1,0,1,129,130,0.77
November 30 2019,Douglas,WA,Truck,0,0,0,12298,12298,0.00
November 30 2019,DuPage,IL,Passenger,3,0,3,64,67,4.48
November 30 2019,El Paso,CO,Passenger,2,1,3,757,760,0.39
November 30 2019,Franklin,MA,Passenger,0,1,1,1,2,50.00
September 30 2019,Cascade,MT,Passenger,0,1,1,59,60,1.67
September 30 2019,Cochise,AZ,Passenger,0,1,1,107,108,0.93
September 30 2019,Cowlitz,WA,Truck,0,0,0,28965,28965,0.00
September 30 2019,Dakota,MN,Passenger,0,1,1,37,38,2.63
September 30 2019,DeKalb,IN,Passenger,1,0,1,1,2,50.00
December 31 2019,Asotin,WA,Passenger,14,9,23,12680,12703,0.18
December 31 2019,Broward,FL,Passenger,2,1,3,125,128,2.34
November 30 2019,Sarasota,FL,Passenger,2,0,2,25,27,7.41
November 30 2019,Snohomish,WA,Truck,0,0,0,123164,123164,0.00
November 30 2019,Spartanburg,SC,Passenger,0,1,1,43,44,2.27
November 30 2019,Twin Falls,ID,Passenger,0,1,1,28,29,3.45
November 30 2019,Vigo,IN,Passenger,1,0,1,6,7,14.29
November 30 2019,Wahkiakum,WA,Truck,0,0,0,1752,1752,0.00
November 30 2019,Washoe,NV,Passenger,1,0,1,108,109,0.92
November 30 2019,Washtenaw,MI,Passenger,1,0,1,41,42,2.38
November 30 2019,Whatcom,WA,Passenger,964,470,1434,151604,153038,0.94
October 31 2019,Kittitas,WA,Passenger,87,45,132,29968,30100,0.44
October 31 2019,Lake,IL,Passenger,1,0,1,164,165,0.61
October 31 2019,Lewis,WA,Truck,0,0,0,26046,26046,0.00
October 31 2019,Los Angeles,CA,Passenger,9,8,17,1069,1086,1.57
October 31 2019,Maricopa,AZ,Passenger,6,6,12,1512,1524,0.79
October 31 2019,Mason,WA,Passenger,140,129,269,47569,47838,0.56
October 31 2019,Maui,HI,Passenger,1,0,1,42,43,2.33
October 31 2019,Jefferson,CO,Passenger,0,2,2,61,63,3.17
October 31 2019,King,WA,Passenger,21371,7391,28762,1396204,1424966,2.02
October 31 2019,Kitsap,WA,Truck,1,0,1,54358,54359,0.00
October 31 2019,Manassas,VA,Passenger,0,1,1,6,7,14.29
October 31 2019,Pierce,WA,Passenger,2059,1629,3688,547012,550700,0.67
October 31 2019,Pinellas,FL,Passenger,1,1,2,110,112,1.79
October 31 2019,Portsmouth,VA,Passenger,0,1,1,80,81,1.23
October 31 2019,Prince George's,MD,Passenger,1,1,2,176,178,1.12
October 31 2019,Randolph,NC,Passenger,1,0,1,6,7,14.29
October 31 2019,San Joaquin,CA,Passenger,1,0,1,137,138,0.72
October 31 2019,San Juan,WA,Passenger,236,76,312,14410,14722,2.12
October 31 2019,Sedgwick,KS,Passenger,1,1,2,96,98,2.04
October 31 2019,Skagit,WA,Passenger,336,210,546,92606,93152,0.59
October 31 2019,Spokane,WA,Truck,1,0,1,96095,96096,0.00
October 31 2019,St. Mary's,MD,Passenger,1,0,1,221,222,0.45
October 31 2019,Thurston,WA,Passenger,1005,685,1690,199130,200820,0.84
November 30 2019,Chelan,WA,Truck,0,0,0,22516,22516,0.00
November 30 2019,Clallam,WA,Passenger,195,153,348,50910,51258,0.68
November 30 2019,Columbia,WA,Passenger,3,2,5,2443,2448,0.20
November 30 2019,Cowlitz,WA,Passenger,114,106,220,73598,73818,0.30
November 30 2019,Cowlitz,WA,Truck,0,0,0,29034,29034,0.00
November 30 2019,Dakota,MN,Passenger,0,1,1,34,35,2.86
November 30 2019,El Paso,TX,Passenger,3,0,3,462,465,0.65
November 30 2019,Fairbanks North Star,AK,Passenger,0,1,1,101,102,0.98
November 30 2019,Fairfax,VA,Passenger,4,2,6,759,765,0.78
November 30 2019,Flathead,MT,Passenger,1,0,1,65,66,1.52
November 30 2019,Guadalupe,TX,Passenger,1,0,1,67,68,1.47
November 30 2019,Jefferson,CO,Passenger,0,2,2,61,63,3.17
November 30 2019,Juneau,AK,Passenger,0,2,2,28,30,6.67
November 30 2019,Kitsap,WA,Truck,1,0,1,54413,54414,0.00
November 30 2019,Lake,FL,Passenger,1,0,1,22,23,4.35
November 30 2019,Lewis,WA,Passenger,109,103,212,59513,59725,0.35
December 31 2019,Cowlitz,WA,Passenger,118,107,225,73651,73876,0.30
December 31 2019,DuPage,IL,Passenger,3,0,3,64,67,4.48
December 31 2019,El Paso,CO,Passenger,2,1,3,759,762,0.39
December 31 2019,Flathead,MT,Passenger,1,0,1,64,65,1.54
December 31 2019,Harris,TX,Passenger,1,0,1,238,239,0.42
December 31 2019,Hawaii,HI,Passenger,1,0,1,60,61,1.64
September 30 2019,Fulton,GA,Passenger,0,2,2,102,104,1.92
September 30 2019,Garfield,WA,Passenger,0,1,1,1311,1312,0.08
September 30 2019,Grant,WA,Passenger,48,63,111,65174,65285,0.17
September 30 2019,Houston,GA,Passenger,1,0,1,56,57,1.75
September 30 2019,Island,WA,Truck,0,0,0,21294,21294,0.00
September 30 2019,Jefferson,NY,Passenger,0,2,2,220,222,0.90
October 31 2019,Okanogan,WA,Truck,0,0,0,16519,16519,0.00
October 31 2019,Owyhee,ID,Passenger,1,0,1,3,4,25.00
October 31 2019,Penobscot,ME,Passenger,0,1,1,13,14,7.14
October 31 2019,Queens,NY,Passenger,1,0,1,52,53,1.89
October 31 2019,Richland,SC,Passenger,0,1,1,164,165,0.61
December 31 2019,,,Passenger,5,1,6,428,434,1.38
December 31 2019,Boone,MO,Passenger,0,1,1,11,12,8.33
December 31 2019,Boulder,CO,Passenger,0,1,1,50,51,1.96
December 31 2019,Bucks,PA,Passenger,1,0,1,21,22,4.55
December 31 2019,Camden,NJ,Passenger,0,2,2,21,23,8.70
December 31 2019,Cape May,NJ,Passenger,0,1,1,13,14,7.14
December 31 2019,Clark,NV,Passenger,3,3,6,683,689,0.87
December 31 2019,Collin,TX,Passenger,1,1,2,133,135,1.48
November 30 2019,Asotin,WA,Truck,0,0,0,6692,6692,0.00
November 30 2019,Berkshire,MA,Passenger,0,1,1,5,6,16.67
November 30 2019,New Haven,CT,Passenger,0,2,2,47,49,4.08
November 30 2019,Nueces,TX,Passenger,1,1,2,88,90,2.22
November 30 2019,Owyhee,ID,Passenger,1,0,1,3,4,25.00
November 30 2019,Palm Beach,FL,Passenger,0,1,1,79,80,1.25
November 30 2019,Richland,SC,Passenger,0,1,1,163,164,0.61
November 30 2019,Rogers,OK,Passenger,1,0,1,6,7,14.29
October 31 2019,Multnomah,OR,Passenger,4,6,10,729,739,1.35
October 31 2019,Nassau,NY,Passenger,4,0,4,38,42,9.52
October 31 2019,Newport,RI,Passenger,1,0,1,86,87,1.15
October 31 2019,Okanogan,WA,Passenger,24,28,52,26252,26304,0.20
October 31 2019,San Francisco,CA,Passenger,2,1,3,99,102,2.94
October 31 2019,Sangamon,IL,Passenger,1,0,1,5,6,16.67
October 31 2019,Santa Clara,CA,Passenger,6,2,8,366,374,2.14
December 31 2019,Deschutes,OR,Passenger,3,0,3,148,151,1.99
December 31 2019,Douglas,WA,Truck,0,0,0,12305,12305,0.00
December 31 2019,Duval,FL,Passenger,1,2,3,365,368,0.82
December 31 2019,Ferry,WA,Truck,0,0,0,3580,3580,0.00
October 31 2019,Virginia Beach,VA,Passenger,1,0,1,706,707,0.14
October 31 2019,Whitman,WA,Truck,0,0,0,8595,8595,0.00
October 31 2019,Williamson,TX,Passenger,0,2,2,143,145,1.38
November 30 2019,Ada,ID,Passenger,0,1,1,294,295,0.34
November 30 2019,Albemarle,VA,Passenger,1,0,1,26,27,3.70
November 30 2019,Alexandria,VA,Passenger,1,0,1,148,149,0.67
November 30 2019,Anne Arundel,MD,Passenger,1,2,3,436,439,0.68
December 31 2019,Island,WA,Passenger,375,253,628,63601,64229,0.98
December 31 2019,Jones,GA,Passenger,1,0,1,1,2,50.00
December 31 2019,Kent,MI,Passenger,0,1,1,24,25,4.00
December 31 2019,Kitsap,WA,Truck,1,0,1,54454,54455,0.00
December 31 2019,Lewis,WA,Passenger,106,102,208,59559,59767,0.35
December 31 2019,Mason,WA,Passenger,142,136,278,47640,47918,0.58
December 31 2019,Montgomery,TX,Passenger,1,0,1,56,57,1.75
November 30 2019,Harrison,MS,Passenger,1,0,1,61,62,1.61
November 30 2019,Hawaii,HI,Passenger,1,0,1,57,58,1.72
November 30 2019,Island,WA,Passenger,363,251,614,63661,64275,0.96
November 30 2019,Island,WA,Truck,1,0,1,21314,21315,0.00
November 30 2019,Klickitat,WA,Passenger,45,38,83,15673,15756,0.53
November 30 2019,Klickitat,WA,Truck,0,0,0,8307,8307,0.00
November 30 2019,Kootenai,ID,Passenger,1,1,2,225,227,0.88
November 30 2019,Calvert,MD,Passenger,0,2,2,92,94,2.13
November 30 2019,DeKalb,IN,Passenger,1,0,1,1,2,50.00
September 30 2019,King,WA,Passenger,20424,7282,27706,1394973,1422679,1.95
September 30 2019,Kootenai,ID,Passenger,1,1,2,222,224,0.89
September 30 2019,Lincoln,WA,Truck,0,0,0,4690,4690,0.00
September 30 2019,Mason,WA,Truck,0,0,0,20440,20440,0.00
September 30 2019,Montgomery,AL,Passenger,0,1,1,44,45,2.22
September 30 2019,Okanogan,WA,Truck,0,0,0,16494,16494,0.00
October 31 2019,Santa Rosa,FL,Passenger,1,0,1,88,89,1.12
October 31 2019,Skamania,WA,Truck,0,0,0,4102,4102,0.00
October 31 2019,Snohomish,WA,Truck,0,0,0,123010,123010,0.00
October 31 2019,Tuolumne,CA,Passenger,0,1,1,12,13,7.69
October 31 2019,Twin Falls,ID,Passenger,0,1,1,26,27,3.70
October 31 2019,Vigo,IN,Passenger,1,0,1,6,7,14.29
October 31 2019,Volusia,FL,Passenger,0,1,1,41,42,2.38
October 31 2019,Wahkiakum,WA,Truck,0,0,0,1752,1752,0.00
October 31 2019,Walla Walla,WA,Truck,0,0,0,13670,13670,0.00
October 31 2019,Washoe,NV,Passenger,2,0,2,107,109,1.83
October 31 2019,Washtenaw,MI,Passenger,1,0,1,40,41,2.44
October 31 2019,Wayne,MI,Passenger,0,1,1,64,65,1.54
November 30 2019,Clallam,WA,Truck,1,0,1,21843,21844,0.00
November 30 2019,Cochise,AZ,Passenger,0,1,1,104,105,0.95
November 30 2019,Dallas,TX,Passenger,1,0,1,212,213,0.47
November 30 2019,Douglas,WA,Passenger,65,38,103,28291,28394,0.36
November 30 2019,Franklin,WA,Truck,0,0,0,19729,19729,0.00
November 30 2019,Frederick,MD,Passenger,1,1,2,83,85,2.35
November 30 2019,Garfield,WA,Passenger,0,1,1,1304,1305,0.08
November 30 2019,Snohomish,WA,Passenger,3943,1706,5649,535422,541071,1.04
November 30 2019,Spokane,WA,Passenger,631,470,1101,314647,315748,0.35
November 30 2019,Stevens,WA,Truck,0,0,0,18794,18794,0.00
November 30 2019,Whitman,WA,Truck,0,0,0,8581,8581,0.00
November 30 2019,Williamson,TX,Passenger,0,2,2,145,147,1.36
December 31 2019,Jefferson,WA,Passenger,217,134,351,25189,25540,1.37
December 31 2019,Jefferson,WA,Truck,0,0,0,9647,9647,0.00
November 30 2019,Garfield,WA,Truck,0,0,0,965,965,0.00
November 30 2019,Harnett,NC,Passenger,1,1,2,211,213,0.94
November 30 2019,Honolulu,HI,Passenger,4,2,6,488,494,1.21
November 30 2019,Houston,GA,Passenger,1,0,1,59,60,1.67
November 30 2019,Jefferson,WA,Truck,0,0,0,9655,9655,0.00
November 30 2019,,,Passenger,5,1,6,431,437,1.37
November 30 2019,Bexar,TX,Passenger,1,5,6,647,653,0.92
November 30 2019,Chesapeake,VA,Passenger,0,2,2,443,445,0.45
November 30 2019,Collin,TX,Passenger,1,1,2,132,134,1.49
December 31 2019,Allegheny,PA,Passenger,1,0,1,72,73,1.37
December 31 2019,Brevard,FL,Passenger,0,1,1,87,88,1.14
December 31 2019,Carroll,NH,Passenger,0,1,1,4,5,20.00
December 31 2019,Carson City,NV,Passenger,1,0,1,10,11,9.09
December 31 2019,Clackamas,OR,Passenger,2,1,3,215,218,1.38
December 31 2019,Columbia,WA,Passenger,3,3,6,2449,2455,0.24
December 31 2019,Pacific,WA,Truck,0,0,0,7722,7722,0.00
December 31 2019,Palm Beach,FL,Passenger,0,1,1,79,80,1.25
December 31 2019,Pinal,AZ,Passenger,1,0,1,193,194,0.52
December 31 2019,Prince William,VA,Passenger,1,3,4,235,239,1.67
December 31 2019,Rogers,OK,Passenger,1,0,1,6,7,14.29
November 30 2019,Montgomery,OH,Passenger,0,1,1,48,49,2.04
November 30 2019,Pacific,WA,Passenger,29,30,59,16119,16178,0.36
November 30 2019,Pierce,WA,Passenger,2085,1636,3721,547581,551302,0.67
November 30 2019,Pierce,WA,Truck,0,0,0,140695,140695,0.00
November 30 2019,Pinellas,FL,Passenger,1,1,2,109,111,1.80
November 30 2019,Polk,FL,Passenger,1,0,1,66,67,1.49
November 30 2019,Prince George's,MD,Passenger,1,1,2,172,174,1.15
November 30 2019,Randolph,NC,Passenger,1,0,1,7,8,12.50
November 30 2019,San Joaquin,CA,Passenger,1,0,1,135,136,0.74
November 30 2019,San Mateo,CA,Passenger,1,1,2,122,124,1.61
November 30 2019,Shasta,CA,Passenger,1,0,1,38,39,2.56
December 31 2019,Newport,RI,Passenger,1,0,1,85,86,1.16
December 31 2019,Norfolk,VA,Passenger,1,2,3,354,357,0.84
December 31 2019,Nueces,TX,Passenger,1,1,2,85,87,2.30
December 31 2019,Owyhee,ID,Passenger,1,0,1,3,4,25.00
December 31 2019,Pierce,WA,Passenger,2129,1652,3781,547935,551716,0.69
December 31 2019,Portsmouth,VA,Passenger,0,1,1,82,83,1.20
December 31 2019,Saginaw,MI,Passenger,1,0,1,11,12,8.33
December 31 2019,Santa Cruz,CA,Passenger,1,0,1,37,38,2.63
December 31 2019,Skagit,WA,Passenger,363,213,576,92643,93219,0.62
November 30 2019,Grant,WA,Passenger,53,65,118,65502,65620,0.18
November 30 2019,Grays Harbor,WA,Truck,0,0,0,20747,20747,0.00
November 30 2019,Jones,GA,Passenger,1,0,1,1,2,50.00
November 30 2019,Kern,CA,Passenger,0,1,1,222,223,0.45
November 30 2019,Lake,IL,Passenger,1,0,1,164,165,0.61
September 30 2019,Pierce,WA,Truck,0,0,0,140464,140464,0.00
September 30 2019,Powhatan,VA,Passenger,1,0,1,0,1,100.00
September 30 2019,Putnam,TN,Passenger,0,1,1,3,4,25.00
September 30 2019,Richmond,GA,Passenger,0,1,1,96,97,1.03
September 30 2019,Shasta,CA,Passenger,1,0,1,39,40,2.50
September 30 2019,Shelby,TN,Passenger,0,1,1,94,95,1.05
September 30 2019,Skagit,WA,Truck,1,0,1,32518,32519,0.00
September 30 2019,Spartanburg,SC,Passenger,0,1,1,39,40,2.50
September 30 2019,Suffolk,MA,Passenger,0,1,1,38,39,2.56
September 30 2019,Tarrant,TX,Passenger,2,0,2,195,197,1.02
November 30 2019,Columbia,WA,Truck,0,0,0,1535,1535,0.00
November 30 2019,Deschutes,OR,Passenger,3,0,3,146,149,2.01
November 30 2019,King,WA,Passenger,21602,7457,29059,1395618,1424677,2.04
November 30 2019,Lincoln,WA,Truck,0,0,0,4695,4695,0.00
November 30 2019,Montgomery,AL,Passenger,0,1,1,42,43,2.33
November 30 2019,Multnomah,OR,Passenger,4,6,10,729,739,1.35
November 30 2019,Nassau,NY,Passenger,4,0,4,39,43,9.30
December 31 2019,Sedgwick,KS,Passenger,1,1,2,96,98,2.04
December 31 2019,St. Mary's,MD,Passenger,1,0,1,220,221,0.45
December 31 2019,Thurston,WA,Passenger,1052,700,1752,199254,201006,0.87
December 31 2019,Washington,OR,Passenger,1,0,1,453,454,0.22
November 30 2019,Manassas,VA,Passenger,0,1,1,6,7,14.29
November 30 2019,Maui,HI,Passenger,1,0,1,41,42,2.38
November 30 2019,Middlesex,MA,Passenger,1,1,2,112,114,1.75
November 30 2019,Montgomery,TX,Passenger,1,0,1,57,58,1.72
November 30 2019,New London,CT,Passenger,0,2,2,249,251,0.80
December 31 2019,Cumberland,NC,Passenger,0,2,2,493,495,0.40
October 31 2022,Santa Cruz,CA,Passenger,1,0,1,19,20,5.00
October 31 2022,Sarasota,FL,Passenger,1,0,1,17,18,5.56
October 31 2022,Spartanburg,SC,Passenger,0,1,1,29,30,3.33
October 31 2022,Stafford,VA,Passenger,2,1,3,79,82,3.66
October 31 2022,Thurston,WA,Truck,30,0,30,54921,54951,0.05
October 31 2022,Wayne,NC,Passenger,1,0,1,22,23,4.35
September 30 2022,Lane,OR,Passenger,0,1,1,77,78,1.28
September 30 2022,Las Animas,CO,Passenger,1,0,1,1,2,50.00
September 30 2022,Lincoln,OR,Passenger,0,1,1,22,23,4.35
September 30 2022,Napa,CA,Passenger,0,1,1,10,11,9.09
November 30 2022,Jefferson,WA,Truck,6,0,6,9388,9394,0.06
November 30 2022,Kern,CA,Passenger,1,1,2,188,190,1.05
November 30 2022,Mason,WA,Passenger,360,190,550,46972,47522,1.16
November 30 2022,Newport,RI,Passenger,1,0,1,63,64,1.56
August 31 2022,Wayne,NC,Passenger,1,0,1,26,27,3.70
August 31 2022,Yakima,WA,Truck,1,0,1,61414,61415,0.00
August 31 2022,Yellowstone,MT,Passenger,0,1,1,19,20,5.00
September 30 2022,Adams,WA,Truck,1,0,1,5426,5427,0.02
September 30 2022,Allen,IN,Passenger,1,0,1,12,13,7.69
September 30 2022,Anne Arundel,MD,Passenger,5,4,9,315,324,2.78
September 30 2022,Asotin,WA,Passenger,25,19,44,12622,12666,0.35
September 30 2022,Clark,WA,Truck,19,0,19,82326,82345,0.02
October 31 2022,Oldham,KY,Passenger,0,1,1,4,5,20.00
October 31 2022,Philadelphia,PA,Passenger,1,0,1,36,37,2.70
October 31 2022,Pierce,WA,Truck,62,0,62,140237,140299,0.04
October 31 2022,Richmond,GA,Passenger,0,1,1,60,61,1.64
October 31 2022,Richmond,NY,Passenger,1,0,1,6,7,14.29
October 31 2022,Sacramento,CA,Passenger,3,0,3,180,183,1.64
October 31 2022,San Mateo,CA,Passenger,1,0,1,66,67,1.49
July 31 2022,Alexandria,VA,Passenger,3,1,4,109,113,3.54
July 31 2022,Bryan,GA,Passenger,0,1,1,39,40,2.50
July 31 2022,Contra Costa,CA,Passenger,0,4,4,240,244,1.64
September 30 2022,Mason,WA,Passenger,339,178,517,46976,47493,1.09
September 30 2022,Newport,RI,Passenger,1,0,1,65,66,1.52
September 30 2022,Norfolk,VA,Passenger,3,3,6,277,283,2.12
September 30 2022,Nueces,TX,Passenger,1,1,2,49,51,3.92
September 30 2022,Pierce,WA,Passenger,5531,2430,7961,542099,550060,1.45
September 30 2022,Portsmouth,VA,Passenger,0,1,1,73,74,1.35
September 30 2022,Ray,MO,Passenger,0,1,1,1,2,50.00
September 30 2022,Richmond,NY,Passenger,1,0,1,6,7,14.29
September 30 2022,Rock Island,IL,Passenger,0,1,1,15,16,6.25
September 30 2022,San Bernardino,CA,Passenger,1,1,2,296,298,0.67
September 30 2022,Santa Cruz,CA,Passenger,1,0,1,20,21,4.76
September 30 2022,Saratoga,NY,Passenger,1,0,1,37,38,2.63
September 30 2022,Danville,VA,Passenger,1,0,1,0,1,100.00
September 30 2022,Douglas,OR,Passenger,1,0,1,23,24,4.17
September 30 2022,Douglas,WA,Truck,1,0,1,12780,12781,0.01
September 30 2022,El Paso,CO,Passenger,3,1,4,569,573,0.70
September 30 2022,El Paso,TX,Passenger,2,0,2,308,310,0.65
September 30 2022,Garfield,WA,Truck,0,0,0,971,971,0.00
September 30 2022,Gwinnett,GA,Passenger,1,0,1,49,50,2.00
August 31 2022,Middlesex,MA,Passenger,2,1,3,71,74,4.05
August 31 2022,Moore,NC,Passenger,0,1,1,108,109,0.92
August 31 2022,Okaloosa,FL,Passenger,0,1,1,98,99,1.01
August 31 2022,Onslow,NC,Passenger,0,1,1,158,159,0.63
August 31 2022,Pacific,WA,Passenger,70,72,142,15805,15947,0.89
August 31 2022,Pend Oreille,WA,Passenger,18,12,30,9031,9061,0.33
August 31 2022,Philadelphia,PA,Passenger,1,0,1,36,37,2.70
August 31 2022,San Mateo,CA,Passenger,2,0,2,70,72,2.78
September 30 2022,Rockdale,GA,Passenger,1,0,1,6,7,14.29
September 30 2022,Rockingham,NH,Passenger,1,0,1,16,17,5.88
September 30 2022,Sedgwick,KS,Passenger,1,1,2,64,66,3.03
September 30 2022,St. Mary's,MD,Passenger,1,0,1,179,180,0.56
September 30 2022,Thurston,WA,Passenger,2382,1103,3485,193027,196512,1.77
September 30 2022,Thurston,WA,Truck,21,0,21,55083,55104,0.04
November 30 2022,Allen,IN,Passenger,1,0,1,11,12,8.33
November 30 2022,Asotin,WA,Passenger,29,20,49,12522,12571,0.39
November 30 2022,Broward,FL,Passenger,1,0,1,64,65,1.54
November 30 2022,Burlington,NJ,Passenger,0,2,2,95,97,2.06
November 30 2022,Chelan,WA,Passenger,524,142,666,54282,54948,1.21
November 30 2022,Clallam,WA,Passenger,470,261,731,49436,50167,1.46
September 30 2022,Kitsap,WA,Truck,23,0,23,53256,53279,0.04
September 30 2022,Lake,FL,Passenger,1,0,1,17,18,5.56
September 30 2022,Owyhee,ID,Passenger,1,0,1,3,4,25.00
September 30 2022,Penobscot,ME,Passenger,0,1,1,8,9,11.11
July 31 2022,Denton,TX,Passenger,1,0,1,62,63,1.59
July 31 2022,Douglas,WA,Passenger,138,60,198,28406,28604,0.69
July 31 2022,Frederick,MD,Passenger,1,0,1,59,60,1.67
July 31 2022,Galveston,TX,Passenger,0,1,1,18,19,5.26
July 31 2022,Grant,WA,Passenger,183,100,283,66699,66982,0.42
July 31 2022,Grant,WA,Truck,0,0,0,27972,27972,0.00
July 31 2022,Grays Harbor,WA,Truck,2,0,2,21238,21240,0.01
July 31 2022,Hillsborough,FL,Passenger,0,1,1,116,117,0.85
July 31 2022,Hudson,NJ,Passenger,1,0,1,32,33,3.03
August 31 2022,Whatcom,WA,Passenger,1912,766,2678,148941,151619,1.77
August 31 2022,Wichita,TX,Passenger,2,0,2,37,39,5.13
August 31 2022,Wood,OH,Passenger,0,1,1,4,5,20.00
September 30 2022,Allegheny,PA,Passenger,1,1,2,47,49,4.08
September 30 2022,Arlington,VA,Passenger,1,0,1,115,116,0.86
November 30 2022,Pacific,WA,Truck,1,0,1,7855,7856,0.01
November 30 2022,Pend Oreille,WA,Truck,0,0,0,5604,5604,0.00
November 30 2022,Pierce,WA,Passenger,5997,2476,8473,540059,548532,1.54
November 30 2022,Placer,CA,Passenger,2,0,2,60,62,3.23
November 30 2022,Portsmouth,VA,Passenger,0,1,1,71,72,1.39
November 30 2022,Rockdale,GA,Passenger,1,0,1,6,7,14.29
November 30 2022,San Juan,WA,Truck,7,0,7,5932,5939,0.12
November 30 2022,Santa Barbara,CA,Passenger,1,0,1,67,68,1.47
November 30 2022,Sarpy,NE,Passenger,1,0,1,49,50,2.00
November 30 2022,Skagit,WA,Passenger,908,352,1260,89499,90759,1.39
November 30 2022,Skamania,WA,Truck,0,0,0,3895,3895,0.00
November 30 2022,St. Mary's,MD,Passenger,1,0,1,171,172,0.58
September 30 2022,Polk,OR,Passenger,0,1,1,18,19,5.26
September 30 2022,Queens,NY,Passenger,1,0,1,36,37,2.70
September 30 2022,Stevens,WA,Truck,1,0,1,18928,18929,0.01
July 31 2022,Juneau,AK,Passenger,0,1,1,28,29,3.45
July 31 2022,Lee,FL,Passenger,1,0,1,28,29,3.45
July 31 2022,Louisa,VA,Passenger,0,1,1,1,2,50.00
July 31 2022,Middlesex,MA,Passenger,2,1,3,76,79,3.80
July 31 2022,Montgomery,MD,Passenger,4,2,6,195,201,2.99
July 31 2022,New Haven,CT,Passenger,0,2,2,27,29,6.90
July 31 2022,Onslow,NC,Passenger,0,1,1,158,159,0.63
October 31 2022,Skagit,WA,Truck,8,0,8,32241,32249,0.02
October 31 2022,Stevens,WA,Passenger,84,56,140,30063,30203,0.46
October 31 2022,Suffolk,VA,Passenger,1,0,1,113,114,0.88
October 31 2022,Travis,TX,Passenger,1,0,1,90,91,1.10
October 31 2022,Virginia Beach,VA,Passenger,2,0,2,478,480,0.42
October 31 2022,Whatcom,WA,Truck,20,0,20,43122,43142,0.05
October 31 2022,Whitman,WA,Passenger,103,65,168,21988,22156,0.76
October 31 2022,Yakima,WA,Truck,5,0,5,61296,61301,0.01
November 30 2022,Adams,CO,Passenger,1,0,1,32,33,3.03
November 30 2022,Adams,WA,Truck,1,0,1,5393,5394,0.02
November 30 2022,Alameda,CA,Passenger,3,0,3,162,165,1.82
November 30 2022,Arlington,VA,Passenger,1,0,1,108,109,0.92
November 30 2022,Boulder,CO,Passenger,1,0,1,30,31,3.23
November 30 2022,Denton,TX,Passenger,1,0,1,54,55,1.82
November 30 2022,El Paso,CO,Passenger,3,1,4,545,549,0.73
November 30 2022,Fairfax,VA,Passenger,5,3,8,576,584,1.37
November 30 2022,Grant,WA,Truck,4,0,4,27995,27999,0.01
November 30 2022,King,WA,Truck,337,2,339,178934,179273,0.19
September 30 2022,Wayne,NC,Passenger,1,0,1,23,24,4.17
September 30 2022,Williams,ND,Passenger,0,1,1,5,6,16.67
October 31 2022,Allen,IN,Passenger,1,0,1,12,13,7.69
October 31 2022,Asotin,WA,Passenger,26,19,45,12572,12617,0.36
October 31 2022,Bexar,TX,Passenger,5,3,8,393,401,2.00
October 31 2022,Broward,FL,Passenger,1,0,1,65,66,1.52
October 31 2022,Chelan,WA,Passenger,507,140,647,54204,54851,1.18
October 31 2022,Chesapeake,VA,Passenger,3,3,6,303,309,1.94
September 30 2022,Whitman,WA,Truck,2,0,2,8592,8594,0.02
September 30 2022,Williamson,TX,Passenger,0,2,2,69,71,2.82
September 30 2022,Yellowstone,MT,Passenger,0,1,1,18,19,5.26
October 31 2022,Allegheny,PA,Passenger,1,1,2,46,48,4.17
October 31 2022,Berkeley,SC,Passenger,0,1,1,109,110,0.91
October 31 2022,Carroll,NH,Passenger,0,1,1,5,6,16.67
October 31 2022,Clackamas,OR,Passenger,1,0,1,126,127,0.79
November 30 2022,Lee,FL,Passenger,1,0,1,25,26,3.85
November 30 2022,New Haven,CT,Passenger,0,2,2,24,26,7.69
November 30 2022,Oldham,KY,Passenger,0,1,1,4,5,20.00
November 30 2022,Owyhee,ID,Passenger,1,0,1,3,4,25.00
November 30 2022,Pennington,SD,Passenger,2,0,2,24,26,7.69
November 30 2022,Richmond,NY,Passenger,1,0,1,6,7,14.29
November 30 2022,Rock Island,IL,Passenger,0,1,1,15,16,6.25
September 30 2022,Sevier,AR,Passenger,0,1,1,0,1,100.00
September 30 2022,Skagit,WA,Passenger,869,349,1218,89723,90941,1.34
September 30 2022,Skagit,WA,Truck,6,0,6,32233,32239,0.02
September 30 2022,Snohomish,WA,Passenger,9071,2625,11696,531373,543069,2.15
September 30 2022,Spartanburg,SC,Passenger,0,1,1,32,33,3.03
September 30 2022,Spokane,WA,Passenger,1771,890,2661,324842,327503,0.81
September 30 2022,St. Louis,MO,Passenger,1,0,1,55,56,1.79
September 30 2022,Wahkiakum,WA,Truck,1,0,1,1803,1804,0.06
September 30 2022,Whatcom,WA,Truck,14,0,14,43121,43135,0.03
October 31 2022,,,Passenger,2,1,3,332,335,0.90
October 31 2022,Bell,TX,Passenger,1,0,1,285,286,0.35
October 31 2022,Boulder,CO,Passenger,1,0,1,31,32,3.12
November 30 2022,Camden,NJ,Passenger,0,1,1,11,12,8.33
November 30 2022,Cape May,NJ,Passenger,0,1,1,7,8,12.50
November 30 2022,Charles,MD,Passenger,1,1,2,50,52,3.85
November 30 2022,Charleston,SC,Passenger,2,2,4,55,59,6.78
November 30 2022,Clark,NV,Passenger,5,3,8,429,437,1.83
November 30 2022,Douglas,WA,Truck,2,0,2,12806,12808,0.02
November 30 2022,Duval,FL,Passenger,1,1,2,244,246,0.81
November 30 2022,Yakima,WA,Passenger,409,218,627,166514,167141,0.38
December 31 2022,,,Passenger,2,0,2,330,332,0.60
December 31 2022,Anne Arundel,MD,Truck,1,0,1,39,40,2.50
December 31 2022,Benton,WA,Passenger,933,500,1433,135718,137151,1.04
December 31 2022,Bexar,TX,Passenger,4,3,7,378,385,1.82
December 31 2022,Bryan,GA,Passenger,0,1,1,38,39,2.56
December 31 2022,Carroll,MD,Passenger,0,1,1,17,18,5.56
July 31 2022,Pend Oreille,WA,Truck,0,0,0,5649,5649,0.00
July 31 2022,Placer,CA,Passenger,2,0,2,65,67,2.99
July 31 2022,San Diego,CA,Passenger,16,11,27,2199,2226,1.21
July 31 2022,Skamania,WA,Passenger,76,47,123,8162,8285,1.48
July 31 2022,St. Clair,IL,Passenger,2,0,2,117,119,1.68
October 31 2022,El Paso,CO,Passenger,3,1,4,556,560,0.71
October 31 2022,Harrison,MS,Passenger,1,0,1,38,39,2.56
October 31 2022,Island,WA,Passenger,902,390,1292,61711,63003,2.05
October 31 2022,King,WA,Truck,300,2,302,179286,179588,0.17
October 31 2022,Bryan,GA,Passenger,0,1,1,37,38,2.63
October 31 2022,Clark,NV,Passenger,4,3,7,443,450,1.56
October 31 2022,Contra Costa,CA,Passenger,0,3,3,222,225,1.33
October 31 2022,Denton,TX,Passenger,1,0,1,55,56,1.79
October 31 2022,Douglas,WA,Passenger,158,59,217,28447,28664,0.76
October 31 2022,Duval,FL,Passenger,1,2,3,248,251,1.20
October 31 2022,Elmore,ID,Passenger,1,0,1,13,14,7.14
October 31 2022,Frederick,MD,Passenger,1,0,1,56,57,1.75
September 30 2022,Charleston,SC,Passenger,2,2,4,58,62,6.45
September 30 2022,Chelan,WA,Passenger,494,135,629,54149,54778,1.15
September 30 2022,Clallam,WA,Passenger,442,249,691,49494,50185,1.38
September 30 2022,Clallam,WA,Truck,6,0,6,21888,21894,0.03
September 30 2022,Clark,WA,Passenger,4482,1890,6372,315666,322038,1.98
September 30 2022,Columbia,WA,Passenger,8,0,8,2440,2448,0.33
September 30 2022,Cumberland,NC,Passenger,1,2,3,344,347,0.86
September 30 2022,Cumberland,PA,Passenger,1,0,1,35,36,2.78
September 30 2022,District of Columbia,DC,Passenger,4,0,4,156,160,2.50
September 30 2022,Fairbanks North Star,AK,Passenger,0,1,1,67,68,1.47
September 30 2022,Fairfax,VA,Passenger,6,3,9,584,593,1.52
October 31 2022,Columbia,WA,Passenger,8,1,9,2442,2451,0.37
October 31 2022,Cook,IL,Passenger,2,0,2,165,167,1.20
October 31 2022,Cumberland,NC,Passenger,1,2,3,340,343,0.87
October 31 2022,Cumberland,PA,Passenger,1,0,1,35,36,2.78
October 31 2022,Douglas,NE,Passenger,2,2,4,31,35,11.43
October 31 2022,Fairbanks North Star,AK,Passenger,0,1,1,66,67,1.49
October 31 2022,Ferry,WA,Truck,0,0,0,3591,3591,0.00
October 31 2022,Franklin,WA,Passenger,239,113,352,61833,62185,0.57
October 31 2022,Grays Harbor,WA,Passenger,231,166,397,48737,49134,0.81
October 31 2022,Hennepin,MN,Passenger,1,0,1,40,41,2.44
November 30 2022,Jefferson,WA,Passenger,474,229,703,24392,25095,2.80
November 30 2022,Kauai,HI,Passenger,1,1,2,13,15,13.33
November 30 2022,Kent,DE,Passenger,1,0,1,49,50,2.00
November 30 2022,Kitsap,WA,Truck,28,0,28,53046,53074,0.05
November 30 2022,Kootenai,ID,Truck,1,0,1,28,29,3.45
November 30 2022,Lake,FL,Passenger,1,0,1,17,18,5.56
November 30 2022,Lane,OR,Passenger,0,1,1,73,74,1.35
November 30 2022,Las Animas,CO,Passenger,1,0,1,1,2,50.00
November 30 2022,Lewis,WA,Passenger,260,178,438,59970,60408,0.73
December 31 2022,Cowlitz,WA,Truck,4,0,4,28369,28373,0.01
December 31 2022,Essex,NJ,Passenger,2,0,2,7,9,22.22
December 31 2022,Frederick,MD,Passenger,1,0,1,56,57,1.75
December 31 2022,Garfield,WA,Passenger,1,3,4,1315,1319,0.30
December 31 2022,Grant,WA,Passenger,231,112,343,66842,67185,0.51
December 31 2022,Hamilton,OH,Truck,1,0,1,3,4,25.00
November 30 2022,Sevier,AR,Passenger,0,1,1,0,1,100.00
November 30 2022,Skamania,WA,Passenger,89,51,140,8118,8258,1.70
November 30 2022,Spokane,WA,Passenger,1894,916,2810,324707,327517,0.86
November 30 2022,St. Clair,IL,Passenger,2,0,2,114,116,1.72
November 30 2022,St. Louis,MO,Passenger,1,0,1,54,55,1.82
November 30 2022,Walla Walla,WA,Passenger,202,108,310,35700,36010,0.86
November 30 2022,Yavapai,AZ,Passenger,1,0,1,22,23,4.35
November 30 2022,Yellowstone,MT,Passenger,0,1,1,16,17,5.88
December 31 2022,Adams,WA,Truck,1,0,1,5382,5383,0.02
December 31 2022,Alameda,CA,Passenger,3,0,3,157,160,1.88
December 31 2022,Anne Arundel,MD,Passenger,5,4,9,296,305,2.95
October 31 2022,Kittitas,WA,Truck,5,0,5,14603,14608,0.03
October 31 2022,Okanogan,WA,Truck,1,0,1,16474,16475,0.01
October 31 2022,Owyhee,ID,Passenger,1,0,1,3,4,25.00
October 31 2022,Pennington,SD,Passenger,2,0,2,24,26,7.69
October 31 2022,Pierce,WA,Passenger,5749,2447,8196,541030,549226,1.49
October 31 2022,Platte,MO,Passenger,1,0,1,18,19,5.26
October 31 2022,Portsmouth,VA,Passenger,0,1,1,72,73,1.37
October 31 2022,Prince George's,MD,Passenger,3,1,4,108,112,3.57
October 31 2022,Rock Island,IL,Passenger,0,1,1,15,16,6.25
December 31 2022,Berkeley,SC,Passenger,0,1,1,108,109,0.92
December 31 2022,Carroll,NH,Passenger,0,1,1,5,6,16.67
December 31 2022,Charles,MD,Passenger,1,1,2,49,51,3.92
December 31 2022,Clark,WA,Truck,51,0,51,81852,81903,0.06
December 31 2022,Danville,VA,Passenger,1,0,1,0,1,100.00
December 31 2022,Denton,TX,Passenger,1,0,1,51,52,1.92
December 31 2022,Douglas,NE,Passenger,2,1,3,29,32,9.38
November 30 2022,Norfolk,VA,Passenger,3,3,6,274,280,2.14
November 30 2022,Nueces,TX,Passenger,0,1,1,50,51,1.96
November 30 2022,Rockingham,NH,Passenger,1,0,1,15,16,6.25
November 30 2022,San Bernardino,CA,Passenger,1,1,2,291,293,0.68
November 30 2022,Santa Cruz,CA,Passenger,1,0,1,18,19,5.26
July 31 2022,Walla Walla,WA,Passenger,175,99,274,35841,36115,0.76
July 31 2022,Yakima,WA,Passenger,353,198,551,166728,167279,0.33
July 31 2022,Yellowstone,MT,Passenger,0,1,1,20,21,4.76
August 31 2022,Adams,WA,Passenger,21,9,30,12978,13008,0.23
August 31 2022,Adams,WA,Truck,1,0,1,5435,5436,0.02
August 31 2022,Alameda,CA,Passenger,4,0,4,173,177,2.26
August 31 2022,Albemarle,VA,Passenger,1,0,1,17,18,5.56
August 31 2022,Anne Arundel,MD,Passenger,5,4,9,321,330,2.73
August 31 2022,Arapahoe,CO,Passenger,0,1,1,73,74,1.35
August 31 2022,Asotin,WA,Truck,0,0,0,6697,6697,0.00
August 31 2022,Carroll,MD,Passenger,0,1,1,16,17,5.88
October 31 2022,Grant,WA,Passenger,211,108,319,66742,67061,0.48
October 31 2022,Grant,WA,Truck,2,0,2,28027,28029,0.01
October 31 2022,Hillsborough,FL,Passenger,0,1,1,112,113,0.88
October 31 2022,Hudson,NJ,Passenger,1,0,1,30,31,3.23
October 31 2022,Jefferson,WA,Passenger,464,225,689,24419,25108,2.74
October 31 2022,Kings,CA,Passenger,2,1,3,285,288,1.04
October 31 2022,Kootenai,ID,Truck,1,0,1,29,30,3.33
October 31 2022,Lee,FL,Passenger,1,0,1,24,25,4.00
October 31 2022,Louisa,VA,Passenger,0,1,1,1,2,50.00
December 31 2022,Kauai,HI,Passenger,1,1,2,13,15,13.33
December 31 2022,Kitsap,WA,Truck,34,0,34,52952,52986,0.06
December 31 2022,Lee,FL,Passenger,1,0,1,24,25,4.00
December 31 2022,Loudoun,VA,Passenger,3,1,4,60,64,6.25
September 30 2022,Geary,KS,Passenger,1,0,1,80,81,1.23
September 30 2022,Grays Harbor,WA,Passenger,224,166,390,48800,49190,0.79
September 30 2022,Harrison,MS,Passenger,1,0,1,39,40,2.50
September 30 2022,Klickitat,WA,Passenger,109,53,162,15153,15315,1.06
September 30 2022,Lake,IL,Passenger,2,0,2,122,124,1.61
September 30 2022,Leavenworth,KS,Passenger,1,1,2,100,102,1.96
September 30 2022,Lewis,WA,Truck,1,0,1,26373,26374,0.00
September 30 2022,Los Angeles,CA,Passenger,7,6,13,700,713,1.82
December 31 2022,Houston,GA,Passenger,1,0,1,24,25,4.00
December 31 2022,Island,WA,Truck,17,0,17,21225,21242,0.08
December 31 2022,Jefferson,NY,Passenger,1,1,2,187,189,1.06
December 31 2022,King,WA,Passenger,48174,12241,60415,1337190,1397605,4.32
December 31 2022,Louisa,VA,Passenger,0,1,1,1,2,50.00
December 31 2022,Marin,CA,Passenger,0,1,1,31,32,3.12
December 31 2022,Mason,WA,Truck,6,0,6,20832,20838,0.03
December 31 2022,Monterey,CA,Passenger,1,1,2,117,119,1.68
October 31 2022,Montgomery,MD,Passenger,4,2,6,181,187,3.21
October 31 2022,Pulaski,AR,Passenger,3,0,3,28,31,9.68
September 30 2022,Maricopa,AZ,Passenger,6,1,7,758,765,0.92
September 30 2022,Plaquemines,LA,Passenger,1,1,2,16,18,11.11
September 30 2022,Prince George's,MD,Passenger,3,1,4,110,114,3.51
September 30 2022,Randolph,NC,Passenger,1,0,1,5,6,16.67
September 30 2022,San Joaquin,CA,Passenger,1,0,1,77,78,1.28
September 30 2022,Sarasota,FL,Passenger,1,0,1,20,21,4.76
October 31 2022,Kittitas,WA,Passenger,291,94,385,29582,29967,1.28
October 31 2022,Klickitat,WA,Passenger,114,51,165,15116,15281,1.08
October 31 2022,Lewis,WA,Truck,2,0,2,26372,26374,0.01
October 31 2022,Lincoln,WA,Passenger,12,17,29,7734,7763,0.37
October 31 2022,Los Angeles,CA,Passenger,6,6,12,689,701,1.71
October 31 2022,Maricopa,AZ,Passenger,6,2,8,726,734,1.09
October 31 2022,Montgomery,PA,Passenger,1,0,1,19,20,5.00
November 30 2022,Snohomish,WA,Passenger,9881,2717,12598,530704,543302,2.32
November 30 2022,Wahkiakum,WA,Passenger,25,13,38,3045,3083,1.23
November 30 2022,Williams,ND,Passenger,0,1,1,5,6,16.67
December 31 2022,Allen,IN,Passenger,1,0,1,11,12,8.33
December 31 2022,Asotin,WA,Passenger,29,20,49,12486,12535,0.39
October 31 2022,Sarpy,NE,Passenger,1,0,1,49,50,2.00
October 31 2022,Sevier,AR,Passenger,0,1,1,0,1,100.00
October 31 2022,Skagit,WA,Passenger,886,349,1235,89525,90760,1.36
October 31 2022,Sonoma,CA,Passenger,1,1,2,67,69,2.90
October 31 2022,Spokane,WA,Passenger,1836,911,2747,324799,327546,0.84
October 31 2022,St. Louis,MO,Passenger,1,0,1,55,56,1.79
October 31 2022,Ventura,CA,Passenger,2,1,3,220,223,1.35
November 30 2022,Adams,WA,Passenger,22,11,33,13021,13054,0.25
November 30 2022,Anne Arundel,MD,Passenger,5,4,9,298,307,2.93
November 30 2022,Arapahoe,CO,Passenger,0,1,1,71,72,1.39
August 31 2022,Essex,NJ,Passenger,2,0,2,7,9,22.22
August 31 2022,Franklin,WA,Passenger,224,113,337,61969,62306,0.54
August 31 2022,Franklin,WA,Truck,2,0,2,20906,20908,0.01
August 31 2022,Garfield,WA,Passenger,1,3,4,1322,1326,0.30
August 31 2022,Harnett,NC,Passenger,2,0,2,145,147,1.36
August 31 2022,Hidalgo,TX,Passenger,0,1,1,53,54,1.85
August 31 2022,Hoke,NC,Passenger,1,0,1,63,64,1.56
August 31 2022,Honolulu,HI,Passenger,3,3,6,312,318,1.89
December 31 2022,Pend Oreille,WA,Passenger,21,13,34,8966,9000,0.38
December 31 2022,Polk,OR,Passenger,0,1,1,17,18,5.56
December 31 2022,Salt Lake,UT,Passenger,0,2,2,104,106,1.89
December 31 2022,Skamania,WA,Passenger,89,52,141,8102,8243,1.71
December 31 2022,Solano,CA,Passenger,2,0,2,144,146,1.37
December 31 2022,Montgomery,AL,Passenger,0,1,1,32,33,3.03
December 31 2022,Okanogan,WA,Truck,2,0,2,16423,16425,0.01
December 31 2022,Pierce,WA,Truck,82,0,82,139503,139585,0.06
December 31 2022,Platte,MO,Passenger,1,0,1,18,19,5.26
December 31 2022,Pulaski,AR,Passenger,3,0,3,25,28,10.71
December 31 2022,Richmond,GA,Passenger,0,1,1,62,63,1.59
December 31 2022,Sheridan,WY,Passenger,1,0,1,5,6,16.67
December 31 2022,Sumter,SC,Passenger,1,1,2,29,31,6.45
December 31 2022,Ulster,NY,Passenger,1,0,1,4,5,20.00
December 31 2022,Virginia Beach,VA,Passenger,2,0,2,463,465,0.43
November 30 2022,Champaign,IL,Passenger,1,0,1,8,9,11.11
November 30 2022,Clackamas,OR,Passenger,1,0,1,122,123,0.81
November 30 2022,Dorchester,SC,Passenger,1,0,1,43,44,2.27
November 30 2022,Douglas,CO,Passenger,0,1,1,59,60,1.67
November 30 2022,Essex,NJ,Passenger,2,0,2,7,9,22.22
November 30 2022,Franklin,WA,Passenger,246,118,364,61802,62166,0.59
December 31 2022,Douglas,OR,Passenger,1,0,1,23,24,4.17
December 31 2022,Douglas,WA,Truck,3,0,3,12819,12822,0.02
December 31 2022,El Paso,CO,Passenger,3,1,4,537,541,0.74
December 31 2022,El Paso,TX,Passenger,2,0,2,295,297,0.67
December 31 2022,Emmet,MI,Passenger,0,1,1,0,1,100.00
December 31 2022,Garfield,WA,Truck,0,0,0,978,978,0.00
December 31 2022,Gwinnett,GA,Passenger,1,0,1,41,42,2.38
December 31 2022,Vernon,LA,Passenger,1,0,1,74,75,1.33
December 31 2022,Whatcom,WA,Passenger,2110,809,2919,148731,151650,1.92
December 31 2022,Yellowstone,MT,Passenger,0,1,1,16,17,5.88
January 31 2023,Anne Arundel,MD,Passenger,5,4,9,294,303,2.97
January 31 2023,Chelan,WA,Truck,15,0,15,23069,23084,0.06
August 31 2022,Howard,MD,Passenger,0,1,1,53,54,1.85
August 31 2022,Kauai,HI,Passenger,1,0,1,14,15,6.67
August 31 2022,Kern,CA,Passenger,0,1,1,187,188,0.53
August 31 2022,Kitsap,WA,Passenger,2524,1095,3619,178098,181717,1.99
August 31 2022,Lincoln,WA,Truck,0,0,0,4844,4844,0.00
August 31 2022,Loudoun,VA,Passenger,2,1,3,62,65,4.62
August 31 2022,Marin,CA,Passenger,0,1,1,29,30,3.33
August 31 2022,Montgomery,AL,Passenger,0,1,1,35,36,2.78
September 30 2022,Snohomish,WA,Truck,59,0,59,123110,123169,0.05
September 30 2022,Spokane,WA,Truck,12,0,12,101993,102005,0.01
September 30 2022,St. Tammany,LA,Passenger,1,0,1,33,34,2.94
September 30 2022,Stevens,WA,Passenger,81,56,137,30108,30245,0.45
September 30 2022,Wahkiakum,WA,Passenger,24,12,36,3078,3114,1.16
October 31 2022,Alexandria,VA,Passenger,4,1,5,100,105,4.76
October 31 2022,San Diego,CA,Passenger,17,10,27,2095,2122,1.27
October 31 2022,Skamania,WA,Passenger,85,51,136,8104,8240,1.65
October 31 2022,Sumter,SC,Passenger,1,1,2,31,33,6.06
October 31 2022,Thurston,WA,Passenger,2471,1110,3581,192835,196416,1.82
October 31 2022,Walla Walla,WA,Passenger,190,107,297,35717,36014,0.82
October 31 2022,Williams,ND,Passenger,0,1,1,5,6,16.67
November 30 2022,Allegheny,PA,Passenger,1,0,1,46,47,2.13
November 30 2022,Benton,WA,Passenger,914,491,1405,135861,137266,1.02
November 30 2022,Berkeley,SC,Passenger,0,1,1,107,108,0.93
January 31 2023,Adams,WA,Passenger,22,11,33,12996,13029,0.25
January 31 2023,Arapahoe,CO,Passenger,0,1,1,66,67,1.49
January 31 2023,Bartow,GA,Passenger,0,1,1,3,4,25.00
January 31 2023,Burlington,NJ,Passenger,0,2,2,91,93,2.15
January 31 2023,Cape May,NJ,Passenger,0,1,1,7,8,12.50
January 31 2023,Charleston,SC,Passenger,2,2,4,56,60,6.67
January 31 2023,Clallam,WA,Passenger,499,267,766,49315,50081,1.53
January 31 2023,Clark,WA,Passenger,5075,2078,7153,314208,321361,2.23
October 31 2022,Pacific,WA,Passenger,68,74,142,15764,15906,0.89
October 31 2022,Pend Oreille,WA,Passenger,18,12,30,9014,9044,0.33
October 31 2022,Plaquemines,LA,Passenger,1,1,2,16,18,11.11
October 31 2022,Randolph,NC,Passenger,1,0,1,5,6,16.67
October 31 2022,San Joaquin,CA,Passenger,1,0,1,75,76,1.32
October 31 2022,San Juan,WA,Passenger,549,165,714,13986,14700,4.86
October 31 2022,Santa Clara,CA,Passenger,9,2,11,182,193,5.70
October 31 2022,Sedgwick,KS,Passenger,1,1,2,64,66,3.03
October 31 2022,Snohomish,WA,Truck,76,0,76,122933,123009,0.06
October 31 2022,Solano,CA,Passenger,2,0,2,150,152,1.32
October 31 2022,Spokane,WA,Truck,14,0,14,101937,101951,0.01
October 31 2022,Camden,NJ,Passenger,0,1,1,11,12,8.33
October 31 2022,Collin,TX,Passenger,2,0,2,61,63,3.17
October 31 2022,Columbia,WA,Truck,0,0,0,1587,1587,0.00
October 31 2022,Dallas,TX,Passenger,1,0,1,93,94,1.06
October 31 2022,Douglas,OR,Passenger,1,0,1,22,23,4.35
October 31 2022,Douglas,WA,Truck,2,0,2,12810,12812,0.02
October 31 2022,Galveston,TX,Passenger,0,1,1,16,17,5.88
December 31 2022,Jefferson,WA,Passenger,480,230,710,24298,25008,2.84
December 31 2022,King,WA,Truck,386,2,388,178253,178641,0.22
December 31 2022,Kings,CA,Passenger,2,1,3,277,280,1.07
December 31 2022,Kootenai,ID,Truck,1,0,1,28,29,3.45
December 31 2022,Lake,FL,Passenger,1,0,1,17,18,5.56
December 31 2022,Lincoln,WA,Passenger,12,18,30,7766,7796,0.38
November 30 2022,Franklin,WA,Truck,3,0,3,20939,20942,0.01
November 30 2022,Garfield,WA,Passenger,1,3,4,1309,1313,0.30
November 30 2022,Harnett,NC,Passenger,2,0,2,138,140,1.43
November 30 2022,Hidalgo,TX,Passenger,0,1,1,48,49,2.04
November 30 2022,Honolulu,HI,Passenger,3,3,6,289,295,2.03
November 30 2022,Howard,MD,Passenger,0,1,1,48,49,2.04
November 30 2022,Kitsap,WA,Passenger,2697,1136,3833,177586,181419,2.11
November 30 2022,Lincoln,OR,Passenger,0,1,1,17,18,5.56
November 30 2022,Lincoln,WA,Truck,0,0,0,4860,4860,0.00
November 30 2022,Loudoun,VA,Passenger,3,1,4,60,64,6.25
November 30 2022,Carroll,NH,Passenger,0,1,1,5,6,16.67
November 30 2022,Columbia,GA,Passenger,0,1,1,85,86,1.16
November 30 2022,Columbia,WA,Passenger,8,1,9,2430,2439,0.37
November 30 2022,Cowlitz,WA,Truck,4,0,4,28416,28420,0.01
November 30 2022,Cumberland,NC,Passenger,1,2,3,334,337,0.89
November 30 2022,Douglas,NE,Passenger,2,2,4,29,33,12.12
November 30 2022,Fairbanks North Star,AK,Passenger,0,1,1,63,64,1.56
October 31 2022,Grays Harbor,WA,Truck,2,0,2,21102,21104,0.01
October 31 2022,Gwinnett,GA,Passenger,1,0,1,47,48,2.08
October 31 2022,Lake,FL,Passenger,1,0,1,17,18,5.56
October 31 2022,Lane,OR,Passenger,0,1,1,74,75,1.33
October 31 2022,Las Animas,CO,Passenger,1,0,1,1,2,50.00
October 31 2022,Washington,MD,Passenger,2,0,2,14,16,12.50
October 31 2022,Whatcom,WA,Passenger,1991,786,2777,148758,151535,1.83
October 31 2022,Wichita,TX,Passenger,2,0,2,35,37,5.41
October 31 2022,Wilson,TX,Passenger,0,1,1,2,3,33.33
October 31 2022,Wood,OH,Passenger,0,1,1,4,5,20.00
November 30 2022,,,Passenger,2,1,3,330,333,0.90
November 30 2022,Anne Arundel,MD,Truck,1,0,1,41,42,2.38
November 30 2022,Bell,TX,Passenger,1,0,1,283,284,0.35
November 30 2022,Bexar,TX,Passenger,4,3,7,383,390,1.79
November 30 2022,Bryan,GA,Passenger,0,1,1,38,39,2.56
November 30 2022,Carroll,MD,Passenger,0,1,1,17,18,5.56
August 31 2022,New London,CT,Passenger,2,5,7,190,197,3.55
August 31 2022,Orange,CA,Passenger,6,2,8,328,336,2.38
August 31 2022,Riverside,CA,Passenger,7,1,8,420,428,1.87
August 31 2022,Salt Lake,UT,Passenger,1,2,3,114,117,2.56
August 31 2022,San Juan,WA,Passenger,530,162,692,13994,14686,4.71
August 31 2022,San Juan,WA,Truck,5,0,5,5953,5958,0.08
August 31 2022,Sheridan,WY,Passenger,1,0,1,6,7,14.29
August 31 2022,Solano,CA,Passenger,2,0,2,153,155,1.29
August 31 2022,Stafford,VA,Passenger,2,1,3,81,84,3.57
January 31 2023,Columbia,WA,Passenger,8,1,9,2437,2446,0.37
January 31 2023,Cowlitz,WA,Passenger,419,191,610,70185,70795,0.86
January 31 2023,Dorchester,SC,Passenger,1,0,1,41,42,2.38
January 31 2023,El Paso,TX,Passenger,2,0,2,284,286,0.70
January 31 2023,Fairbanks North Star,AK,Passenger,0,1,1,60,61,1.64
January 31 2023,Ferry,WA,Truck,0,0,0,3544,3544,0.00
January 31 2023,Franklin,WA,Passenger,262,125,387,61801,62188,0.62
January 31 2023,Harnett,NC,Passenger,2,0,2,134,136,1.47
January 31 2023,Hawaii,HI,Passenger,1,0,1,24,25,4.00
January 31 2023,Hidalgo,TX,Passenger,0,1,1,47,48,2.08
January 31 2023,Honolulu,HI,Passenger,3,3,6,275,281,2.14
December 31 2022,Montgomery,PA,Passenger,1,0,1,17,18,5.56
December 31 2022,Owyhee,ID,Passenger,1,0,1,3,4,25.00
December 31 2022,Pacific,WA,Passenger,74,80,154,15744,15898,0.97
December 31 2022,Penobscot,ME,Passenger,0,1,1,8,9,11.11
December 31 2022,Queens,NY,Passenger,1,0,1,29,30,3.33
December 31 2022,Sonoma,CA,Passenger,1,1,2,61,63,3.17
December 31 2022,Stevens,WA,Truck,2,0,2,18841,18843,0.01
January 31 2023,DeKalb,GA,Passenger,1,0,1,38,39,2.56
January 31 2023,District of Columbia,DC,Passenger,4,0,4,150,154,2.60
January 31 2023,Doña Ana,NM,Passenger,1,0,1,9,10,10.00
January 31 2023,Fairfax,VA,Passenger,5,3,8,563,571,1.40
January 31 2023,Ferry,WA,Passenger,24,4,28,4338,4366,0.64
January 31 2023,Geary,KS,Passenger,1,0,1,73,74,1.35
January 31 2023,Howard,MD,Passenger,0,1,1,45,46,2.17
January 31 2023,Kitsap,WA,Passenger,2832,1164,3996,177042,181038,2.21
January 31 2023,Klickitat,WA,Truck,4,0,4,8218,8222,0.05
January 31 2023,Larimer,CO,Passenger,1,0,1,39,40,2.50
August 31 2022,Thurston,WA,Truck,17,0,17,55190,55207,0.03
August 31 2022,Ulster,NY,Passenger,1,0,1,7,8,12.50
September 30 2022,Alexandria,VA,Passenger,3,1,4,102,106,3.77
September 30 2022,Bartow,GA,Passenger,0,1,1,3,4,25.00
September 30 2022,Burlington,NJ,Passenger,0,2,2,97,99,2.02
September 30 2022,Calvert,MD,Passenger,0,2,2,74,76,2.63
November 30 2022,Montgomery,AL,Passenger,0,1,1,32,33,3.03
November 30 2022,Napa,CA,Passenger,0,1,1,9,10,10.00
November 30 2022,New London,CT,Passenger,2,4,6,186,192,3.12
November 30 2022,Orange,CA,Passenger,6,2,8,310,318,2.52
November 30 2022,Polk,OR,Passenger,0,1,1,18,19,5.26
November 30 2022,Riverside,CA,Passenger,7,0,7,400,407,1.72
November 30 2022,Salt Lake,UT,Passenger,1,2,3,105,108,2.78
November 30 2022,San Juan,WA,Passenger,554,168,722,13971,14693,4.91
November 30 2022,Sedgwick,KS,Passenger,1,1,2,64,66,3.03
November 30 2022,Solano,CA,Passenger,2,0,2,148,150,1.33
October 31 2022,Middlesex,MA,Passenger,2,1,3,66,69,4.35
October 31 2022,New Haven,CT,Passenger,0,2,2,25,27,7.41
October 31 2022,Okaloosa,FL,Passenger,0,1,1,96,97,1.03
October 31 2022,Onslow,NC,Passenger,0,1,1,154,155,0.65
October 31 2022,Pacific,WA,Truck,1,0,1,7881,7882,0.01
October 31 2022,Pend Oreille,WA,Truck,0,0,0,5615,5615,0.00
October 31 2022,Placer,CA,Passenger,2,0,2,59,61,3.28
October 31 2022,Rockdale,GA,Passenger,1,0,1,6,7,14.29
October 31 2022,Rockingham,NH,Passenger,1,0,1,15,16,6.25
January 31 2023,Jefferson,WA,Truck,6,0,6,9363,9369,0.06
January 31 2023,Klickitat,WA,Passenger,127,53,180,15159,15339,1.17
December 31 2022,Washington,MD,Passenger,2,0,2,14,16,12.50
December 31 2022,Whitman,WA,Truck,3,0,3,8660,8663,0.03
December 31 2022,Wichita,TX,Passenger,2,0,2,36,38,5.26
December 31 2022,Williamson,TX,Passenger,0,2,2,59,61,3.28
December 31 2022,Wilson,TX,Passenger,0,1,1,2,3,33.33
January 31 2023,Allegheny,PA,Passenger,1,0,1,46,47,2.13
January 31 2023,Benton,WA,Truck,13,0,13,43299,43312,0.03
January 31 2023,Berkeley,SC,Passenger,0,1,1,104,105,0.95
January 31 2023,Leavenworth,KS,Passenger,1,1,2,98,100,2.00
January 31 2023,Moore,NC,Passenger,0,1,1,101,102,0.98
January 31 2023,Oldham,KY,Passenger,0,1,1,4,5,20.00
January 31 2023,Orange,CA,Passenger,7,2,9,295,304,2.96
January 31 2023,Riverside,CA,Passenger,7,0,7,378,385,1.82
October 31 2022,St. Clair,IL,Passenger,2,0,2,117,119,1.68
October 31 2022,Yakima,WA,Passenger,393,214,607,166465,167072,0.36
October 31 2022,Yellowstone,MT,Passenger,0,1,1,17,18,5.56
November 30 2022,Stafford,VA,Passenger,3,1,4,78,82,4.88
November 30 2022,Thurston,WA,Truck,34,0,34,54790,54824,0.06
November 30 2022,Ulster,NY,Passenger,1,0,1,5,6,16.67
November 30 2022,Wayne,NC,Passenger,1,0,1,22,23,4.35
November 30 2022,Grays Harbor,WA,Passenger,242,161,403,48665,49068,0.82
November 30 2022,Hamilton,OH,Truck,1,0,1,3,4,25.00
November 30 2022,Island,WA,Truck,15,0,15,21262,21277,0.07
November 30 2022,Jefferson,NY,Passenger,0,1,1,192,193,0.52
November 30 2022,Kings,CA,Passenger,2,1,3,283,286,1.05
November 30 2022,Lewis,WA,Truck,2,0,2,26338,26340,0.01
November 30 2022,Los Angeles,CA,Passenger,5,6,11,676,687,1.60
November 30 2022,Maricopa,AZ,Passenger,5,2,7,708,715,0.98
November 30 2022,Mason,WA,Truck,7,0,7,20879,20886,0.03
November 30 2022,Clallam,WA,Truck,8,0,8,21872,21880,0.04
November 30 2022,Contra Costa,CA,Passenger,0,3,3,217,220,1.36
November 30 2022,Cook,IL,Passenger,2,0,2,161,163,1.23
November 30 2022,Cumberland,PA,Passenger,1,0,1,35,36,2.78
November 30 2022,Douglas,WA,Passenger,162,59,221,28509,28730,0.77
November 30 2022,Elmore,ID,Passenger,1,0,1,12,13,7.69
November 30 2022,Ferry,WA,Truck,0,0,0,3576,3576,0.00
November 30 2022,Frederick,MD,Passenger,1,0,1,56,57,1.75
November 30 2022,Grant,WA,Passenger,221,110,331,66811,67142,0.49
November 30 2022,Harrison,MS,Passenger,1,0,1,36,37,2.70
September 30 2022,Contra Costa,CA,Passenger,0,3,3,230,233,1.29
September 30 2022,Cook,IL,Passenger,2,0,2,168,170,1.18
September 30 2022,Dallas,TX,Passenger,1,0,1,97,98,1.02
September 30 2022,Douglas,WA,Passenger,147,61,208,28453,28661,0.73
September 30 2022,Ferry,WA,Passenger,22,4,26,4400,4426,0.59
September 30 2022,Fort Bend,TX,Passenger,1,0,1,25,26,3.85
September 30 2022,Galveston,TX,Passenger,0,1,1,17,18,5.56
January 31 2023,Clark,WA,Truck,62,0,62,81700,81762,0.08
January 31 2023,Cumberland,NC,Passenger,1,2,3,320,323,0.93
January 31 2023,Cumberland,PA,Passenger,1,0,1,32,33,3.03
January 31 2023,Danville,VA,Passenger,1,0,1,0,1,100.00
January 31 2023,Douglas,NE,Passenger,2,1,3,28,31,9.68
January 31 2023,Emmet,MI,Passenger,0,1,1,0,1,100.00
January 31 2023,Garfield,WA,Truck,0,0,0,978,978,0.00
January 31 2023,Goochland,VA,Passenger,0,1,1,52,53,1.89
January 31 2023,Grays Harbor,WA,Passenger,260,165,425,48555,48980,0.87
November 30 2022,Hillsborough,FL,Passenger,0,1,1,110,111,0.90
November 30 2022,Klickitat,WA,Passenger,120,53,173,15126,15299,1.13
November 30 2022,Lake,IL,Passenger,1,0,1,119,120,0.83
November 30 2022,Louisa,VA,Passenger,0,1,1,1,2,50.00
November 30 2022,Marin,CA,Passenger,0,1,1,31,32,3.12
September 30 2022,Grant,WA,Truck,2,0,2,28026,28028,0.01
September 30 2022,Hennepin,MN,Passenger,1,0,1,42,43,2.33
September 30 2022,Hillsborough,FL,Passenger,0,1,1,111,112,0.89
September 30 2022,Hudson,NJ,Passenger,1,0,1,30,31,3.23
September 30 2022,Juneau,AK,Passenger,0,1,1,27,28,3.57
September 30 2022,Kittitas,WA,Passenger,290,91,381,29619,30000,1.27
January 31 2023,Sacramento,CA,Passenger,4,0,4,162,166,2.41
January 31 2023,San Mateo,CA,Passenger,1,0,1,59,60,1.67
January 31 2023,Sarasota,FL,Passenger,1,0,1,16,17,5.88
January 31 2023,Stafford,VA,Passenger,3,1,4,76,80,5.00
January 31 2023,Stevens,WA,Passenger,96,57,153,29966,30119,0.51
January 31 2023,Suffolk,VA,Passenger,1,0,1,112,113,0.88
January 31 2023,Thurston,WA,Truck,42,0,42,54558,54600,0.08
January 31 2023,Travis,TX,Passenger,1,0,1,78,79,1.27
January 31 2023,Whitman,WA,Passenger,120,70,190,22006,22196,0.86
February 28 2023,Alameda,CA,Passenger,3,0,3,151,154,1.95
January 31 2023,Pacific,WA,Passenger,72,81,153,15726,15879,0.96
January 31 2023,Randolph,NC,Passenger,1,0,1,4,5,20.00
January 31 2023,San Joaquin,CA,Passenger,1,0,1,73,74,1.35
January 31 2023,San Juan,WA,Passenger,572,173,745,13855,14600,5.10
January 31 2023,Sedgwick,KS,Passenger,1,1,2,61,63,3.17
January 31 2023,Solano,CA,Passenger,4,0,4,142,146,2.74
January 31 2023,Spokane,WA,Truck,22,0,22,101822,101844,0.02
January 31 2023,St. Mary's,MD,Passenger,1,0,1,170,171,0.58
January 31 2023,Stevens,WA,Truck,2,0,2,18763,18765,0.01
February 28 2023,Berkeley,SC,Passenger,0,1,1,100,101,0.99
February 28 2023,Charles,MD,Passenger,1,1,2,50,52,3.85
February 28 2023,Denton,TX,Passenger,1,0,1,47,48,2.08
February 28 2023,Douglas,NE,Passenger,2,1,3,27,30,10.00
November 30 2022,Montgomery,MD,Passenger,3,2,5,180,185,2.70
November 30 2022,Platte,MO,Passenger,1,0,1,18,19,5.26
November 30 2022,Prince George's,MD,Passenger,3,1,4,109,113,3.54
November 30 2022,Pulaski,AR,Passenger,3,0,3,27,30,10.00
November 30 2022,Randolph,NC,Passenger,1,0,1,4,5,20.00
November 30 2022,San Diego,CA,Passenger,17,10,27,2061,2088,1.29
November 30 2022,Sheridan,WY,Passenger,1,0,1,5,6,16.67
November 30 2022,St. Tammany,LA,Passenger,1,0,1,32,33,3.03
November 30 2022,Sumter,SC,Passenger,1,1,2,31,33,6.06
November 30 2022,Benton,WA,Truck,7,0,7,43426,43433,0.02
November 30 2022,Chelan,WA,Truck,11,0,11,23122,23133,0.05
November 30 2022,Clark,WA,Passenger,4782,1979,6761,315054,321815,2.10
November 30 2022,Clark,WA,Truck,39,0,39,82039,82078,0.05
November 30 2022,Columbia,WA,Truck,0,0,0,1595,1595,0.00
November 30 2022,Danville,VA,Passenger,1,0,1,0,1,100.00
November 30 2022,District of Columbia,DC,Passenger,4,0,4,153,157,2.55
November 30 2022,Douglas,OR,Passenger,1,0,1,22,23,4.35
November 30 2022,El Paso,TX,Passenger,2,0,2,299,301,0.66
November 30 2022,Geary,KS,Passenger,1,0,1,77,78,1.28
November 30 2022,Goochland,VA,Passenger,0,1,1,65,66,1.52
December 31 2022,Broward,FL,Passenger,1,0,1,63,64,1.56
December 31 2022,Chelan,WA,Passenger,535,143,678,54252,54930,1.23
December 31 2022,Chelan,WA,Truck,13,0,13,23072,23085,0.06
December 31 2022,Clallam,WA,Passenger,482,262,744,49413,50157,1.48
December 31 2022,Columbia,WA,Passenger,7,1,8,2440,2448,0.33
December 31 2022,Cowlitz,WA,Passenger,406,188,594,70300,70894,0.84
December 31 2022,Fairbanks North Star,AK,Passenger,0,1,1,61,62,1.61
December 31 2022,Fairfax,VA,Passenger,5,3,8,573,581,1.38
December 31 2022,Geary,KS,Passenger,1,0,1,75,76,1.32
November 30 2022,Monterey,CA,Passenger,1,1,2,119,121,1.65
November 30 2022,Pacific,WA,Passenger,70,79,149,15768,15917,0.94
November 30 2022,Pend Oreille,WA,Passenger,19,13,32,8990,9022,0.35
November 30 2022,Pierce,WA,Truck,71,0,71,139932,140003,0.05
November 30 2022,Plaquemines,LA,Passenger,1,1,2,16,18,11.11
November 30 2022,Ray,MO,Passenger,0,1,1,1,2,50.00
November 30 2022,Richmond,GA,Passenger,0,1,1,61,62,1.61
November 30 2022,San Joaquin,CA,Passenger,1,0,1,74,75,1.33
November 30 2022,Skagit,WA,Truck,8,0,8,32189,32197,0.02
November 30 2022,Snohomish,WA,Truck,79,0,79,122724,122803,0.06
November 30 2022,Spokane,WA,Truck,19,0,19,101954,101973,0.02
November 30 2022,Thurston,WA,Passenger,2557,1117,3674,192625,196299,1.87
December 31 2022,Asotin,WA,Truck,0,0,0,6684,6684,0.00
December 31 2022,Beaufort,SC,Passenger,1,0,1,21,22,4.55
January 31 2023,Wichita,TX,Passenger,2,0,2,33,35,5.71
February 28 2023,,,Passenger,2,0,2,318,320,0.62
February 28 2023,Benton,WA,Passenger,990,518,1508,135515,137023,1.10
February 28 2023,Bexar,TX,Passenger,4,3,7,360,367,1.91
February 28 2023,Chesapeake,VA,Passenger,2,3,5,286,291,1.72
February 28 2023,Collin,TX,Passenger,2,0,2,45,47,4.26
February 28 2023,Columbia,WA,Truck,0,0,0,1577,1577,0.00
January 31 2023,Harris,TX,Passenger,1,0,1,114,115,0.87
January 31 2023,Hennepin,MN,Passenger,1,0,1,35,36,2.78
January 31 2023,Kittitas,WA,Passenger,312,93,405,29492,29897,1.35
January 31 2023,Lee,AL,Passenger,1,0,1,11,12,8.33
January 31 2023,Lewis,WA,Truck,2,0,2,26254,26256,0.01
January 31 2023,Lincoln,WA,Passenger,14,19,33,7757,7790,0.42
January 31 2023,Los Angeles,CA,Passenger,4,5,9,638,647,1.39
January 31 2023,Maricopa,AZ,Passenger,6,3,9,656,665,1.35
January 31 2023,Montgomery,PA,Passenger,1,0,1,17,18,5.56
January 31 2023,Multnomah,OR,Passenger,0,2,2,429,431,0.46
January 31 2023,Nassau,NY,Passenger,1,0,1,21,22,4.55
November 30 2022,Grays Harbor,WA,Truck,3,0,3,21115,21118,0.01
November 30 2022,Gwinnett,GA,Passenger,1,0,1,46,47,2.13
November 30 2022,Klickitat,WA,Truck,3,0,3,8245,8248,0.04
November 30 2022,Leavenworth,KS,Passenger,1,1,2,98,100,2.00
November 30 2022,Middlesex,MA,Passenger,2,1,3,66,69,4.35
November 30 2022,Moore,NC,Passenger,0,1,1,105,106,0.94
February 28 2023,Jefferson,WA,Passenger,508,242,750,24214,24964,3.00
February 28 2023,Kauai,HI,Passenger,1,1,2,13,15,13.33
February 28 2023,King,WA,Truck,496,2,498,176928,177426,0.28
February 28 2023,Kings,CA,Passenger,2,1,3,272,275,1.09
February 28 2023,Kootenai,ID,Truck,1,0,1,25,26,3.85
February 28 2023,Lee,FL,Passenger,1,0,1,24,25,4.00
February 28 2023,Lincoln,WA,Passenger,16,17,33,7730,7763,0.43
February 28 2023,Loudoun,VA,Passenger,3,0,3,57,60,5.00
February 28 2023,Montgomery,PA,Passenger,1,0,1,16,17,5.88
September 30 2022,Montgomery,MD,Passenger,4,2,6,182,188,3.19
September 30 2022,Multnomah,OR,Passenger,0,3,3,481,484,0.62
September 30 2022,Nassau,NY,Passenger,1,0,1,21,22,4.55
September 30 2022,New Haven,CT,Passenger,0,2,2,25,27,7.41
September 30 2022,Okanogan,WA,Passenger,93,49,142,26322,26464,0.54
September 30 2022,Oldham,KY,Passenger,0,1,1,4,5,20.00
September 30 2022,Pend Oreille,WA,Truck,0,0,0,5640,5640,0.00
September 30 2022,Placer,CA,Passenger,2,0,2,62,64,3.12
September 30 2022,Sacramento,CA,Passenger,3,0,3,184,187,1.60
September 30 2022,San Diego,CA,Passenger,17,10,27,2131,2158,1.25
December 31 2022,Harrison,MS,Passenger,1,0,1,37,38,2.63
December 31 2022,Hawaii,HI,Passenger,1,0,1,24,25,4.00
December 31 2022,Island,WA,Passenger,929,399,1328,61568,62896,2.11
December 31 2022,Klickitat,WA,Passenger,123,51,174,15143,15317,1.14
December 31 2022,Chesapeake,VA,Passenger,2,3,5,295,300,1.67
December 31 2022,Collin,TX,Passenger,2,0,2,49,51,3.92
December 31 2022,Columbia,WA,Truck,0,0,0,1591,1591,0.00
December 31 2022,DeKalb,GA,Passenger,1,0,1,38,39,2.56
December 31 2022,Doña Ana,NM,Passenger,1,0,1,8,9,11.11
December 31 2022,Franklin,WA,Truck,4,0,4,20957,20961,0.02
December 31 2022,Grays Harbor,WA,Truck,2,0,2,21084,21086,0.01
December 31 2022,Hoke,NC,Passenger,1,0,1,59,60,1.67
November 30 2022,Whatcom,WA,Passenger,2053,800,2853,148810,151663,1.88
November 30 2022,Whatcom,WA,Truck,21,0,21,43098,43119,0.05
November 30 2022,Wichita,TX,Passenger,2,0,2,35,37,5.41
December 31 2022,Adams,WA,Passenger,23,11,34,13006,13040,0.26
December 31 2022,Alexandria,VA,Passenger,3,2,5,96,101,4.95
December 31 2022,Arapahoe,CO,Passenger,0,1,1,68,69,1.45
December 31 2022,Bartow,GA,Passenger,0,1,1,3,4,25.00
December 31 2022,Boulder,CO,Passenger,1,0,1,28,29,3.45
December 31 2022,Burlington,NJ,Passenger,0,2,2,95,97,2.06
December 31 2022,Cape May,NJ,Passenger,0,1,1,7,8,12.50
February 28 2023,Cowlitz,WA,Truck,7,0,7,28275,28282,0.02
February 28 2023,DeKalb,GA,Passenger,1,0,1,38,39,2.56
February 28 2023,Elmore,ID,Passenger,1,0,1,11,12,8.33
February 28 2023,Houston,GA,Passenger,1,0,1,24,25,4.00
February 28 2023,King,WA,Passenger,50979,12789,63768,1328412,1392180,4.58
February 28 2023,Kittitas,WA,Truck,6,0,6,14524,14530,0.04
February 28 2023,Klickitat,WA,Truck,4,0,4,8241,8245,0.05
November 30 2022,Okaloosa,FL,Passenger,0,1,1,96,97,1.03
November 30 2022,Onslow,NC,Passenger,0,1,1,151,152,0.66
November 30 2022,San Mateo,CA,Passenger,1,0,1,61,62,1.61
November 30 2022,Sarasota,FL,Passenger,1,0,1,18,19,5.26
November 30 2022,Saratoga,NY,Passenger,1,0,1,36,37,2.70
November 30 2022,Stevens,WA,Passenger,88,56,144,30081,30225,0.48
November 30 2022,Stevens,WA,Truck,2,0,2,18878,18880,0.01
January 31 2023,Newport,RI,Passenger,1,0,1,60,61,1.64
January 31 2023,Newport News,VA,Passenger,1,0,1,97,98,1.02
January 31 2023,Okanogan,WA,Passenger,106,53,159,26108,26267,0.61
January 31 2023,Pend Oreille,WA,Passenger,23,14,37,8950,8987,0.41
January 31 2023,Plaquemines,LA,Passenger,1,1,2,16,18,11.11
January 31 2023,Santa Clara,CA,Passenger,9,2,11,163,174,6.32
January 31 2023,Saratoga,NY,Passenger,1,1,2,34,36,5.56
January 31 2023,Skamania,WA,Truck,1,0,1,3873,3874,0.03
January 31 2023,Snohomish,WA,Truck,113,0,113,122239,122352,0.09
January 31 2023,Sonoma,CA,Passenger,1,1,2,60,62,3.23
November 30 2022,Wahkiakum,WA,Truck,1,0,1,1804,1805,0.06
December 31 2022,Bell,TX,Passenger,1,0,1,271,272,0.37
December 31 2022,Calvert,MD,Passenger,0,2,2,77,79,2.53
December 31 2022,Camden,NJ,Passenger,0,1,1,11,12,8.33
December 31 2022,Champaign,IL,Passenger,1,0,1,8,9,11.11
February 28 2023,Okaloosa,FL,Passenger,0,1,1,93,94,1.06
February 28 2023,Okanogan,WA,Truck,2,0,2,16412,16414,0.01
February 28 2023,Pacific,WA,Truck,2,0,2,7811,7813,0.03
February 28 2023,Platte,MO,Passenger,1,0,1,16,17,5.88
February 28 2023,Pulaski,AR,Passenger,3,0,3,23,26,11.54
February 28 2023,Richmond,GA,Passenger,0,1,1,58,59,1.69
December 31 2022,Clark,NV,Passenger,4,3,7,416,423,1.65
December 31 2022,Dallas,TX,Passenger,1,0,1,84,85,1.18
December 31 2022,Dorchester,SC,Passenger,1,0,1,41,42,2.38
December 31 2022,Duval,FL,Passenger,1,0,1,242,243,0.41
December 31 2022,Ferry,WA,Passenger,24,4,28,4337,4365,0.64
December 31 2022,Galveston,TX,Passenger,0,1,1,16,17,5.88
December 31 2022,Grant,WA,Truck,4,0,4,28051,28055,0.01
September 30 2022,Skamania,WA,Truck,0,0,0,3912,3912,0.00
September 30 2022,St. Clair,IL,Passenger,2,0,2,116,118,1.69
September 30 2022,Travis,TX,Passenger,1,0,1,97,98,1.02
September 30 2022,Walla Walla,WA,Passenger,187,105,292,35842,36134,0.81
September 30 2022,Walla Walla,WA,Truck,2,0,2,13947,13949,0.01
September 30 2022,Whitman,WA,Passenger,96,64,160,22004,22164,0.72
September 30 2022,Yakima,WA,Truck,3,0,3,61451,61454,0.00
October 31 2022,Adams,WA,Truck,1,0,1,5431,5432,0.02
February 28 2023,Pacific,WA,Passenger,71,81,152,15666,15818,0.96
February 28 2023,Pend Oreille,WA,Passenger,26,13,39,8926,8965,0.44
February 28 2023,Salt Lake,UT,Passenger,0,2,2,95,97,2.06
February 28 2023,Skamania,WA,Passenger,93,53,146,8071,8217,1.78
February 28 2023,Solano,CA,Passenger,4,0,4,137,141,2.84
February 28 2023,Sonoma,CA,Passenger,1,1,2,58,60,3.33
February 28 2023,Vernon,LA,Passenger,1,0,1,71,72,1.39
February 28 2023,Wahkiakum,WA,Passenger,26,15,41,3043,3084,1.33
February 28 2023,Washington,MD,Passenger,2,0,2,14,16,12.50
February 28 2023,Whatcom,WA,Passenger,2216,826,3042,148292,151334,2.01
February 28 2023,Santa Barbara,CA,Passenger,1,0,1,64,65,1.54
February 28 2023,Sarpy,NE,Passenger,1,0,1,45,46,2.17
February 28 2023,Suffolk,VA,Passenger,1,0,1,109,110,0.91
February 28 2023,Sumter,SC,Passenger,1,1,2,30,32,6.25
February 28 2023,Ventura,CA,Passenger,2,1,3,207,210,1.43
February 28 2023,Virginia Beach,VA,Passenger,2,0,2,447,449,0.45
March 31 2023,Adams,CO,Passenger,1,0,1,26,27,3.70
March 31 2023,Bartow,GA,Passenger,0,1,1,3,4,25.00
December 31 2022,Kern,CA,Passenger,1,1,2,187,189,1.06
December 31 2022,Kitsap,WA,Passenger,2763,1148,3911,177311,181222,2.16
December 31 2022,Kittitas,WA,Truck,5,0,5,14550,14555,0.03
December 31 2022,Klickitat,WA,Truck,4,0,4,8223,8227,0.05
December 31 2022,Middlesex,MA,Passenger,2,1,3,65,68,4.41
December 31 2022,Moore,NC,Passenger,0,1,1,102,103,0.97
December 31 2022,New London,CT,Passenger,2,4,6,183,189,3.17
December 31 2022,Okaloosa,FL,Passenger,0,1,1,94,95,1.05
December 31 2022,Onslow,NC,Passenger,0,1,1,146,147,0.68
December 31 2022,Orange,CA,Passenger,7,2,9,307,316,2.85
December 31 2022,Pacific,WA,Truck,2,0,2,7836,7838,0.03
December 31 2022,Pend Oreille,WA,Truck,0,0,0,5583,5583,0.00
December 31 2022,Harnett,NC,Passenger,2,0,2,136,138,1.45
December 31 2022,Hidalgo,TX,Passenger,0,1,1,47,48,2.08
December 31 2022,Honolulu,HI,Passenger,3,3,6,285,291,2.06
December 31 2022,Howard,MD,Passenger,0,1,1,45,46,2.17
December 31 2022,Jefferson,WA,Truck,6,0,6,9368,9374,0.06
December 31 2022,Larimer,CO,Passenger,1,0,1,40,41,2.44
December 31 2022,Lee,AL,Passenger,1,0,1,11,12,8.33
December 31 2022,Pierce,WA,Passenger,6158,2512,8670,538779,547449,1.58
December 31 2022,Portsmouth,VA,Passenger,0,1,1,65,66,1.52
December 31 2022,Prince George's,MD,Passenger,3,1,4,109,113,3.54
December 31 2022,Randolph,NC,Passenger,1,0,1,4,5,20.00
December 31 2022,Richmond,NY,Passenger,1,0,1,6,7,14.29
December 31 2022,Rock Island,IL,Passenger,0,1,1,15,16,6.25
December 31 2022,San Joaquin,CA,Passenger,1,0,1,74,75,1.33
December 31 2022,Skagit,WA,Passenger,923,355,1278,89413,90691,1.41
December 31 2022,Skagit,WA,Truck,11,0,11,32115,32126,0.03
December 31 2022,Spokane,WA,Passenger,1939,933,2872,324498,327370,0.88
December 31 2022,Spokane,WA,Truck,20,0,20,101874,101894,0.02
December 31 2022,St. Louis,MO,Passenger,1,0,1,53,54,1.85
December 31 2022,Stevens,WA,Passenger,90,56,146,30013,30159,0.48
January 31 2023,Wahkiakum,WA,Truck,1,0,1,1792,1793,0.06
January 31 2023,Walla Walla,WA,Truck,3,0,3,13843,13846,0.02
January 31 2023,Washington,MD,Passenger,2,0,2,14,16,12.50
January 31 2023,Whatcom,WA,Passenger,2156,822,2978,148528,151506,1.97
January 31 2023,Whitman,WA,Truck,3,0,3,8648,8651,0.03
January 31 2023,Williamson,TX,Passenger,0,2,2,56,58,3.45
January 31 2023,Wilson,TX,Passenger,0,1,1,2,3,33.33
February 28 2023,Anne Arundel,MD,Truck,1,0,1,37,38,2.63
February 28 2023,Asotin,WA,Truck,0,0,0,6654,6654,0.00
February 28 2023,Beaufort,SC,Passenger,1,0,1,20,21,4.76
February 28 2023,Carroll,MD,Passenger,0,1,1,17,18,5.56
October 31 2022,Alameda,CA,Passenger,4,0,4,164,168,2.38
October 31 2022,Anne Arundel,MD,Truck,1,0,1,41,42,2.38
October 31 2022,Arlington,VA,Passenger,1,0,1,108,109,0.92
October 31 2022,Asotin,WA,Truck,0,0,0,6692,6692,0.00
October 31 2022,Beaufort,SC,Passenger,1,0,1,22,23,4.35
October 31 2022,Carroll,MD,Passenger,0,1,1,17,18,5.56
October 31 2022,Charles,MD,Passenger,1,1,2,52,54,3.70
October 31 2022,Clallam,WA,Truck,7,0,7,21883,21890,0.03
December 31 2022,Contra Costa,CA,Passenger,0,3,3,215,218,1.38
December 31 2022,Cook,IL,Passenger,2,0,2,159,161,1.24
December 31 2022,Douglas,CO,Passenger,0,1,1,59,60,1.67
December 31 2022,Douglas,WA,Passenger,168,59,227,28508,28735,0.79
December 31 2022,Elmore,ID,Passenger,1,0,1,13,14,7.14
December 31 2022,Ferry,WA,Truck,0,0,0,3543,3543,0.00
December 31 2022,Franklin,WA,Passenger,252,121,373,61754,62127,0.60
December 31 2022,Hennepin,MN,Passenger,1,0,1,36,37,2.70
December 31 2022,Hillsborough,FL,Passenger,0,1,1,104,105,0.95
December 31 2022,Whatcom,WA,Truck,26,0,26,43051,43077,0.06
January 31 2023,Alexandria,VA,Passenger,3,2,5,94,99,5.05
January 31 2023,Bryan,GA,Passenger,0,1,1,37,38,2.63
December 31 2022,Riverside,CA,Passenger,7,0,7,384,391,1.79
December 31 2022,San Juan,WA,Truck,8,0,8,5900,5908,0.14
December 31 2022,San Mateo,CA,Passenger,1,0,1,61,62,1.61
December 31 2022,Santa Barbara,CA,Passenger,1,0,1,66,67,1.49
December 31 2022,Sarpy,NE,Passenger,1,0,1,46,47,2.13
December 31 2022,Stafford,VA,Passenger,3,1,4,78,82,4.88
December 31 2022,Suffolk,VA,Passenger,1,0,1,112,113,0.88
December 31 2022,Ventura,CA,Passenger,2,1,3,212,215,1.40
February 28 2023,Wichita,TX,Passenger,2,0,2,33,35,5.71
February 28 2023,Wilson,TX,Passenger,0,1,1,2,3,33.33
February 28 2023,Yavapai,AZ,Passenger,1,0,1,22,23,4.35
March 31 2023,Anne Arundel,MD,Passenger,5,4,9,283,292,3.08
March 31 2023,Benton,WA,Truck,16,0,16,43162,43178,0.04
March 31 2023,Chelan,WA,Truck,23,0,23,23025,23048,0.10
March 31 2023,Clark,WA,Truck,77,0,77,81099,81176,0.09
March 31 2023,Dorchester,SC,Passenger,1,0,1,39,40,2.50
March 31 2023,Douglas,OR,Passenger,1,0,1,21,22,4.55
March 31 2023,Burlington,NJ,Passenger,0,2,2,88,90,2.22
March 31 2023,Calvert,MD,Passenger,0,2,2,72,74,2.70
March 31 2023,Chesapeake,VA,Passenger,2,3,5,283,288,1.74
March 31 2023,Clark,WA,Passenger,5289,2162,7451,312267,319718,2.33
March 31 2023,Columbia,GA,Passenger,0,1,1,77,78,1.28
March 31 2023,Coryell,TX,Passenger,1,0,1,76,77,1.30
March 31 2023,DeKalb,GA,Passenger,1,0,1,37,38,2.63
March 31 2023,District of Columbia,DC,Passenger,4,0,4,147,151,2.65
March 31 2023,Doña Ana,NM,Passenger,1,0,1,8,9,11.11
March 31 2023,Ferry,WA,Passenger,20,4,24,4311,4335,0.55
December 31 2022,Kittitas,WA,Passenger,301,93,394,29521,29915,1.32
December 31 2022,Lane,OR,Passenger,0,1,1,72,73,1.37
December 31 2022,Las Animas,CO,Passenger,1,0,1,1,2,50.00
December 31 2022,Lincoln,OR,Passenger,0,1,1,15,16,6.25
December 31 2022,Lincoln,WA,Truck,0,0,0,4845,4845,0.00
December 31 2022,Montgomery,MD,Passenger,3,2,5,178,183,2.73
December 31 2022,Napa,CA,Passenger,0,1,1,9,10,10.00
December 31 2022,New Haven,CT,Passenger,0,2,2,22,24,8.33
December 31 2022,Newport News,VA,Passenger,1,0,1,97,98,1.02
December 31 2022,Multnomah,OR,Passenger,0,2,2,440,442,0.45
December 31 2022,Nassau,NY,Passenger,1,0,1,21,22,4.55
December 31 2022,Okanogan,WA,Passenger,98,52,150,26159,26309,0.57
December 31 2022,Oldham,KY,Passenger,0,1,1,4,5,20.00
December 31 2022,Placer,CA,Passenger,2,0,2,58,60,3.33
December 31 2022,Rockdale,GA,Passenger,1,0,1,6,7,14.29
December 31 2022,Sacramento,CA,Passenger,4,0,4,168,172,2.33
December 31 2022,Skamania,WA,Truck,0,0,0,3884,3884,0.00
October 31 2022,Franklin,WA,Truck,2,0,2,20880,20882,0.01
October 31 2022,Garfield,WA,Passenger,1,3,4,1316,1320,0.30
October 31 2022,Hamilton,OH,Passenger,1,0,1,29,30,3.33
October 31 2022,Hoke,NC,Passenger,1,0,1,61,62,1.61
October 31 2022,Jackson,OK,Passenger,0,1,1,31,32,3.12
October 31 2022,Kauai,HI,Passenger,1,0,1,14,15,6.67
October 31 2022,Kern,CA,Passenger,1,1,2,186,188,1.06
October 31 2022,Kitsap,WA,Truck,25,0,25,53171,53196,0.05
October 31 2022,Lake,IL,Passenger,1,0,1,121,122,0.82
March 31 2023,El Paso,TX,Passenger,2,0,2,270,272,0.74
March 31 2023,Emmet,MI,Passenger,0,1,1,0,1,100.00
March 31 2023,Garfield,WA,Truck,0,0,0,976,976,0.00
March 31 2023,Goochland,VA,Passenger,0,1,1,42,43,2.33
March 31 2023,Gwinnett,GA,Passenger,1,0,1,42,43,2.33
March 31 2023,Harnett,NC,Passenger,2,0,2,127,129,1.55
March 31 2023,Hidalgo,TX,Passenger,0,1,1,46,47,2.13
March 31 2023,Honolulu,HI,Passenger,2,3,5,254,259,1.93
March 31 2023,Lee,AL,Passenger,1,0,1,11,12,8.33
December 31 2022,Yakima,WA,Passenger,423,218,641,166418,167059,0.38
January 31 2023,Adams,CO,Passenger,1,0,1,31,32,3.12
January 31 2023,Benton,WA,Passenger,961,513,1474,135783,137257,1.07
January 31 2023,Calvert,MD,Passenger,0,2,2,77,79,2.53
January 31 2023,Champaign,IL,Passenger,1,0,1,8,9,11.11
January 31 2023,Columbia,GA,Passenger,0,1,1,82,83,1.20
January 31 2023,Coryell,TX,Passenger,1,0,1,80,81,1.23
January 31 2023,Cowlitz,WA,Truck,7,0,7,28324,28331,0.02
February 28 2023,Clallam,WA,Truck,12,0,12,21769,21781,0.06
February 28 2023,Dallas,TX,Passenger,1,0,1,76,77,1.30
February 28 2023,Douglas,WA,Passenger,178,59,237,28583,28820,0.82
February 28 2023,Franklin,WA,Truck,4,0,4,20918,20922,0.02
February 28 2023,Frederick,MD,Passenger,1,0,1,53,54,1.85
February 28 2023,Garfield,WA,Passenger,1,3,4,1316,1320,0.30
February 28 2023,Grant,WA,Passenger,242,114,356,66788,67144,0.53
February 28 2023,Grays Harbor,WA,Truck,2,0,2,21021,21023,0.01
December 31 2022,Rockingham,NH,Passenger,1,0,1,15,16,6.25
December 31 2022,San Diego,CA,Passenger,17,9,26,2028,2054,1.27
December 31 2022,San Juan,WA,Passenger,561,170,731,13889,14620,5.00
December 31 2022,Santa Clara,CA,Passenger,9,2,11,166,177,6.21
December 31 2022,Sedgwick,KS,Passenger,1,1,2,64,66,3.03
December 31 2022,St. Clair,IL,Passenger,2,0,2,110,112,1.79
March 31 2023,Grays Harbor,WA,Truck,2,0,2,20925,20927,0.01
March 31 2023,Hamilton,OH,Truck,1,0,1,3,4,25.00
March 31 2023,Houston,GA,Passenger,1,0,1,25,26,3.85
March 31 2023,Jefferson,NY,Passenger,1,1,2,175,177,1.13
March 31 2023,King,WA,Passenger,51961,13117,65078,1318255,1383333,4.70
March 31 2023,Kittitas,WA,Truck,7,0,7,14468,14475,0.05
March 31 2023,Larimer,CO,Passenger,1,0,1,37,38,2.63
March 31 2023,Leavenworth,KS,Passenger,1,1,2,94,96,2.08
January 31 2023,Contra Costa,CA,Passenger,0,3,3,209,212,1.42
January 31 2023,Cook,IL,Passenger,2,0,2,155,157,1.27
January 31 2023,Dallas,TX,Passenger,1,0,1,80,81,1.23
January 31 2023,Denton,TX,Passenger,1,0,1,46,47,2.13
January 31 2023,Douglas,WA,Passenger,171,58,229,28574,28803,0.80
January 31 2023,Frederick,MD,Passenger,1,0,1,54,55,1.82
January 31 2023,Galveston,TX,Passenger,0,1,1,16,17,5.88
January 31 2023,Grant,WA,Passenger,231,113,344,66848,67192,0.51
January 31 2023,Grant,WA,Truck,5,0,5,28010,28015,0.02
January 31 2023,Grays Harbor,WA,Truck,2,0,2,21052,21054,0.01
January 31 2023,Hillsborough,FL,Passenger,0,1,1,103,104,0.96
March 31 2023,Multnomah,OR,Passenger,0,2,2,406,408,0.49
March 31 2023,Nassau,NY,Passenger,1,0,1,21,22,4.55
March 31 2023,Okanogan,WA,Passenger,115,58,173,25945,26118,0.66
March 31 2023,Polk,OR,Passenger,0,1,1,14,15,6.67
March 31 2023,Saratoga,NY,Passenger,1,1,2,31,33,6.06
October 31 2022,Lewis,WA,Passenger,261,179,440,59904,60344,0.73
October 31 2022,Loudoun,VA,Passenger,3,1,4,61,65,6.15
October 31 2022,Manassas,VA,Passenger,0,1,1,6,7,14.29
October 31 2022,Marin,CA,Passenger,0,1,1,30,31,3.23
October 31 2022,Mason,WA,Passenger,350,187,537,47001,47538,1.13
October 31 2022,New London,CT,Passenger,2,4,6,189,195,3.08
October 31 2022,Nueces,TX,Passenger,0,1,1,49,50,2.00
October 31 2022,Polk,OR,Passenger,0,1,1,17,18,5.56
January 31 2023,Lee,FL,Passenger,1,0,1,24,25,4.00
January 31 2023,Louisa,VA,Passenger,0,1,1,1,2,50.00
January 31 2023,Middlesex,MA,Passenger,2,1,3,65,68,4.41
January 31 2023,Montgomery,MD,Passenger,3,3,6,177,183,3.28
January 31 2023,New Haven,CT,Passenger,0,2,2,22,24,8.33
January 31 2023,Douglas,CO,Passenger,0,1,1,56,57,1.75
January 31 2023,Essex,NJ,Passenger,2,0,2,6,8,25.00
January 31 2023,Hamilton,OH,Truck,1,0,1,3,4,25.00
January 31 2023,Houston,GA,Passenger,1,0,1,24,25,4.00
January 31 2023,Island,WA,Truck,20,0,20,21155,21175,0.09
January 31 2023,Jefferson,NY,Passenger,1,1,2,184,186,1.08
January 31 2023,King,WA,Passenger,49829,12501,62330,1333081,1395411,4.47
February 28 2023,Hoke,NC,Passenger,1,0,1,59,60,1.67
February 28 2023,Kern,CA,Passenger,1,1,2,182,184,1.09
February 28 2023,Kitsap,WA,Passenger,2886,1171,4057,176599,180656,2.25
February 28 2023,Louisa,VA,Passenger,0,1,1,1,2,50.00
February 28 2023,Madison,IL,Passenger,1,0,1,15,16,6.25
February 28 2023,Marin,CA,Passenger,0,1,1,29,30,3.33
February 28 2023,Middlesex,MA,Passenger,2,1,3,64,67,4.48
March 31 2023,Mason,WA,Truck,11,0,11,20690,20701,0.05
March 31 2023,Middlesex,MA,Passenger,2,1,3,62,65,4.62
March 31 2023,Monterey,CA,Passenger,1,1,2,109,111,1.80
March 31 2023,Moore,NC,Passenger,0,1,1,100,101,0.99
March 31 2023,Oldham,KY,Passenger,0,1,1,4,5,20.00
March 31 2023,Onslow,NC,Passenger,0,1,1,139,140,0.71
March 31 2023,Ray,MO,Passenger,0,1,1,0,1,100.00
March 31 2023,Sacramento,CA,Passenger,4,0,4,146,150,2.67
March 31 2023,Sarasota,FL,Passenger,1,0,1,15,16,6.25
December 31 2022,Thurston,WA,Passenger,2632,1135,3767,192249,196016,1.92
December 31 2022,Wayne,NC,Passenger,1,0,1,22,23,4.35
December 31 2022,Yakima,WA,Truck,6,0,6,61200,61206,0.01
January 31 2023,Alameda,CA,Passenger,3,0,3,153,156,1.92
January 31 2023,Arlington,VA,Passenger,1,0,1,105,106,0.94
January 31 2023,Asotin,WA,Truck,0,0,0,6678,6678,0.00
January 31 2023,Beaufort,SC,Passenger,1,0,1,20,21,4.76
December 31 2022,St. Mary's,MD,Passenger,1,0,1,171,172,0.58
December 31 2022,Thurston,WA,Truck,38,0,38,54678,54716,0.07
December 31 2022,Travis,TX,Passenger,1,0,1,79,80,1.25
December 31 2022,Walla Walla,WA,Passenger,202,106,308,35673,35981,0.86
December 31 2022,Walla Walla,WA,Truck,3,0,3,13860,13863,0.02
December 31 2022,Whitman,WA,Passenger,110,67,177,21975,22152,0.80
December 31 2022,Yavapai,AZ,Passenger,1,0,1,22,23,4.35
January 31 2023,Adams,WA,Truck,1,0,1,5369,5370,0.02
January 31 2023,Allen,IN,Passenger,1,0,1,11,12,8.33
January 31 2023,Anne Arundel,MD,Truck,1,0,1,38,39,2.56
January 31 2023,Asotin,WA,Passenger,30,20,50,12483,12533,0.40
March 31 2023,Skamania,WA,Truck,1,0,1,3828,3829,0.03
March 31 2023,Stevens,WA,Truck,2,0,2,18696,18698,0.01
March 31 2023,Wahkiakum,WA,Truck,2,0,2,1775,1777,0.11
March 31 2023,Walla Walla,WA,Truck,5,0,5,13713,13718,0.04
March 31 2023,Whitman,WA,Truck,4,0,4,8583,8587,0.05
March 31 2023,Williamson,TX,Passenger,0,1,1,52,53,1.89
April 30 2023,Alexandria,VA,Passenger,3,2,5,90,95,5.26
April 30 2023,Beaufort,SC,Passenger,1,0,1,19,20,5.00
January 31 2023,Onslow,NC,Passenger,0,1,1,142,143,0.70
January 31 2023,Pend Oreille,WA,Truck,0,0,0,5571,5571,0.00
January 31 2023,Placer,CA,Passenger,2,0,2,54,56,3.57
January 31 2023,San Diego,CA,Passenger,17,9,26,1993,2019,1.29
January 31 2023,Skamania,WA,Passenger,93,53,146,8093,8239,1.77
January 31 2023,St. Clair,IL,Passenger,2,0,2,109,111,1.80
October 31 2022,Salt Lake,UT,Passenger,1,2,3,107,110,2.73
October 31 2022,San Bernardino,CA,Passenger,1,1,2,292,294,0.68
October 31 2022,San Juan,WA,Truck,7,0,7,5948,5955,0.12
October 31 2022,Sheridan,WY,Passenger,1,0,1,5,6,16.67
October 31 2022,Snohomish,WA,Passenger,9432,2671,12103,531067,543170,2.23
October 31 2022,St. Tammany,LA,Passenger,1,0,1,33,34,2.94
October 31 2022,Ulster,NY,Passenger,1,0,1,5,6,16.67
October 31 2022,Wahkiakum,WA,Passenger,24,12,36,3063,3099,1.16
January 31 2023,Lincoln,OR,Passenger,0,1,1,13,14,7.14
January 31 2023,Lincoln,WA,Truck,0,0,0,4848,4848,0.00
January 31 2023,Madison,IL,Passenger,1,0,1,15,16,6.25
January 31 2023,Mason,WA,Truck,8,0,8,20838,20846,0.04
January 31 2023,Monterey,CA,Passenger,1,1,2,113,115,1.74
January 31 2023,Montgomery,AL,Passenger,0,1,1,32,33,3.03
January 31 2023,Napa,CA,Passenger,0,1,1,9,10,10.00
January 31 2023,Norfolk,VA,Passenger,3,3,6,267,273,2.20
January 31 2023,Pierce,WA,Truck,97,0,97,138992,139089,0.07
April 30 2023,Collin,TX,Passenger,2,0,2,40,42,4.76
April 30 2023,Cowlitz,WA,Passenger,434,201,635,69417,70052,0.91
April 30 2023,Dallas,TX,Passenger,1,0,1,74,75,1.33
April 30 2023,Dorchester,SC,Passenger,1,0,1,38,39,2.56
April 30 2023,Galveston,TX,Passenger,0,1,1,15,16,6.25
April 30 2023,Hamilton,OH,Passenger,1,0,1,25,26,3.85
February 28 2023,Monterey,CA,Passenger,1,1,2,112,114,1.75
February 28 2023,Moore,NC,Passenger,0,1,1,100,101,0.99
February 28 2023,New London,CT,Passenger,2,4,6,178,184,3.26
February 28 2023,Onslow,NC,Passenger,0,1,1,141,142,0.70
February 28 2023,Orange,CA,Passenger,7,2,9,292,301,2.99
February 28 2023,Pend Oreille,WA,Truck,0,0,0,5568,5568,0.00
February 28 2023,Placer,CA,Passenger,1,0,1,54,55,1.82
February 28 2023,San Diego,CA,Passenger,17,9,26,1966,1992,1.31
February 28 2023,San Juan,WA,Truck,10,0,10,5868,5878,0.17
February 28 2023,Sheridan,WY,Passenger,1,0,1,5,6,16.67
February 28 2023,Stafford,VA,Passenger,3,1,4,75,79,5.06
January 31 2023,Charles,MD,Passenger,1,1,2,48,50,4.00
January 31 2023,Chelan,WA,Passenger,556,147,703,54299,55002,1.28
January 31 2023,Chesapeake,VA,Passenger,2,3,5,290,295,1.69
January 31 2023,Franklin,WA,Truck,4,0,4,20944,20948,0.02
January 31 2023,Hamilton,OH,Passenger,1,0,1,26,27,3.70
January 31 2023,Hoke,NC,Passenger,1,0,1,59,60,1.67
January 31 2023,Island,WA,Passenger,954,402,1356,61525,62881,2.16
January 31 2023,Bexar,TX,Passenger,4,3,7,369,376,1.86
January 31 2023,Broward,FL,Passenger,1,0,1,60,61,1.64
January 31 2023,Carroll,MD,Passenger,0,1,1,17,18,5.56
January 31 2023,Clallam,WA,Truck,9,0,9,21818,21827,0.04
January 31 2023,El Paso,CO,Passenger,3,1,4,531,535,0.75
January 31 2023,Garfield,WA,Passenger,1,3,4,1321,1325,0.30
November 30 2022,Bartow,GA,Passenger,0,1,1,3,4,25.00
November 30 2022,Calvert,MD,Passenger,0,2,2,74,76,2.63
November 30 2022,Chesapeake,VA,Passenger,2,3,5,297,302,1.66
March 31 2023,Suffolk,VA,Passenger,1,0,1,105,106,0.94
March 31 2023,Travis,TX,Passenger,1,0,1,77,78,1.28
March 31 2023,Ventura,CA,Passenger,2,1,3,203,206,1.46
March 31 2023,Virginia Beach,VA,Passenger,2,0,2,442,444,0.45
March 31 2023,Whitman,WA,Passenger,131,72,203,21955,22158,0.92
March 31 2023,Yakima,WA,Truck,9,0,9,60840,60849,0.01
April 30 2023,Allen,IN,Passenger,1,0,1,9,10,10.00
April 30 2023,Asotin,WA,Passenger,33,21,54,12301,12355,0.44
April 30 2023,Boulder,CO,Passenger,1,0,1,24,25,4.00
April 30 2023,Broward,FL,Passenger,1,0,1,54,55,1.82
January 31 2023,Walla Walla,WA,Passenger,204,107,311,35695,36006,0.86
January 31 2023,Yakima,WA,Passenger,433,228,661,166346,167007,0.40
January 31 2023,Yavapai,AZ,Passenger,1,0,1,22,23,4.35
January 31 2023,Yellowstone,MT,Passenger,0,1,1,15,16,6.25
February 28 2023,Adams,CO,Passenger,1,0,1,29,30,3.33
February 28 2023,Allegheny,PA,Passenger,1,0,1,44,45,2.22
February 28 2023,Arlington,VA,Passenger,1,0,1,104,105,0.95
February 28 2023,Benton,WA,Truck,15,0,15,43265,43280,0.03
February 28 2023,Charleston,SC,Passenger,2,2,4,56,60,6.67
February 28 2023,Clark,WA,Passenger,5177,2109,7286,313270,320556,2.27
January 31 2023,Harrison,MS,Passenger,1,0,1,36,37,2.70
January 31 2023,Kent,DE,Passenger,1,0,1,48,49,2.04
January 31 2023,Kitsap,WA,Truck,41,0,41,52898,52939,0.08
January 31 2023,Lake,IL,Passenger,1,0,1,117,118,0.85
January 31 2023,Lewis,WA,Passenger,281,185,466,59667,60133,0.77
April 30 2023,Hawaii,HI,Passenger,1,0,1,21,22,4.55
April 30 2023,Island,WA,Passenger,1007,425,1432,61015,62447,2.29
April 30 2023,Jackson,OK,Passenger,0,1,1,29,30,3.33
April 30 2023,Jefferson,WA,Truck,10,0,10,9266,9276,0.11
April 30 2023,Mason,WA,Passenger,417,204,621,45965,46586,1.33
April 30 2023,Multnomah,OR,Passenger,0,2,2,396,398,0.50
April 30 2023,Newport,RI,Passenger,1,0,1,54,55,1.82
November 30 2022,DeKalb,GA,Passenger,1,0,1,39,40,2.50
November 30 2022,Doña Ana,NM,Passenger,1,0,1,8,9,11.11
November 30 2022,Ferry,WA,Passenger,24,4,28,4367,4395,0.64
November 30 2022,Garfield,WA,Truck,0,0,0,982,982,0.00
November 30 2022,Hennepin,MN,Passenger,1,0,1,38,39,2.56
November 30 2022,Houston,GA,Passenger,1,0,1,25,26,3.85
November 30 2022,King,WA,Passenger,47052,12048,59100,1340904,1400004,4.22
February 28 2023,Ulster,NY,Passenger,1,0,1,4,5,20.00
February 28 2023,Yakima,WA,Passenger,442,240,682,165913,166595,0.41
March 31 2023,Adams,WA,Passenger,23,11,34,12968,13002,0.26
March 31 2023,Arapahoe,CO,Passenger,1,1,2,67,69,2.90
March 31 2023,Benton,WA,Passenger,1041,530,1571,135110,136681,1.15
March 31 2023,Cape May,NJ,Passenger,0,1,1,7,8,12.50
March 31 2023,Champaign,IL,Passenger,1,0,1,9,10,10.00
March 31 2023,Columbia,WA,Truck,0,0,0,1573,1573,0.00
January 31 2023,Jackson,OK,Passenger,0,1,1,31,32,3.12
January 31 2023,Kauai,HI,Passenger,1,1,2,13,15,13.33
January 31 2023,Kern,CA,Passenger,1,1,2,186,188,1.06
January 31 2023,King,WA,Truck,461,2,463,177728,178191,0.26
January 31 2023,Kittitas,WA,Truck,5,0,5,14519,14524,0.03
January 31 2023,Loudoun,VA,Passenger,3,1,4,58,62,6.45
January 31 2023,Mason,WA,Passenger,380,192,572,46749,47321,1.21
January 31 2023,New London,CT,Passenger,2,4,6,183,189,3.17
January 31 2023,Ray,MO,Passenger,0,1,1,0,1,100.00
January 31 2023,Richmond,GA,Passenger,0,1,1,60,61,1.64
January 31 2023,Richmond,NY,Passenger,1,0,1,6,7,14.29
January 31 2023,Santa Cruz,CA,Passenger,1,0,1,13,14,7.14
January 31 2023,Skagit,WA,Truck,11,0,11,32022,32033,0.03
January 31 2023,Virginia Beach,VA,Passenger,2,0,2,457,459,0.44
January 31 2023,Wayne,NC,Passenger,1,0,1,22,23,4.35
January 31 2023,Whatcom,WA,Truck,37,0,37,42929,42966,0.09
January 31 2023,Yakima,WA,Truck,8,0,8,61137,61145,0.01
February 28 2023,Adams,WA,Truck,2,0,2,5353,5355,0.04
February 28 2023,Allen,IN,Passenger,1,0,1,11,12,8.33
February 28 2023,Anne Arundel,MD,Passenger,5,4,9,292,301,2.99
February 28 2023,Asotin,WA,Passenger,30,20,50,12457,12507,0.40
April 30 2023,Camden,NJ,Passenger,0,1,1,11,12,8.33
April 30 2023,Cape May,NJ,Passenger,0,1,1,7,8,12.50
April 30 2023,Champaign,IL,Passenger,1,0,1,8,9,11.11
April 30 2023,Chelan,WA,Passenger,605,154,759,53804,54563,1.39
April 30 2023,Clallam,WA,Passenger,518,277,795,48742,49537,1.60
April 30 2023,Clark,NV,Passenger,4,3,7,376,383,1.83
April 30 2023,Douglas,CO,Passenger,0,1,1,51,52,1.92
April 30 2023,Duval,FL,Passenger,1,0,1,223,224,0.45
April 30 2023,El Paso,CO,Passenger,3,1,4,493,497,0.80
April 30 2023,Fairfax,VA,Passenger,4,3,7,532,539,1.30
January 31 2023,Marin,CA,Passenger,0,1,1,31,32,3.12
January 31 2023,Nueces,TX,Passenger,0,1,1,50,51,1.96
January 31 2023,Okanogan,WA,Truck,2,0,2,16410,16412,0.01
January 31 2023,Platte,MO,Passenger,1,0,1,17,18,5.56
January 31 2023,Polk,OR,Passenger,0,1,1,15,16,6.25
January 31 2023,Prince George's,MD,Passenger,3,1,4,108,112,3.57
January 31 2023,Rock Island,IL,Passenger,0,1,1,14,15,6.67
January 31 2023,San Bernardino,CA,Passenger,2,1,3,277,280,1.07
January 31 2023,Sheridan,WY,Passenger,1,0,1,5,6,16.67
February 28 2023,Columbia,GA,Passenger,0,1,1,80,81,1.23
February 28 2023,Coryell,TX,Passenger,1,0,1,79,80,1.25
February 28 2023,Cumberland,NC,Passenger,1,2,3,317,320,0.94
February 28 2023,Cumberland,PA,Passenger,1,0,1,32,33,3.03
February 28 2023,District of Columbia,DC,Passenger,4,0,4,148,152,2.63
February 28 2023,Goochland,VA,Passenger,0,1,1,48,49,2.04
February 28 2023,Grays Harbor,WA,Passenger,272,172,444,48525,48969,0.91
February 28 2023,Hamilton,OH,Passenger,1,0,1,25,26,3.85
February 28 2023,Hamilton,OH,Truck,1,0,1,3,4,25.00
February 28 2023,Harris,TX,Passenger,1,0,1,113,114,0.88
February 28 2023,Jackson,OK,Passenger,0,1,1,30,31,3.23
February 28 2023,Jefferson,NY,Passenger,1,1,2,178,180,1.11
April 30 2023,Jefferson,WA,Passenger,531,253,784,24081,24865,3.15
April 30 2023,King,WA,Truck,634,2,636,174788,175424,0.36
April 30 2023,Lane,OR,Passenger,0,1,1,61,62,1.61
April 30 2023,Las Animas,CO,Passenger,1,0,1,0,1,100.00
February 28 2023,Clark,WA,Truck,70,0,70,81372,81442,0.09
February 28 2023,Danville,VA,Passenger,1,0,1,0,1,100.00
February 28 2023,Douglas,OR,Passenger,1,0,1,21,22,4.55
February 28 2023,Douglas,WA,Truck,6,0,6,12862,12868,0.05
February 28 2023,El Paso,CO,Passenger,3,1,4,517,521,0.77
February 28 2023,El Paso,TX,Passenger,2,0,2,281,283,0.71
February 28 2023,Emmet,MI,Passenger,0,1,1,0,1,100.00
April 30 2023,Pacific,WA,Truck,3,0,3,7758,7761,0.04
April 30 2023,Pend Oreille,WA,Truck,0,0,0,5585,5585,0.00
April 30 2023,Pierce,WA,Passenger,7116,2657,9773,528717,538490,1.81
April 30 2023,Placer,CA,Passenger,1,0,1,52,53,1.89
April 30 2023,Portsmouth,VA,Passenger,0,1,1,62,63,1.59
April 30 2023,Rockdale,GA,Passenger,1,0,1,3,4,25.00
April 30 2023,Santa Barbara,CA,Passenger,1,0,1,62,63,1.59
April 30 2023,Sarpy,NE,Passenger,1,0,1,45,46,2.17
April 30 2023,Skagit,WA,Passenger,1053,387,1440,88190,89630,1.61
April 30 2023,Skamania,WA,Truck,1,0,1,3807,3808,0.03
December 31 2019,Douglas,NE,Passenger,0,1,1,57,58,1.72
December 31 2019,Fairbanks North Star,AK,Passenger,0,1,1,102,103,0.97
December 31 2019,Franklin,WA,Passenger,54,76,130,60984,61114,0.21
December 31 2019,Grays Harbor,WA,Passenger,105,100,205,48393,48598,0.42
December 31 2019,Hennepin,MN,Passenger,3,1,4,100,104,3.85
November 30 2019,Kittitas,WA,Truck,0,0,0,14616,14616,0.00
December 31 2019,Snohomish,WA,Passenger,4021,1709,5730,536115,541845,1.06
December 31 2019,Spokane,WA,Passenger,643,471,1114,315079,316193,0.35
December 31 2019,Valencia,NM,Passenger,1,0,1,5,6,16.67
January 31 2020,,,Passenger,5,1,6,428,434,1.38
September 30 2019,Virginia Beach,VA,Passenger,1,0,1,710,711,0.14
September 30 2019,Whatcom,WA,Truck,2,0,2,43034,43036,0.00
October 31 2019,Adams,WA,Passenger,6,6,12,12912,12924,0.09
October 31 2019,Arapahoe,CO,Passenger,1,0,1,147,148,0.68
October 31 2019,Arlington,VA,Passenger,0,2,2,152,154,1.30
October 31 2019,Boulder,CO,Passenger,0,1,1,51,52,1.92
October 31 2019,Bucks,PA,Passenger,1,0,1,24,25,4.00
November 30 2019,Shelby,OH,Passenger,0,1,1,1,2,50.00
November 30 2019,Skagit,WA,Passenger,347,210,557,92580,93137,0.60
November 30 2019,Skagit,WA,Truck,1,0,1,32544,32545,0.00
November 30 2019,Spokane,WA,Truck,1,0,1,96220,96221,0.00
November 30 2019,Stevens,WA,Passenger,31,30,61,31607,31668,0.19
November 30 2019,Whatcom,WA,Truck,2,0,2,43150,43152,0.00
December 31 2019,Alexandria,VA,Passenger,1,0,1,148,149,0.67
November 30 2019,Okanogan,WA,Passenger,27,30,57,26235,26292,0.22
November 30 2019,Oklahoma,OK,Passenger,0,1,1,126,127,0.79
November 30 2019,Penobscot,ME,Passenger,0,1,1,13,14,7.14
November 30 2019,Queens,NY,Passenger,1,0,1,54,55,1.82
November 30 2019,San Francisco,CA,Passenger,2,1,3,99,102,2.94
November 30 2019,Shelby,TN,Passenger,0,1,1,96,97,1.03
November 30 2019,Skamania,WA,Truck,0,0,0,4097,4097,0.00
November 30 2019,St. Mary's,MD,Passenger,1,0,1,221,222,0.45
January 31 2020,Asotin,WA,Passenger,17,11,28,12724,12752,0.22
January 31 2020,Bexar,TX,Passenger,2,5,7,638,645,1.09
January 31 2020,Chesapeake,VA,Passenger,0,2,2,436,438,0.46
November 30 2019,Pend Oreille,WA,Truck,0,0,0,5734,5734,0.00
November 30 2019,Placer,CA,Passenger,1,0,1,97,98,1.02
November 30 2019,Ramsey,MN,Passenger,1,0,1,40,41,2.44
November 30 2019,Saginaw,MI,Passenger,1,0,1,11,12,8.33
November 30 2019,San Diego,CA,Passenger,9,4,13,2822,2835,0.46
November 30 2019,San Juan,WA,Truck,0,0,0,5930,5930,0.00
November 30 2019,Santa Rosa,FL,Passenger,1,0,1,89,90,1.11
November 30 2019,Valencia,NM,Passenger,1,0,1,5,6,16.67
November 30 2019,Okanogan,WA,Truck,0,0,0,16553,16553,0.00
November 30 2019,Pacific,WA,Truck,0,0,0,7741,7741,0.00
November 30 2019,Portsmouth,VA,Passenger,0,1,1,80,81,1.23
November 30 2019,Powhatan,VA,Passenger,1,0,1,0,1,100.00
November 30 2019,Richmond,GA,Passenger,0,1,1,97,98,1.02
November 30 2019,Suffolk,MA,Passenger,0,1,1,36,37,2.70
November 30 2019,Suffolk,VA,Passenger,1,0,1,123,124,0.81
November 30 2019,Tarrant,TX,Passenger,2,0,2,196,198,1.01
January 31 2020,DeKalb,GA,Passenger,1,0,1,83,84,1.19
January 31 2020,El Paso,CO,Passenger,2,1,3,752,755,0.40
January 31 2020,Garfield,WA,Truck,0,0,0,969,969,0.00
January 31 2020,Guadalupe,TX,Passenger,1,0,1,67,68,1.47
January 31 2020,Houston,GA,Passenger,1,0,1,60,61,1.64
December 31 2019,Kittitas,WA,Passenger,90,46,136,30056,30192,0.45
December 31 2019,Klamath,OR,Passenger,1,0,1,34,35,2.86
December 31 2019,Lewis,WA,Truck,0,0,0,26090,26090,0.00
December 31 2019,Lincoln,WA,Passenger,1,11,12,7805,7817,0.15
December 31 2019,Los Angeles,CA,Passenger,7,9,16,1060,1076,1.49
December 31 2019,Loudoun,VA,Passenger,1,0,1,94,95,1.05
December 31 2019,Montgomery,PA,Passenger,2,0,2,35,37,5.41
November 30 2019,Ventura,CA,Passenger,0,3,3,308,311,0.96
December 31 2019,Ada,ID,Passenger,0,1,1,290,291,0.34
January 31 2020,Benton,WA,Passenger,337,316,653,135328,135981,0.48
January 31 2020,Brevard,FL,Passenger,0,1,1,86,87,1.15
January 31 2020,Carroll,NH,Passenger,0,1,1,4,5,20.00
January 31 2020,Cochise,AZ,Passenger,0,1,1,103,104,0.96
January 31 2020,Cowlitz,WA,Truck,0,0,0,29030,29030,0.00
January 31 2020,Denton,TX,Passenger,1,0,1,88,89,1.12
January 31 2020,Deschutes,OR,Passenger,3,0,3,144,147,2.04
January 31 2020,Douglas,NE,Passenger,0,1,1,56,57,1.75
January 31 2020,Douglas,WA,Passenger,69,39,108,28370,28478,0.38
December 31 2019,Calvert,MD,Passenger,0,2,2,91,93,2.15
December 31 2019,Contra Costa,CA,Passenger,3,2,5,349,354,1.41
December 31 2019,Dallas,TX,Passenger,1,0,1,210,211,0.47
December 31 2019,Douglas,WA,Passenger,67,38,105,28302,28407,0.37
November 30 2019,Virginia Beach,VA,Passenger,1,0,1,712,713,0.14
November 30 2019,Volusia,FL,Passenger,0,1,1,41,42,2.38
November 30 2019,Walla Walla,WA,Truck,0,0,0,13673,13673,0.00
November 30 2019,Yakima,WA,Truck,0,0,0,59592,59592,0.00
December 31 2019,Alameda,CA,Passenger,5,1,6,291,297,2.02
December 31 2019,Fort Bend,TX,Passenger,1,0,1,47,48,2.08
December 31 2019,Frederick,MD,Passenger,1,1,2,81,83,2.41
December 31 2019,Grant,WA,Truck,0,0,0,27004,27004,0.00
November 30 2019,Wayne,MI,Passenger,0,1,1,63,64,1.56
November 30 2019,Yakima,WA,Passenger,117,116,233,166002,166235,0.14
December 31 2019,Adams,WA,Passenger,6,7,13,12936,12949,0.10
December 31 2019,Albemarle,VA,Passenger,1,0,1,26,27,3.70
December 31 2019,Arapahoe,CO,Passenger,1,0,1,141,142,0.70
December 31 2019,Asotin,WA,Truck,0,0,0,6707,6707,0.00
December 31 2019,Benton,WA,Passenger,315,309,624,135245,135869,0.46
December 31 2019,Berkshire,MA,Passenger,0,1,1,5,6,16.67
December 31 2019,Cascade,MT,Passenger,0,1,1,56,57,1.75
January 31 2020,Frederick,MD,Passenger,1,1,2,81,83,2.41
January 31 2020,Grant,WA,Passenger,58,71,129,65627,65756,0.20
December 31 2019,Bexar,TX,Passenger,1,5,6,645,651,0.92
December 31 2019,Chesapeake,VA,Passenger,0,2,2,435,437,0.46
December 31 2019,Clark,WA,Passenger,1843,1043,2886,317743,320629,0.90
December 31 2019,Cochise,AZ,Passenger,0,1,1,105,106,0.94
December 31 2019,DeKalb,GA,Passenger,1,0,1,81,82,1.22
December 31 2019,District of Columbia,DC,Passenger,1,1,2,210,212,0.94
October 31 2019,Cape May,NJ,Passenger,0,1,1,13,14,7.14
October 31 2019,Charleston,SC,Passenger,1,0,1,115,116,0.86
October 31 2019,Chelan,WA,Passenger,191,75,266,54656,54922,0.48
October 31 2019,Clallam,WA,Passenger,194,150,344,50939,51283,0.67
October 31 2019,Clark,NV,Passenger,4,3,7,689,696,1.01
October 31 2019,Clark,WA,Passenger,1783,1016,2799,316974,319773,0.88
October 31 2019,District of Columbia,DC,Passenger,1,1,2,207,209,0.96
October 31 2019,Duval,FL,Passenger,1,2,3,372,375,0.80
October 31 2019,Fairfax,VA,Passenger,4,2,6,764,770,0.78
October 31 2019,Ferry,WA,Passenger,5,2,7,4425,4432,0.16
January 31 2020,King,WA,Passenger,23200,7620,30820,1399254,1430074,2.16
January 31 2020,King,WA,Truck,6,1,7,182658,182665,0.00
January 31 2020,Kittitas,WA,Truck,0,0,0,14663,14663,0.00
January 31 2020,Lincoln,WA,Passenger,1,11,12,7788,7800,0.15
January 31 2020,Montgomery,PA,Passenger,2,0,2,34,36,5.56
December 31 2019,Juneau,AK,Passenger,0,2,2,29,31,6.45
December 31 2019,Lee,FL,Passenger,1,0,1,53,54,1.85
December 31 2019,Maui,HI,Passenger,1,0,1,37,38,2.63
December 31 2019,Multnomah,OR,Passenger,4,6,10,729,739,1.35
December 31 2019,New Haven,CT,Passenger,0,2,2,46,48,4.17
December 31 2019,Norfolk,MA,Passenger,1,0,1,36,37,2.70
December 31 2019,Arlington,VA,Passenger,0,2,2,153,155,1.29
December 31 2019,Charles,MD,Passenger,0,1,1,84,85,1.18
December 31 2019,Charleston,SC,Passenger,1,0,1,111,112,0.89
December 31 2019,Chelan,WA,Passenger,201,78,279,54624,54903,0.51
December 31 2019,Clallam,WA,Passenger,196,157,353,50871,51224,0.69
December 31 2019,Clallam,WA,Truck,1,0,1,21868,21869,0.00
December 31 2019,Clay,FL,Passenger,0,1,1,87,88,1.14
October 31 2019,Fresno,CA,Passenger,1,0,1,192,193,0.52
October 31 2019,Grant,WA,Truck,0,0,0,26893,26893,0.00
October 31 2019,Howard,MD,Passenger,0,1,1,77,78,1.28
October 31 2019,Larimer,CO,Passenger,1,0,1,60,61,1.64
January 31 2020,Jefferson,WA,Passenger,224,139,363,25211,25574,1.42
January 31 2020,Lee,FL,Passenger,1,0,1,52,53,1.89
December 31 2019,Pacific,WA,Passenger,30,30,60,16122,16182,0.37
December 31 2019,Pend Oreille,WA,Passenger,7,7,14,9513,9527,0.15
December 31 2019,San Joaquin,CA,Passenger,1,0,1,137,138,0.72
December 31 2019,San Juan,WA,Passenger,253,79,332,14407,14739,2.25
December 31 2019,Santa Clara,CA,Passenger,7,2,9,353,362,2.49
December 31 2019,Snohomish,WA,Truck,0,0,0,123277,123277,0.00
December 31 2019,Solano,CA,Passenger,1,0,1,211,212,0.47
December 31 2019,Spokane,WA,Truck,1,0,1,96384,96385,0.00
December 31 2019,Columbia,WA,Truck,0,0,0,1537,1537,0.00
December 31 2019,Cowlitz,WA,Truck,0,0,0,29039,29039,0.00
December 31 2019,Dakota,MN,Passenger,0,1,1,33,34,2.94
December 31 2019,DeKalb,IN,Passenger,1,0,1,1,2,50.00
December 31 2019,Franklin,WA,Truck,0,0,0,19779,19779,0.00
December 31 2019,Garfield,WA,Passenger,0,1,1,1306,1307,0.08
January 31 2020,Okanogan,WA,Truck,0,0,0,16553,16553,0.00
January 31 2020,Owyhee,ID,Passenger,1,0,1,3,4,25.00
January 31 2020,Queens,NY,Passenger,1,0,1,52,53,1.89
October 31 2019,Norfolk,MA,Passenger,1,0,1,36,37,2.70
October 31 2019,Oldham,KY,Passenger,0,1,1,5,6,16.67
December 31 2019,Fairfax,VA,Passenger,4,2,6,757,763,0.79
December 31 2019,Harrison,MS,Passenger,1,0,1,60,61,1.64
December 31 2019,Ferry,WA,Passenger,5,2,7,4398,4405,0.16
December 31 2019,Fresno,CA,Passenger,1,0,1,189,190,0.53
December 31 2019,Fulton,GA,Passenger,0,2,2,104,106,1.89
December 31 2019,Grant,WA,Passenger,55,68,123,65628,65751,0.19
December 31 2019,Grays Harbor,WA,Truck,0,0,0,20766,20766,0.00
December 31 2019,Houston,GA,Passenger,1,0,1,60,61,1.64
December 31 2019,Jefferson,NY,Passenger,0,2,2,221,223,0.90
December 31 2019,Whatcom,WA,Passenger,987,478,1465,151718,153183,0.96
December 31 2019,Wilson,TX,Passenger,0,1,1,8,9,11.11
January 31 2020,Alexandria,VA,Passenger,1,0,1,148,149,0.67
January 31 2020,Benton,WA,Truck,0,0,0,42555,42555,0.00
December 31 2019,Oldham,KY,Passenger,0,1,1,4,5,20.00
December 31 2019,Pend Oreille,WA,Truck,0,0,0,5772,5772,0.00
December 31 2019,Placer,CA,Passenger,1,0,1,96,97,1.03
December 31 2019,RÃ­o Grande,PR,Passenger,1,0,1,1,2,50.00
December 31 2019,Ramsey,MN,Passenger,1,0,1,39,40,2.50
December 31 2019,San Diego,CA,Passenger,9,4,13,2814,2827,0.46
December 31 2019,San Francisco,CA,Passenger,2,1,3,99,102,2.94
December 31 2019,Santa Rosa,FL,Passenger,1,0,1,87,88,1.14
December 31 2019,Skamania,WA,Passenger,26,18,44,8769,8813,0.50
December 31 2019,Skamania,WA,Truck,0,0,0,4100,4100,0.00
January 31 2020,Suffolk,VA,Passenger,1,0,1,123,124,0.81
January 31 2020,Ventura,CA,Passenger,0,3,3,305,308,0.97
January 31 2020,Virginia Beach,VA,Passenger,1,0,1,706,707,0.14
January 31 2020,Whitman,WA,Truck,0,0,0,8567,8567,0.00
January 31 2020,Williamson,TX,Passenger,0,2,2,144,146,1.37
January 31 2020,Wilson,TX,Passenger,0,1,1,7,8,12.50
October 31 2019,Polk,FL,Passenger,1,0,1,66,67,1.49
October 31 2019,San Mateo,CA,Passenger,1,1,2,121,123,1.63
October 31 2019,Sarasota,FL,Passenger,2,0,2,26,28,7.14
October 31 2019,Shelby,OH,Passenger,0,1,1,1,2,50.00
October 31 2019,Stevens,WA,Passenger,29,28,57,31626,31683,0.18
October 31 2019,Sumter,FL,Passenger,0,1,1,9,10,10.00
October 31 2019,Thurston,WA,Truck,0,0,0,55643,55643,0.00
October 31 2019,Travis,TX,Passenger,2,1,3,203,206,1.46
December 31 2019,King,WA,Truck,6,1,7,182220,182227,0.00
December 31 2019,Klickitat,WA,Passenger,46,38,84,15674,15758,0.53
December 31 2019,Lake,IL,Passenger,1,0,1,160,161,0.62
December 31 2019,Manassas,VA,Passenger,0,1,1,5,6,16.67
December 31 2019,Maricopa,AZ,Passenger,7,6,13,1493,1506,0.86
January 31 2020,Pacific,WA,Passenger,30,31,61,16099,16160,0.38
January 31 2020,Pend Oreille,WA,Passenger,8,7,15,9469,9484,0.16
January 31 2020,Pinal,AZ,Passenger,1,0,1,193,194,0.52
January 31 2020,Powhatan,VA,Passenger,1,0,1,0,1,100.00
January 31 2020,Prince William,VA,Passenger,2,3,5,234,239,2.09
January 31 2020,RÃ­o Grande,PR,Passenger,1,0,1,1,2,50.00
January 31 2020,Richmond,GA,Passenger,0,1,1,94,95,1.05
January 31 2020,San Diego,CA,Passenger,10,6,16,2797,2813,0.57
January 31 2020,Shasta,CA,Passenger,1,0,1,35,36,2.78
January 31 2020,Skamania,WA,Passenger,29,18,47,8771,8818,0.53
January 31 2020,Suffolk,MA,Passenger,0,1,1,36,37,2.70
January 31 2020,Tarrant,TX,Passenger,2,0,2,188,190,1.05
December 31 2019,Howard,MD,Passenger,0,1,1,76,77,1.30
December 31 2019,Island,WA,Truck,1,0,1,21353,21354,0.00
December 31 2019,Kern,CA,Passenger,0,1,1,224,225,0.44
December 31 2019,Kitsap,WA,Passenger,1201,652,1853,182343,184196,1.01
December 31 2019,Klickitat,WA,Truck,0,0,0,8319,8319,0.00
December 31 2019,Kootenai,ID,Passenger,1,1,2,225,227,0.88
December 31 2019,Lincoln,WA,Truck,0,0,0,4683,4683,0.00
December 31 2019,Prince George's,MD,Passenger,1,1,2,170,172,1.16
December 31 2019,Randolph,NC,Passenger,1,0,1,7,8,12.50
December 31 2019,Shelby,OH,Passenger,0,1,1,1,2,50.00
December 31 2019,King,WA,Passenger,21955,7543,29498,1394893,1424391,2.07
December 31 2019,Kittitas,WA,Truck,0,0,0,14621,14621,0.00
December 31 2019,Larimer,CO,Passenger,1,0,1,56,57,1.75
December 31 2019,Mason,WA,Truck,0,0,0,20528,20528,0.00
December 31 2019,Middlesex,MA,Passenger,1,1,2,112,114,1.75
December 31 2019,Monroe,IL,Passenger,1,0,1,4,5,20.00
December 31 2019,Moore,NC,Passenger,0,1,1,166,167,0.60
January 31 2020,Chelan,WA,Truck,0,0,0,22572,22572,0.00
January 31 2020,Cowlitz,WA,Passenger,127,111,238,73608,73846,0.32
January 31 2020,Dallas,TX,Passenger,1,0,1,211,212,0.47
January 31 2020,Flathead,MT,Passenger,1,0,1,62,63,1.59
January 31 2020,Fort Bend,TX,Passenger,1,0,1,49,50,2.00
December 31 2019,Tulsa,OK,Passenger,1,1,2,47,49,4.08
December 31 2019,Wahkiakum,WA,Passenger,4,3,7,3042,3049,0.23
December 31 2019,Washtenaw,MI,Passenger,1,0,1,42,43,2.33
December 31 2019,Wayne,MI,Passenger,0,1,1,61,62,1.61
January 31 2020,Whatcom,WA,Passenger,1032,487,1519,151810,153329,0.99
February 29 2020,Adams,WA,Passenger,7,7,14,12913,12927,0.11
February 29 2020,Alexandria,VA,Passenger,1,0,1,145,146,0.68
February 29 2020,Arapahoe,CO,Passenger,1,0,1,142,143,0.70
February 29 2020,Boulder,CO,Passenger,0,1,1,48,49,2.04
February 29 2020,Bucks,PA,Passenger,1,0,1,19,20,5.00
February 29 2020,Cape May,NJ,Passenger,0,1,1,13,14,7.14
October 31 2019,Wahkiakum,WA,Passenger,4,3,7,3050,3057,0.23
October 31 2019,Walla Walla,WA,Passenger,62,62,124,36329,36453,0.34
October 31 2019,Whitman,WA,Passenger,38,45,83,22718,22801,0.36
November 30 2019,Alameda,CA,Passenger,5,1,6,290,296,2.03
November 30 2019,Boulder,CO,Passenger,0,1,1,50,51,1.96
November 30 2019,Brevard,FL,Passenger,0,1,1,87,88,1.14
November 30 2019,Carroll,NH,Passenger,0,1,1,3,4,25.00
December 31 2019,Tuolumne,CA,Passenger,0,1,1,11,12,8.33
December 31 2019,Walla Walla,WA,Passenger,63,60,123,36309,36432,0.34
December 31 2019,Yakima,WA,Passenger,116,114,230,166300,166530,0.14
December 31 2019,Yakima,WA,Truck,0,0,0,59621,59621,0.00
January 31 2020,Adams,WA,Truck,0,0,0,5211,5211,0.00
January 31 2020,Alameda,CA,Passenger,4,1,5,284,289,1.73
January 31 2020,Albemarle,VA,Passenger,1,0,1,26,27,3.70
January 31 2020,Anne Arundel,MD,Passenger,1,2,3,433,436,0.69
January 31 2020,Asotin,WA,Truck,0,0,0,6718,6718,0.00
December 31 2019,Okanogan,WA,Truck,0,0,0,16546,16546,0.00
December 31 2019,Pima,AZ,Passenger,3,1,4,373,377,1.06
December 31 2019,Putnam,TN,Passenger,0,1,1,3,4,25.00
December 31 2019,Sarasota,FL,Passenger,2,0,2,25,27,7.41
December 31 2019,Shelby,TN,Passenger,0,1,1,95,96,1.04
December 31 2019,Spartanburg,SC,Passenger,0,1,1,43,44,2.27
December 31 2019,Suffolk,VA,Passenger,1,0,1,123,124,0.81
December 31 2019,Montgomery,AL,Passenger,0,1,1,42,43,2.33
December 31 2019,Montgomery,OH,Passenger,0,1,1,47,48,2.08
December 31 2019,New London,CT,Passenger,0,2,2,251,253,0.79
December 31 2019,Orange,CA,Passenger,7,2,9,513,522,1.72
December 31 2019,Pierce,WA,Truck,0,0,0,140855,140855,0.00
December 31 2019,Polk,FL,Passenger,1,0,1,65,66,1.52
December 31 2019,Powhatan,VA,Passenger,1,0,1,0,1,100.00
December 31 2019,Richmond,GA,Passenger,0,1,1,95,96,1.04
December 31 2019,Riverside,CA,Passenger,4,1,5,637,642,0.78
February 29 2020,Broward,FL,Passenger,2,1,3,119,122,2.46
February 29 2020,Cascade,MT,Passenger,0,1,1,56,57,1.75
February 29 2020,Chelan,WA,Passenger,216,78,294,54608,54902,0.54
February 29 2020,Chelan,WA,Truck,0,0,0,22572,22572,0.00
February 29 2020,Clallam,WA,Passenger,206,163,369,50804,51173,0.72
February 29 2020,Columbia,WA,Passenger,3,3,6,2433,2439,0.25
February 29 2020,Cowlitz,WA,Passenger,128,111,239,73466,73705,0.32
February 29 2020,Dakota,MN,Passenger,0,1,1,32,33,3.03
January 31 2020,Goochland,VA,Passenger,2,1,3,259,262,1.15
January 31 2020,Harnett,NC,Passenger,1,1,2,208,210,0.95
January 31 2020,Harris,TX,Passenger,1,0,1,238,239,0.42
January 31 2020,Hawaii,HI,Passenger,1,0,1,61,62,1.61
January 31 2020,Honolulu,HI,Passenger,4,2,6,482,488,1.23
January 31 2020,Island,WA,Passenger,392,257,649,63594,64243,1.01
January 31 2020,Jefferson,WA,Truck,0,0,0,9662,9662,0.00
January 31 2020,Berkshire,MA,Passenger,0,1,1,5,6,16.67
January 31 2020,Charles,MD,Passenger,0,1,1,81,82,1.22
January 31 2020,Clallam,WA,Truck,1,0,1,21852,21853,0.00
January 31 2020,Clay,FL,Passenger,0,1,1,88,89,1.12
January 31 2020,DuPage,IL,Passenger,3,0,3,64,67,4.48
January 31 2020,Clark,WA,Truck,0,0,0,81769,81769,0.00
January 31 2020,Collin,TX,Passenger,1,1,2,130,132,1.52
January 31 2020,Columbia,WA,Truck,0,0,0,1534,1534,0.00
January 31 2020,Denver,CO,Passenger,1,0,1,125,126,0.79
January 31 2020,Douglas,WA,Truck,0,0,0,12309,12309,0.00
January 31 2020,El Paso,TX,Passenger,3,0,3,454,457,0.66
November 30 2019,Charles,MD,Passenger,0,1,1,85,86,1.16
November 30 2019,Chelan,WA,Passenger,196,75,271,54644,54915,0.49
November 30 2019,Clark,NV,Passenger,4,3,7,686,693,1.01
November 30 2019,Clay,FL,Passenger,0,1,1,88,89,1.12
November 30 2019,Duval,FL,Passenger,1,2,3,370,373,0.80
February 29 2020,Clark,NV,Passenger,3,3,6,688,694,0.86
February 29 2020,Dallas,TX,Passenger,1,0,1,204,205,0.49
February 29 2020,Duval,FL,Passenger,1,2,3,368,371,0.81
February 29 2020,Ferry,WA,Passenger,5,2,7,4373,4380,0.16
February 29 2020,Fort Bend,TX,Passenger,1,0,1,48,49,2.04
December 31 2019,Travis,TX,Passenger,2,1,3,199,202,1.49
December 31 2019,Ventura,CA,Passenger,0,3,3,305,308,0.97
December 31 2019,Virginia Beach,VA,Passenger,1,0,1,706,707,0.14
December 31 2019,Whitman,WA,Passenger,42,46,88,22678,22766,0.39
January 31 2020,Adams,WA,Passenger,7,7,14,12913,12927,0.11
January 31 2020,Arapahoe,CO,Passenger,1,0,1,143,144,0.69
January 31 2020,Arlington,VA,Passenger,0,2,2,153,155,1.29
January 31 2020,Boone,MO,Passenger,0,1,1,11,12,8.33
January 31 2020,Boulder,CO,Passenger,0,1,1,51,52,1.92
January 31 2020,Grays Harbor,WA,Truck,0,0,0,20824,20824,0.00
January 31 2020,Greene,MO,Passenger,0,1,1,30,31,3.23
January 31 2020,Klickitat,WA,Truck,0,0,0,8300,8300,0.00
January 31 2020,Lake,FL,Passenger,1,0,1,22,23,4.35
February 29 2020,Fairbanks North Star,AK,Passenger,0,1,1,102,103,0.97
February 29 2020,Fairfax,VA,Passenger,4,3,7,757,764,0.92
February 29 2020,Flathead,MT,Passenger,1,0,1,64,65,1.54
February 29 2020,Harrison,MS,Passenger,1,0,1,63,64,1.56
February 29 2020,Hawaii,HI,Passenger,1,0,1,61,62,1.61
February 29 2020,Island,WA,Passenger,401,263,664,63471,64135,1.04
February 29 2020,Island,WA,Truck,1,0,1,21329,21330,0.00
February 29 2020,Klickitat,WA,Passenger,49,41,90,15686,15776,0.57
February 29 2020,Kootenai,ID,Passenger,1,1,2,227,229,0.87
February 29 2020,Grant,WA,Truck,0,0,0,27067,27067,0.00
February 29 2020,Harnett,NC,Passenger,1,1,2,210,212,0.94
February 29 2020,Honolulu,HI,Passenger,4,2,6,473,479,1.25
February 29 2020,Howard,MD,Passenger,0,1,1,73,74,1.35
February 29 2020,Jefferson,WA,Truck,0,0,0,9643,9643,0.00
December 31 2019,San Juan,WA,Truck,0,0,0,5936,5936,0.00
December 31 2019,San Mateo,CA,Passenger,1,1,2,120,122,1.64
December 31 2019,Shasta,CA,Passenger,1,0,1,37,38,2.63
December 31 2019,Skagit,WA,Truck,1,0,1,32569,32570,0.00
December 31 2019,Stafford,VA,Passenger,1,1,2,93,95,2.11
December 31 2019,Stevens,WA,Passenger,31,31,62,31610,31672,0.20
December 31 2019,Suffolk,MA,Passenger,0,1,1,34,35,2.86
December 31 2019,Sumter,FL,Passenger,0,1,1,9,10,10.00
December 31 2019,Tarrant,TX,Passenger,2,0,2,193,195,1.03
December 31 2019,Thurston,WA,Truck,0,0,0,55729,55729,0.00
December 31 2019,Whatcom,WA,Truck,2,0,2,43189,43191,0.00
January 31 2020,Ada,ID,Passenger,0,1,1,288,289,0.35
January 31 2020,Mason,WA,Passenger,150,136,286,47629,47915,0.60
January 31 2020,Multnomah,OR,Passenger,4,7,11,733,744,1.48
January 31 2020,Nassau,NY,Passenger,4,0,4,39,43,9.30
January 31 2020,Newport,RI,Passenger,1,0,1,85,86,1.16
January 31 2020,Okanogan,WA,Passenger,32,30,62,26221,26283,0.24
January 31 2020,Oklahoma,OK,Passenger,0,1,1,127,128,0.78
January 31 2020,Penobscot,ME,Passenger,0,1,1,14,15,6.67
January 31 2020,Pierce,WA,Passenger,2231,1680,3911,550676,554587,0.71
January 31 2020,Pinellas,FL,Passenger,1,1,2,111,113,1.77
January 31 2020,Portsmouth,VA,Passenger,0,1,1,81,82,1.22
January 31 2020,Franklin,WA,Truck,0,0,0,19851,19851,0.00
January 31 2020,Garfield,WA,Passenger,0,1,1,1321,1322,0.08
January 31 2020,Jefferson,CO,Passenger,0,2,2,60,62,3.23
January 31 2020,Jones,GA,Passenger,1,0,1,1,2,50.00
January 31 2020,Kern,CA,Passenger,0,1,1,227,228,0.44
January 31 2020,Kitsap,WA,Passenger,1260,656,1916,182441,184357,1.04
January 31 2020,Kitsap,WA,Truck,1,0,1,54492,54493,0.00
November 30 2019,Jefferson,WA,Passenger,212,132,344,25185,25529,1.35
November 30 2019,King,WA,Truck,6,1,7,182349,182356,0.00
November 30 2019,Lee,FL,Passenger,1,0,1,53,54,1.85
November 30 2019,Lincoln,WA,Passenger,1,11,12,7799,7811,0.15
November 30 2019,Loudoun,VA,Passenger,1,0,1,96,97,1.03
January 31 2020,Loudoun,VA,Passenger,1,0,1,92,93,1.08
January 31 2020,Manassas,VA,Passenger,0,1,1,5,6,16.67
January 31 2020,Montgomery,TX,Passenger,1,0,1,57,58,1.72
January 31 2020,New London,CT,Passenger,0,2,2,255,257,0.78
January 31 2020,Orange,CA,Passenger,7,2,9,515,524,1.72
January 31 2020,Bucks,PA,Passenger,1,0,1,19,20,5.00
January 31 2020,Camden,NJ,Passenger,0,2,2,21,23,8.70
January 31 2020,Cape May,NJ,Passenger,0,1,1,13,14,7.14
January 31 2020,Charleston,SC,Passenger,1,0,1,112,113,0.88
January 31 2020,Clark,NV,Passenger,3,3,6,691,697,0.86
January 31 2020,Clark,WA,Passenger,1940,1054,2994,319990,322984,0.93
January 31 2020,DeKalb,IN,Passenger,1,0,1,1,2,50.00
January 31 2020,District of Columbia,DC,Passenger,1,1,2,206,208,0.96
January 31 2020,Duval,FL,Passenger,1,2,3,373,376,0.80
January 31 2020,Middlesex,MA,Passenger,1,1,2,109,111,1.80
January 31 2020,Moore,NC,Passenger,0,1,1,166,167,0.60
January 31 2020,Osceola,FL,Passenger,1,0,1,41,42,2.38
January 31 2020,Pacific,WA,Truck,0,0,0,7749,7749,0.00
January 31 2020,Palm Beach,FL,Passenger,0,1,1,81,82,1.22
January 31 2020,Pend Oreille,WA,Truck,0,0,0,5779,5779,0.00
January 31 2020,Pima,AZ,Passenger,3,1,4,371,375,1.07
January 31 2020,Placer,CA,Passenger,1,0,1,94,95,1.05
January 31 2020,Ramsey,MN,Passenger,1,0,1,39,40,2.50
February 29 2020,Montgomery,OH,Passenger,0,1,1,48,49,2.04
February 29 2020,Pierce,WA,Passenger,2255,1685,3940,551206,555146,0.71
February 29 2020,Pierce,WA,Truck,0,0,0,141511,141511,0.00
February 29 2020,Pinellas,FL,Passenger,1,1,2,111,113,1.77
February 29 2020,Polk,FL,Passenger,1,0,1,67,68,1.47
February 29 2020,Portsmouth,VA,Passenger,0,1,1,79,80,1.25
February 29 2020,Larimer,CO,Passenger,1,0,1,55,56,1.79
February 29 2020,Multnomah,OR,Passenger,4,7,11,736,747,1.47
February 29 2020,Nassau,NY,Passenger,4,0,4,38,42,9.52
February 29 2020,Okanogan,WA,Passenger,34,31,65,26122,26187,0.25
February 29 2020,Oklahoma,OK,Passenger,0,1,1,128,129,0.78
February 29 2020,Oldham,KY,Passenger,0,1,1,4,5,20.00
November 30 2019,Pend Oreille,WA,Passenger,7,7,14,9515,9529,0.15
November 30 2019,Pinal,AZ,Passenger,1,0,1,194,195,0.51
November 30 2019,Prince William,VA,Passenger,1,3,4,233,237,1.69
November 30 2019,RÃ­o Grande,PR,Passenger,1,0,1,1,2,50.00
January 31 2020,Broward,FL,Passenger,2,1,3,122,125,2.40
January 31 2020,Calvert,MD,Passenger,0,2,2,91,93,2.15
January 31 2020,Cascade,MT,Passenger,0,1,1,57,58,1.72
January 31 2020,Chelan,WA,Passenger,213,77,290,54619,54909,0.53
January 31 2020,Clallam,WA,Passenger,203,163,366,50914,51280,0.71
January 31 2020,Rockingham,NH,Passenger,1,0,1,29,30,3.33
January 31 2020,Rogers,OK,Passenger,1,0,1,6,7,14.29
January 31 2020,Stevens,WA,Truck,0,0,0,18789,18789,0.00
January 31 2020,Fresno,CA,Passenger,1,0,1,191,192,0.52
January 31 2020,Fulton,GA,Passenger,1,2,3,105,108,2.78
January 31 2020,Howard,MD,Passenger,0,1,1,76,77,1.30
January 31 2020,Jefferson,NY,Passenger,0,1,1,222,223,0.45
January 31 2020,Kent,MI,Passenger,0,1,1,24,25,4.00
January 31 2020,San Francisco,CA,Passenger,2,1,3,100,103,2.91
January 31 2020,Santa Rosa,FL,Passenger,1,0,1,87,88,1.14
January 31 2020,Skagit,WA,Passenger,378,215,593,92627,93220,0.64
January 31 2020,Skamania,WA,Truck,0,0,0,4107,4107,0.00
January 31 2020,St. Mary's,MD,Passenger,1,0,1,217,218,0.46
January 31 2020,Twin Falls,ID,Passenger,0,1,1,28,29,3.45
January 31 2020,Vigo,IN,Passenger,1,0,1,6,7,14.29
January 31 2020,Wahkiakum,WA,Truck,0,0,0,1759,1759,0.00
January 31 2020,Walla Walla,WA,Truck,0,0,0,13709,13709,0.00
January 31 2020,Washington,OR,Passenger,1,0,1,456,457,0.22
January 31 2020,Washoe,NV,Passenger,1,0,1,107,108,0.93
January 31 2020,Richland,SC,Passenger,0,1,1,163,164,0.61
January 31 2020,Riverside,CA,Passenger,4,1,5,642,647,0.77
January 31 2020,Saginaw,MI,Passenger,1,0,1,11,12,8.33
January 31 2020,San Juan,WA,Truck,0,0,0,5929,5929,0.00
January 31 2020,Solano,CA,Passenger,1,0,1,212,213,0.47
January 31 2020,Stafford,VA,Passenger,1,1,2,92,94,2.13
January 31 2020,Dakota,MN,Passenger,0,1,1,33,34,2.94
January 31 2020,Fairfax,VA,Passenger,4,2,6,760,766,0.78
January 31 2020,Ferry,WA,Passenger,5,2,7,4381,4388,0.16
January 31 2020,Grant,WA,Truck,0,0,0,27037,27037,0.00
January 31 2020,Yakima,WA,Passenger,120,115,235,166251,166486,0.14
February 29 2020,Ada,ID,Passenger,0,1,1,287,288,0.35
February 29 2020,Boone,MO,Passenger,0,1,1,11,12,8.33
February 29 2020,Calvert,MD,Passenger,0,2,2,90,92,2.17
February 29 2020,Camden,NJ,Passenger,0,2,2,21,23,8.70
February 29 2020,Clackamas,OR,Passenger,2,1,3,219,222,1.35
January 31 2020,Tulsa,OK,Passenger,1,1,2,47,49,4.08
January 31 2020,Valencia,NM,Passenger,1,0,1,5,6,16.67
February 29 2020,Allegheny,PA,Passenger,1,0,1,71,72,1.39
February 29 2020,Arlington,VA,Passenger,0,2,2,155,157,1.27
February 29 2020,Benton,WA,Truck,0,0,0,42571,42571,0.00
February 29 2020,,,Passenger,5,1,6,422,428,1.40
February 29 2020,Albemarle,VA,Passenger,1,0,1,26,27,3.70
February 29 2020,Benton,WA,Passenger,338,320,658,135320,135978,0.48
February 29 2020,Bexar,TX,Passenger,2,5,7,634,641,1.09
February 29 2020,Ramsey,MN,Passenger,1,0,1,40,41,2.44
February 29 2020,Sacramento,CA,Passenger,1,0,1,281,282,0.35
February 29 2020,San Francisco,CA,Passenger,2,1,3,99,102,2.94
February 29 2020,Santa Rosa,FL,Passenger,1,0,1,86,87,1.15
February 29 2020,Skamania,WA,Truck,0,0,0,4103,4103,0.00
February 29 2020,St. Mary's,MD,Passenger,1,0,1,219,220,0.45
February 29 2020,Sumter,FL,Passenger,0,1,1,9,10,10.00
February 29 2020,Thurston,WA,Truck,0,0,0,55720,55720,0.00
February 29 2020,Travis,TX,Passenger,2,1,3,188,191,1.57
February 29 2020,Walla Walla,WA,Passenger,68,62,130,36315,36445,0.36
February 29 2020,Walla Walla,WA,Truck,0,0,0,13700,13700,0.00
January 31 2020,Lewis,WA,Passenger,109,104,213,59603,59816,0.36
January 31 2020,Lincoln,WA,Truck,0,0,0,4671,4671,0.00
January 31 2020,Mason,WA,Truck,0,0,0,20564,20564,0.00
January 31 2020,Monroe,IL,Passenger,1,0,1,4,5,20.00
January 31 2020,Montgomery,AL,Passenger,0,1,1,42,43,2.33
January 31 2020,Norfolk,VA,Passenger,2,2,4,359,363,1.10
January 31 2020,Nueces,TX,Passenger,1,0,1,84,85,1.18
November 30 2019,Skamania,WA,Passenger,26,19,45,8791,8836,0.51
November 30 2019,Tulsa,OK,Passenger,1,1,2,47,49,4.08
November 30 2019,Wahkiakum,WA,Passenger,4,3,7,3038,3045,0.23
November 30 2019,Walla Walla,WA,Passenger,64,61,125,36285,36410,0.34
December 31 2019,Adams,WA,Truck,0,0,0,5198,5198,0.00
December 31 2019,Anne Arundel,MD,Passenger,1,2,3,435,438,0.68
February 29 2020,Prince George's,MD,Passenger,1,1,2,169,171,1.17
February 29 2020,Randolph,NC,Passenger,1,0,1,7,8,12.50
February 29 2020,San Joaquin,CA,Passenger,1,0,1,135,136,0.74
February 29 2020,San Mateo,CA,Passenger,0,1,1,117,118,0.85
February 29 2020,Shelby,OH,Passenger,0,1,1,1,2,50.00
February 29 2020,Skagit,WA,Passenger,379,215,594,92471,93065,0.64
February 29 2020,Skagit,WA,Truck,1,0,1,32562,32563,0.00
February 29 2020,Spokane,WA,Passenger,696,469,1165,317583,318748,0.37
February 29 2020,Spokane,WA,Truck,1,0,1,97167,97168,0.00
February 29 2020,Stevens,WA,Passenger,33,33,66,31446,31512,0.21
January 31 2020,Island,WA,Truck,1,0,1,21351,21352,0.00
January 31 2020,Juneau,AK,Passenger,0,2,2,30,32,6.25
January 31 2020,Kootenai,ID,Passenger,1,1,2,230,232,0.86
January 31 2020,Larimer,CO,Passenger,1,0,1,57,58,1.72
January 31 2020,Montgomery,OH,Passenger,0,1,1,50,51,1.96
February 29 2020,Whatcom,WA,Truck,3,0,3,43146,43149,0.01
March 31 2020,Alexandria,VA,Passenger,1,0,1,143,144,0.69
February 29 2020,Contra Costa,CA,Passenger,3,2,5,337,342,1.46
February 29 2020,DeKalb,IN,Passenger,1,0,1,1,2,50.00
February 29 2020,Douglas,WA,Passenger,69,40,109,28274,28383,0.38
February 29 2020,Ferry,WA,Truck,0,0,0,3581,3581,0.00
February 29 2020,Franklin,WA,Passenger,58,76,134,61131,61265,0.22
February 29 2020,Hennepin,MN,Passenger,3,1,4,97,101,3.96
January 31 2020,Putnam,TN,Passenger,0,1,1,3,4,25.00
January 31 2020,Santa Cruz,CA,Passenger,1,0,1,35,36,2.78
January 31 2020,Sarasota,FL,Passenger,2,0,2,26,28,7.14
January 31 2020,Snohomish,WA,Passenger,4244,1718,5962,537915,543877,1.10
January 31 2020,Spartanburg,SC,Passenger,0,1,1,43,44,2.27
January 31 2020,Sumter,FL,Passenger,0,1,1,9,10,10.00
February 29 2020,Cochise,AZ,Passenger,0,1,1,102,103,0.97
February 29 2020,Cowlitz,WA,Truck,0,0,0,28995,28995,0.00
February 29 2020,Deschutes,OR,Passenger,3,0,3,139,142,2.11
February 29 2020,Frederick,MD,Passenger,1,1,2,81,83,2.41
February 29 2020,Garfield,WA,Passenger,0,1,1,1349,1350,0.07
February 29 2020,Grant,WA,Passenger,58,70,128,65571,65699,0.19
February 29 2020,Carson City,NV,Passenger,1,0,1,10,11,9.09
February 29 2020,Charleston,SC,Passenger,1,0,1,108,109,0.92
February 29 2020,Clallam,WA,Truck,1,0,1,21836,21837,0.00
February 29 2020,Clark,WA,Passenger,1970,1058,3028,320556,323584,0.94
February 29 2020,Cumberland,NC,Passenger,0,2,2,484,486,0.41
February 29 2020,District of Columbia,DC,Passenger,1,1,2,202,204,0.98
February 29 2020,Fresno,CA,Passenger,1,0,1,189,190,0.53
February 29 2020,Fulton,GA,Passenger,1,2,3,104,107,2.80
January 31 2020,New Haven,CT,Passenger,0,2,2,45,47,4.26
January 31 2020,Oldham,KY,Passenger,0,1,1,4,5,20.00
January 31 2020,Pierce,WA,Truck,0,0,0,141338,141338,0.00
January 31 2020,Polk,FL,Passenger,1,0,1,65,66,1.52
January 31 2020,Sacramento,CA,Passenger,1,0,1,287,288,0.35
January 31 2020,San Mateo,CA,Passenger,1,1,2,117,119,1.68
January 31 2020,Shelby,OH,Passenger,0,1,1,1,2,50.00
January 31 2020,Shelby,TN,Passenger,0,1,1,96,97,1.03
January 31 2020,Skagit,WA,Truck,1,0,1,32596,32597,0.00
December 31 2019,Benton,WA,Truck,0,0,0,42487,42487,0.00
December 31 2019,Chelan,WA,Truck,0,0,0,22548,22548,0.00
December 31 2019,Clark,WA,Truck,0,0,0,81319,81319,0.00
December 31 2019,Denver,CO,Passenger,1,0,1,128,129,0.78
December 31 2019,El Paso,TX,Passenger,3,0,3,458,461,0.65
February 29 2020,Washington,OR,Passenger,1,0,1,458,459,0.22
February 29 2020,Whitman,WA,Passenger,42,48,90,22621,22711,0.40
February 29 2020,Williams,ND,Passenger,0,1,1,13,14,7.14
March 31 2020,Adams,WA,Truck,0,0,0,5219,5219,0.00
March 31 2020,Asotin,WA,Passenger,16,12,28,12597,12625,0.22
March 31 2020,Bexar,TX,Passenger,2,5,7,619,626,1.12
March 31 2020,Broward,FL,Passenger,3,1,4,116,120,3.33
February 29 2020,Juneau,AK,Passenger,0,2,2,32,34,5.88
February 29 2020,Kittitas,WA,Passenger,94,49,143,30016,30159,0.47
February 29 2020,Klamath,OR,Passenger,1,0,1,34,35,2.86
February 29 2020,Lincoln,WA,Truck,0,0,0,4658,4658,0.00
February 29 2020,Maui,HI,Passenger,1,0,1,36,37,2.70
February 29 2020,Houston,GA,Passenger,1,0,1,58,59,1.69
February 29 2020,King,WA,Passenger,23450,7675,31125,1400371,1431496,2.17
February 29 2020,Montgomery,AL,Passenger,0,1,1,42,43,2.33
February 29 2020,New Haven,CT,Passenger,0,2,2,43,45,4.44
December 31 2019,Garfield,WA,Truck,0,0,0,969,969,0.00
December 31 2019,Goochland,VA,Passenger,2,1,3,259,262,1.15
December 31 2019,Greene,MO,Passenger,0,1,1,31,32,3.12
December 31 2019,Guadalupe,TX,Passenger,1,0,1,66,67,1.49
December 31 2019,Harnett,NC,Passenger,1,1,2,209,211,0.95
December 31 2019,Honolulu,HI,Passenger,4,2,6,485,491,1.22
December 31 2019,Jefferson,CO,Passenger,0,2,2,60,62,3.23
December 31 2019,Lake,FL,Passenger,1,0,1,22,23,4.35
January 31 2020,Thurston,WA,Truck,0,0,0,55763,55763,0.00
January 31 2020,Wahkiakum,WA,Passenger,4,5,9,3035,3044,0.30
February 29 2020,Adams,WA,Truck,0,0,0,5221,5221,0.00
February 29 2020,Alameda,CA,Passenger,3,1,4,281,285,1.40
February 29 2020,Anne Arundel,MD,Passenger,1,2,3,425,428,0.70
March 31 2020,Cochise,AZ,Passenger,0,1,1,102,103,0.97
March 31 2020,Contra Costa,CA,Passenger,3,2,5,333,338,1.48
March 31 2020,Dallas,TX,Passenger,1,0,1,203,204,0.49
March 31 2020,Denton,TX,Passenger,1,0,1,93,94,1.06
March 31 2020,Douglas,WA,Passenger,71,40,111,28177,28288,0.39
March 31 2020,Frederick,MD,Passenger,1,1,2,79,81,2.47
March 31 2020,Grant,WA,Passenger,58,71,129,65494,65623,0.20
March 31 2020,Grant,WA,Truck,0,0,0,27058,27058,0.00
March 31 2020,Grays Harbor,WA,Truck,0,0,0,20786,20786,0.00
February 29 2020,Manassas,VA,Passenger,0,1,1,5,6,16.67
February 29 2020,Okanogan,WA,Truck,0,0,0,16494,16494,0.00
February 29 2020,Powhatan,VA,Passenger,1,0,1,0,1,100.00
March 31 2020,Clallam,WA,Truck,1,0,1,21814,21815,0.00
March 31 2020,DuPage,IL,Passenger,3,0,3,62,65,4.62
March 31 2020,El Paso,CO,Passenger,2,0,2,745,747,0.27
March 31 2020,Garfield,WA,Passenger,0,1,1,1350,1351,0.07
March 31 2020,Juneau,AK,Passenger,0,2,2,31,33,6.06
March 31 2020,Lee,FL,Passenger,1,0,1,51,52,1.92
March 31 2020,Maui,HI,Passenger,1,0,1,34,35,2.86
February 29 2020,Goochland,VA,Passenger,2,1,3,257,260,1.15
February 29 2020,Grays Harbor,WA,Passenger,109,108,217,48372,48589,0.45
February 29 2020,Harris,TX,Passenger,1,0,1,235,236,0.42
February 29 2020,Jefferson,NY,Passenger,0,1,1,220,221,0.45
February 29 2020,Kent,MI,Passenger,0,1,1,23,24,4.17
February 29 2020,Lake,IL,Passenger,1,0,1,162,163,0.61
February 29 2020,Lewis,WA,Passenger,108,105,213,59584,59797,0.36
February 29 2020,Lewis,WA,Truck,0,0,0,26102,26102,0.00
February 29 2020,Carroll,NH,Passenger,0,1,1,4,5,20.00
February 29 2020,Charles,MD,Passenger,0,1,1,77,78,1.28
February 29 2020,Clark,WA,Truck,0,0,0,81983,81983,0.00
February 29 2020,Clay,FL,Passenger,0,1,1,86,87,1.15
February 29 2020,Denton,TX,Passenger,1,0,1,90,91,1.10
February 29 2020,Douglas,NE,Passenger,0,1,1,57,58,1.72
February 29 2020,DuPage,IL,Passenger,3,0,3,63,66,4.55
December 31 2019,Nassau,NY,Passenger,4,0,4,39,43,9.30
December 31 2019,Okanogan,WA,Passenger,30,30,60,26237,26297,0.23
December 31 2019,Oklahoma,OK,Passenger,0,1,1,128,129,0.78
December 31 2019,Osceola,FL,Passenger,1,0,1,42,43,2.33
December 31 2019,Penobscot,ME,Passenger,0,1,1,13,14,7.14
February 29 2020,Richmond,GA,Passenger,0,1,1,93,94,1.06
February 29 2020,Shasta,CA,Passenger,1,0,1,36,37,2.70
February 29 2020,Shelby,TN,Passenger,0,1,1,93,94,1.06
February 29 2020,Suffolk,MA,Passenger,0,1,1,38,39,2.56
February 29 2020,Tarrant,TX,Passenger,2,0,2,187,189,1.06
February 29 2020,Ulster,NY,Passenger,1,0,1,8,9,11.11
February 29 2020,Virginia Beach,VA,Passenger,1,0,1,700,701,0.14
February 29 2020,Greene,MO,Passenger,0,1,1,30,31,3.23
February 29 2020,Jefferson,CO,Passenger,0,1,1,62,63,1.59
February 29 2020,Kitsap,WA,Truck,1,0,1,54400,54401,0.00
February 29 2020,Lee,FL,Passenger,1,0,1,52,53,1.89
February 29 2020,Loudoun,VA,Passenger,1,0,1,91,92,1.09
February 29 2020,San Diego,CA,Passenger,11,6,17,2797,2814,0.60
February 29 2020,San Juan,WA,Passenger,279,82,361,14330,14691,2.46
February 29 2020,Santa Clara,CA,Passenger,7,2,9,336,345,2.61
February 29 2020,Sedgwick,KS,Passenger,1,1,2,95,97,2.06
February 29 2020,St. Clair,IL,Passenger,1,0,1,143,144,0.69
February 29 2020,Thurston,WA,Passenger,1109,724,1833,198998,200831,0.91
February 29 2020,Tuolumne,CA,Passenger,0,1,1,10,11,9.09
March 31 2020,Middlesex,MA,Passenger,1,1,2,107,109,1.83
March 31 2020,New Haven,CT,Passenger,0,2,2,41,43,4.65
March 31 2020,Pend Oreille,WA,Truck,0,0,0,5758,5758,0.00
March 31 2020,Placer,CA,Passenger,2,0,2,93,95,2.11
March 31 2020,RÃ­o Grande,PR,Passenger,1,0,1,1,2,50.00
March 31 2020,Ramsey,MN,Passenger,1,0,1,40,41,2.44
March 31 2020,Harrison,MS,Passenger,1,0,1,61,62,1.61
March 31 2020,Kent,MI,Passenger,0,1,1,23,24,4.17
March 31 2020,Kitsap,WA,Truck,1,0,1,54221,54222,0.00
March 31 2020,Lake,IL,Passenger,1,0,1,164,165,0.61
March 31 2020,Lewis,WA,Passenger,105,108,213,59211,59424,0.36
December 31 2019,Pinellas,FL,Passenger,1,1,2,109,111,1.80
December 31 2019,Queens,NY,Passenger,1,0,1,52,53,1.89
December 31 2019,Richland,SC,Passenger,0,1,1,162,163,0.61
December 31 2019,Stevens,WA,Truck,0,0,0,18760,18760,0.00
December 31 2019,Twin Falls,ID,Passenger,0,1,1,28,29,3.45
December 31 2019,Vigo,IN,Passenger,1,0,1,6,7,14.29
December 31 2019,Wahkiakum,WA,Truck,0,0,0,1754,1754,0.00
January 31 2020,Spokane,WA,Passenger,684,467,1151,316777,317928,0.36
January 31 2020,St. Clair,IL,Passenger,1,0,1,145,146,0.68
January 31 2020,Stevens,WA,Passenger,33,32,65,31501,31566,0.21
January 31 2020,Travis,TX,Passenger,2,1,3,192,195,1.54
January 31 2020,Walla Walla,WA,Passenger,65,61,126,36354,36480,0.35
January 31 2020,Whatcom,WA,Truck,3,0,3,43229,43232,0.01
January 31 2020,Whitman,WA,Passenger,42,48,90,22664,22754,0.40
January 31 2020,Yakima,WA,Truck,0,0,0,59641,59641,0.00
February 29 2020,Asotin,WA,Passenger,16,11,27,12672,12699,0.21
March 31 2020,Manassas,VA,Passenger,0,1,1,4,5,20.00
March 31 2020,Nueces,TX,Passenger,1,0,1,83,84,1.19
March 31 2020,Okanogan,WA,Truck,0,0,0,16454,16454,0.00
March 31 2020,Owyhee,ID,Passenger,1,0,1,3,4,25.00
March 31 2020,Adams,WA,Passenger,7,7,14,12891,12905,0.11
March 31 2020,Arapahoe,CO,Passenger,1,0,1,142,143,0.70
March 31 2020,Cape May,NJ,Passenger,0,1,1,13,14,7.14
March 31 2020,Clark,WA,Passenger,1983,1061,3044,320301,323345,0.94
February 29 2020,Osceola,FL,Passenger,1,0,1,41,42,2.38
February 29 2020,Pend Oreille,WA,Passenger,8,7,15,9454,9469,0.16
February 29 2020,RÃ­o Grande,PR,Passenger,1,0,1,1,2,50.00
February 29 2020,Richland,SC,Passenger,0,1,1,165,166,0.60
February 29 2020,Los Angeles,CA,Passenger,8,11,19,1038,1057,1.80
February 29 2020,Maricopa,AZ,Passenger,8,7,15,1469,1484,1.01
February 29 2020,Mason,WA,Passenger,150,136,286,47602,47888,0.60
February 29 2020,Mason,WA,Truck,0,0,0,20602,20602,0.00
February 29 2020,Newport,RI,Passenger,1,0,1,85,86,1.16
February 29 2020,Norfolk,VA,Passenger,2,2,4,358,362,1.10
February 29 2020,Nueces,TX,Passenger,1,0,1,83,84,1.19
December 31 2019,Walla Walla,WA,Truck,0,0,0,13663,13663,0.00
December 31 2019,Washoe,NV,Passenger,1,0,1,108,109,0.92
December 31 2019,Whitman,WA,Truck,0,0,0,8579,8579,0.00
December 31 2019,Williamson,TX,Passenger,0,2,2,143,145,1.38
January 31 2020,Allegheny,PA,Passenger,1,0,1,72,73,1.37
February 29 2020,Brevard,FL,Passenger,0,1,1,87,88,1.14
February 29 2020,Denver,CO,Passenger,1,0,1,128,129,0.78
February 29 2020,Douglas,WA,Truck,0,0,0,12317,12317,0.00
February 29 2020,El Paso,CO,Passenger,2,0,2,751,753,0.27
February 29 2020,El Paso,TX,Passenger,3,0,3,446,449,0.67
March 31 2020,San Diego,CA,Passenger,12,6,18,2799,2817,0.64
March 31 2020,Skamania,WA,Passenger,29,17,46,8718,8764,0.52
March 31 2020,St. Clair,IL,Passenger,1,0,1,142,143,0.70
March 31 2020,Walla Walla,WA,Passenger,68,63,131,36238,36369,0.36
March 31 2020,DeKalb,GA,Passenger,1,0,1,81,82,1.22
March 31 2020,District of Columbia,DC,Passenger,1,1,2,203,205,0.98
March 31 2020,Fairfax,VA,Passenger,4,3,7,752,759,0.92
March 31 2020,Ferry,WA,Passenger,5,3,8,4365,4373,0.18
March 31 2020,Fresno,CA,Passenger,1,0,1,188,189,0.53
March 31 2020,Howard,MD,Passenger,0,1,1,72,73,1.37
February 29 2020,Skamania,WA,Passenger,28,18,46,8775,8821,0.52
February 29 2020,Solano,CA,Passenger,1,0,1,215,216,0.46
February 29 2020,Tulsa,OK,Passenger,1,1,2,47,49,4.08
February 29 2020,Whatcom,WA,Passenger,1042,487,1529,151627,153156,1.00
February 29 2020,Yakima,WA,Truck,0,0,0,59627,59627,0.00
March 31 2020,Alameda,CA,Passenger,3,1,4,279,283,1.41
March 31 2020,Arlington,VA,Passenger,0,2,2,156,158,1.27
March 31 2020,Asotin,WA,Truck,0,0,0,6665,6665,0.00
March 31 2020,Charles,MD,Passenger,0,1,1,75,76,1.32
March 31 2020,Charleston,SC,Passenger,1,0,1,109,110,0.91
March 31 2020,Chelan,WA,Passenger,220,79,299,54484,54783,0.55
March 31 2020,Chesapeake,VA,Passenger,0,2,2,432,434,0.46
March 31 2020,Clallam,WA,Passenger,214,166,380,50661,51041,0.74
March 31 2020,Clay,FL,Passenger,0,1,1,84,85,1.18
March 31 2020,Prince George's,MD,Passenger,1,1,2,166,168,1.19
March 31 2020,Snohomish,WA,Passenger,4370,1757,6127,537423,543550,1.13
March 31 2020,Spokane,WA,Passenger,704,473,1177,318008,319185,0.37
March 31 2020,St. Louis,MO,Passenger,1,0,1,100,101,0.99
March 31 2020,Ulster,NY,Passenger,1,0,1,8,9,11.11
February 29 2020,Putnam,TN,Passenger,0,1,1,3,4,25.00
February 29 2020,Santa Cruz,CA,Passenger,1,0,1,37,38,2.63
February 29 2020,Sarasota,FL,Passenger,2,0,2,27,29,6.90
February 29 2020,Snohomish,WA,Passenger,4302,1729,6031,538158,544189,1.11
February 29 2020,Snohomish,WA,Truck,0,0,0,123728,123728,0.00
February 29 2020,Spartanburg,SC,Passenger,0,1,1,45,46,2.17
February 29 2020,Twin Falls,ID,Passenger,0,1,1,29,30,3.33
February 29 2020,Garfield,WA,Truck,0,0,0,965,965,0.00
February 29 2020,Guadalupe,TX,Passenger,1,0,1,66,67,1.49
February 29 2020,Jefferson,WA,Passenger,230,139,369,25173,25542,1.44
February 29 2020,King,WA,Truck,6,1,7,182616,182623,0.00
February 29 2020,Lake,FL,Passenger,1,0,1,22,23,4.35
January 31 2020,Carson City,NV,Passenger,1,0,1,9,10,10.00
January 31 2020,Clackamas,OR,Passenger,2,1,3,215,218,1.38
January 31 2020,Columbia,WA,Passenger,3,3,6,2447,2453,0.24
January 31 2020,Contra Costa,CA,Passenger,3,2,5,342,347,1.44
January 31 2020,Cumberland,NC,Passenger,0,2,2,494,496,0.40
January 31 2020,Fairbanks North Star,AK,Passenger,0,1,1,104,105,0.95
January 31 2020,Ferry,WA,Truck,0,0,0,3586,3586,0.00
January 31 2020,Franklin,WA,Passenger,57,76,133,61095,61228,0.22
March 31 2020,Franklin,WA,Truck,0,0,0,19901,19901,0.00
March 31 2020,Hamilton,IN,Passenger,1,0,1,41,42,2.38
March 31 2020,Island,WA,Passenger,406,269,675,63245,63920,1.06
March 31 2020,Kitsap,WA,Passenger,1299,674,1973,181795,183768,1.07
March 31 2020,Klickitat,WA,Truck,0,0,0,8274,8274,0.00
March 31 2020,Larimer,CO,Passenger,1,0,1,56,57,1.75
March 31 2020,Monroe,IL,Passenger,1,0,1,4,5,20.00
March 31 2020,Montgomery,OH,Passenger,0,1,1,46,47,2.13
March 31 2020,Moore,NC,Passenger,0,1,1,165,166,0.60
March 31 2020,Washtenaw,MI,Passenger,1,0,1,36,37,2.70
April 30 2020,Ada,ID,Passenger,0,1,1,282,283,0.35
April 30 2020,Adams,WA,Truck,0,0,0,5206,5206,0.00
April 30 2020,Albemarle,VA,Passenger,1,0,1,22,23,4.35
April 30 2020,Anne Arundel,MD,Passenger,0,1,1,415,416,0.24
April 30 2020,Bexar,TX,Passenger,2,5,7,612,619,1.13
April 30 2020,Calvert,MD,Passenger,0,2,2,89,91,2.20
March 31 2020,Anne Arundel,MD,Passenger,1,1,2,425,427,0.47
March 31 2020,Chelan,WA,Truck,0,0,0,22551,22551,0.00
March 31 2020,Clackamas,OR,Passenger,2,1,3,214,217,1.38
March 31 2020,Columbia,WA,Passenger,3,3,6,2416,2422,0.25
March 31 2020,Cowlitz,WA,Passenger,134,114,248,73173,73421,0.34
March 31 2020,Yakima,WA,Passenger,124,116,240,165843,166083,0.14
April 30 2020,Benton,WA,Passenger,348,321,669,134563,135232,0.49
April 30 2020,Brevard,FL,Passenger,0,1,1,85,86,1.16
April 30 2020,Cascade,MT,Passenger,0,1,1,56,57,1.75
April 30 2020,Chelan,WA,Truck,0,0,0,22461,22461,0.00
April 30 2020,Columbia,WA,Passenger,3,3,6,2407,2413,0.25
April 30 2020,Columbia,WA,Truck,0,0,0,1524,1524,0.00
April 30 2020,Cowlitz,WA,Truck,0,0,0,28765,28765,0.00
April 30 2020,Dakota,MN,Passenger,0,1,1,32,33,3.03
February 29 2020,Lincoln,WA,Passenger,1,12,13,7782,7795,0.17
February 29 2020,Montgomery,PA,Passenger,2,0,2,35,37,5.41
February 29 2020,Owyhee,ID,Passenger,1,0,1,3,4,25.00
February 29 2020,Pacific,WA,Passenger,30,32,62,16074,16136,0.38
February 29 2020,Palm Beach,FL,Passenger,0,1,1,80,81,1.23
February 29 2020,Penobscot,ME,Passenger,0,1,1,15,16,6.25
February 29 2020,Pinal,AZ,Passenger,1,0,1,195,196,0.51
February 29 2020,Vigo,IN,Passenger,1,0,1,5,6,16.67
February 29 2020,Wahkiakum,WA,Passenger,5,5,10,3017,3027,0.33
February 29 2020,Wahkiakum,WA,Truck,0,0,0,1762,1762,0.00
February 29 2020,Washoe,NV,Passenger,1,0,1,109,110,0.91
February 29 2020,Washtenaw,MI,Passenger,1,0,1,40,41,2.44
February 29 2020,Wayne,MI,Passenger,0,1,1,60,61,1.64
March 31 2020,,,Passenger,6,1,7,416,423,1.65
March 31 2020,Boone,MO,Passenger,0,1,1,12,13,7.69
March 31 2020,Boulder,CO,Passenger,0,1,1,47,48,2.08
March 31 2020,Brevard,FL,Passenger,0,1,1,85,86,1.16
March 31 2020,Bucks,PA,Passenger,1,0,1,20,21,4.76
March 31 2020,Oldham,KY,Passenger,0,1,1,4,5,20.00
March 31 2020,Orange,CA,Passenger,7,2,9,509,518,1.74
March 31 2020,Pima,AZ,Passenger,3,1,4,362,366,1.09
March 31 2020,Polk,FL,Passenger,1,0,1,68,69,1.45
March 31 2020,Riverside,CA,Passenger,3,1,4,639,643,0.62
March 31 2020,Sacramento,CA,Passenger,1,0,1,274,275,0.36
March 31 2020,San Mateo,CA,Passenger,0,1,1,115,116,0.86
March 31 2020,Sarasota,FL,Passenger,2,0,2,26,28,7.14
March 31 2020,Shelby,OH,Passenger,0,1,1,1,2,50.00
March 31 2020,Stafford,VA,Passenger,1,1,2,90,92,2.17
April 30 2020,DeKalb,IN,Passenger,1,0,1,1,2,50.00
April 30 2020,Erie,NY,Passenger,1,0,1,45,46,2.17
April 30 2020,Garfield,WA,Passenger,0,1,1,1340,1341,0.07
April 30 2020,Garfield,WA,Truck,0,0,0,968,968,0.00
April 30 2020,Guadalupe,TX,Passenger,1,0,1,65,66,1.52
April 30 2020,Harnett,NC,Passenger,1,0,1,204,205,0.49
March 31 2020,Jones,GA,Passenger,1,0,1,1,2,50.00
March 31 2020,Kern,CA,Passenger,0,1,1,222,223,0.45
March 31 2020,King,WA,Truck,5,1,6,182424,182430,0.00
March 31 2020,Kittitas,WA,Truck,0,0,0,14618,14618,0.00
March 31 2020,Loudoun,VA,Passenger,1,0,1,90,91,1.10
March 31 2020,Mason,WA,Passenger,153,136,289,47518,47807,0.60
March 31 2020,Montgomery,TX,Passenger,1,0,1,53,54,1.85
February 29 2020,Prince William,VA,Passenger,2,3,5,233,238,2.10
February 29 2020,Queens,NY,Passenger,1,0,1,53,54,1.85
February 29 2020,Rockingham,NH,Passenger,1,0,1,29,30,3.33
February 29 2020,Rogers,OK,Passenger,1,0,1,6,7,14.29
February 29 2020,Stevens,WA,Truck,0,0,0,18755,18755,0.00
April 30 2020,Denver,CO,Passenger,1,0,1,122,123,0.81
April 30 2020,El Paso,TX,Passenger,3,0,3,438,441,0.68
April 30 2020,Fairbanks North Star,AK,Passenger,0,1,1,101,102,0.98
April 30 2020,Gwinnett,GA,Passenger,1,0,1,73,74,1.35
April 30 2020,Island,WA,Truck,1,0,1,21146,21147,0.00
January 31 2020,Grays Harbor,WA,Passenger,105,105,210,48503,48713,0.43
January 31 2020,Harrison,MS,Passenger,1,0,1,62,63,1.59
January 31 2020,Hennepin,MN,Passenger,3,1,4,100,104,3.85
January 31 2020,Kittitas,WA,Passenger,93,47,140,30083,30223,0.46
January 31 2020,Klamath,OR,Passenger,1,0,1,33,34,2.94
January 31 2020,Klickitat,WA,Passenger,48,39,87,15683,15770,0.55
January 31 2020,Lake,IL,Passenger,1,0,1,159,160,0.62
January 31 2020,Lewis,WA,Truck,0,0,0,26099,26099,0.00
March 31 2020,Denver,CO,Passenger,1,0,1,123,124,0.81
March 31 2020,El Paso,TX,Passenger,3,0,3,442,445,0.67
March 31 2020,Erie,NY,Passenger,1,0,1,45,46,2.17
March 31 2020,Fairbanks North Star,AK,Passenger,0,1,1,101,102,0.98
March 31 2020,Ferry,WA,Truck,0,0,0,3564,3564,0.00
March 31 2020,Flathead,MT,Passenger,1,0,1,65,66,1.52
March 31 2020,Franklin,WA,Passenger,58,77,135,61020,61155,0.22
March 31 2020,Harnett,NC,Passenger,1,1,2,208,210,0.95
March 31 2020,Hawaii,HI,Passenger,1,0,1,60,61,1.64
March 31 2020,Honolulu,HI,Passenger,4,2,6,471,477,1.26
March 31 2020,Camden,NJ,Passenger,0,2,2,20,22,9.09
March 31 2020,Clark,NV,Passenger,3,3,6,685,691,0.87
March 31 2020,Collin,TX,Passenger,1,1,2,128,130,1.54
March 31 2020,Columbia,WA,Truck,0,0,0,1533,1533,0.00
March 31 2020,Deschutes,OR,Passenger,3,0,3,142,145,2.07
March 31 2020,Douglas,WA,Truck,0,0,0,12330,12330,0.00
March 31 2020,Duval,FL,Passenger,0,2,2,366,368,0.54
February 29 2020,Whitman,WA,Truck,0,0,0,8555,8555,0.00
February 29 2020,Williamson,TX,Passenger,0,2,2,140,142,1.41
February 29 2020,Wilson,TX,Passenger,0,1,1,7,8,12.50
March 31 2020,Allegheny,PA,Passenger,1,0,1,72,73,1.37
March 31 2020,Benton,WA,Truck,0,0,0,42518,42518,0.00
March 31 2020,Carroll,NH,Passenger,0,1,1,4,5,20.00
March 31 2020,Carson City,NV,Passenger,1,0,1,11,12,8.33
April 30 2020,Honolulu,HI,Passenger,4,2,6,462,468,1.28
April 30 2020,Houston,GA,Passenger,1,0,1,58,59,1.69
April 30 2020,Jefferson,CO,Passenger,0,1,1,60,61,1.64
April 30 2020,King,WA,Passenger,24089,7696,31785,1386096,1417881,2.24
April 30 2020,Lincoln,WA,Truck,0,0,0,4627,4627,0.00
January 31 2020,Los Angeles,CA,Passenger,8,11,19,1056,1075,1.77
January 31 2020,Maricopa,AZ,Passenger,7,7,14,1479,1493,0.94
January 31 2020,Maui,HI,Passenger,1,0,1,37,38,2.63
March 31 2020,Stevens,WA,Passenger,33,33,66,31264,31330,0.21
March 31 2020,Suffolk,VA,Passenger,1,0,1,123,124,0.81
March 31 2020,Sumter,FL,Passenger,0,1,1,9,10,10.00
March 31 2020,Thurston,WA,Truck,0,0,0,55685,55685,0.00
March 31 2020,Travis,TX,Passenger,2,1,3,186,189,1.59
March 31 2020,Whitman,WA,Passenger,42,46,88,22485,22573,0.39
April 30 2020,Alameda,CA,Passenger,3,1,4,276,280,1.43
April 30 2020,Arlington,VA,Passenger,0,2,2,151,153,1.31
March 31 2020,Jefferson,CO,Passenger,0,1,1,59,60,1.67
March 31 2020,Klamath,OR,Passenger,1,0,1,33,34,2.94
March 31 2020,Klickitat,WA,Passenger,51,41,92,15597,15689,0.59
April 30 2020,Klickitat,WA,Truck,0,0,0,8194,8194,0.00
April 30 2020,Kootenai,ID,Passenger,1,0,1,223,224,0.45
April 30 2020,Lake,FL,Passenger,1,0,1,21,22,4.55
April 30 2020,Montgomery,OH,Passenger,0,1,1,46,47,2.13
April 30 2020,Pacific,WA,Passenger,30,34,64,15840,15904,0.40
March 31 2020,New London,CT,Passenger,1,2,3,250,253,1.19
March 31 2020,Newport,RI,Passenger,1,0,1,81,82,1.22
March 31 2020,Pierce,WA,Passenger,2312,1694,4006,551194,555200,0.72
March 31 2020,Portsmouth,VA,Passenger,0,1,1,80,81,1.23
March 31 2020,Saginaw,MI,Passenger,1,0,1,11,12,8.33
March 31 2020,San Juan,WA,Truck,0,0,0,5933,5933,0.00
March 31 2020,Skagit,WA,Passenger,391,216,607,92160,92767,0.65
March 31 2020,Clark,WA,Truck,0,0,0,82050,82050,0.00
March 31 2020,Cumberland,NC,Passenger,0,2,2,487,489,0.41
March 31 2020,Douglas,NE,Passenger,0,1,1,56,57,1.75
March 31 2020,Fort Bend,TX,Passenger,1,0,1,47,48,2.08
March 31 2020,Garfield,WA,Truck,0,0,0,976,976,0.00
March 31 2020,Goochland,VA,Passenger,2,1,3,255,258,1.16
March 31 2020,Gwinnett,GA,Passenger,1,0,1,74,75,1.33
March 31 2020,Jefferson,WA,Passenger,234,141,375,25072,25447,1.47
March 31 2020,Jefferson,WA,Truck,0,0,0,9595,9595,0.00
March 31 2020,Lake,FL,Passenger,1,0,1,22,23,4.35
April 30 2020,Montgomery,AL,Passenger,0,1,1,40,41,2.44
April 30 2020,Nassau,NY,Passenger,4,0,4,33,37,10.81
April 30 2020,Okanogan,WA,Passenger,34,31,65,25892,25957,0.25
April 30 2020,Okanogan,WA,Truck,0,0,0,16380,16380,0.00
April 30 2020,Oklahoma,OK,Passenger,0,1,1,126,127,0.79
April 30 2020,Penobscot,ME,Passenger,0,1,1,15,16,6.25
April 30 2020,Queens,NY,Passenger,1,0,1,53,54,1.85
April 30 2020,Richland,SC,Passenger,0,1,1,162,163,0.61
March 31 2020,Pacific,WA,Truck,0,0,0,7712,7712,0.00
March 31 2020,Palm Beach,FL,Passenger,0,2,2,76,78,2.56
March 31 2020,Pinal,AZ,Passenger,1,0,1,191,192,0.52
March 31 2020,Powhatan,VA,Passenger,1,0,1,0,1,100.00
March 31 2020,Prince William,VA,Passenger,2,3,5,229,234,2.14
April 30 2020,Boulder,CO,Passenger,0,1,1,46,47,2.13
April 30 2020,Bucks,PA,Passenger,1,0,1,20,21,4.76
April 30 2020,Cape May,NJ,Passenger,0,1,1,13,14,7.14
April 30 2020,Charles,MD,Passenger,0,1,1,75,76,1.32
April 30 2020,Charleston,SC,Passenger,1,0,1,107,108,0.93
April 30 2020,Chelan,WA,Passenger,224,80,304,54234,54538,0.56
April 30 2020,Clallam,WA,Passenger,219,166,385,50341,50726,0.76
April 30 2020,Clark,NV,Passenger,3,3,6,677,683,0.88
April 30 2020,Clay,FL,Passenger,0,1,1,81,82,1.22
April 30 2020,Denton,TX,Passenger,1,0,1,91,92,1.09
April 30 2020,Duval,FL,Passenger,0,2,2,361,363,0.55
January 31 2020,Prince George's,MD,Passenger,1,1,2,170,172,1.16
January 31 2020,Randolph,NC,Passenger,1,0,1,7,8,12.50
January 31 2020,San Joaquin,CA,Passenger,1,0,1,136,137,0.73
January 31 2020,San Juan,WA,Passenger,265,83,348,14402,14750,2.36
January 31 2020,Santa Clara,CA,Passenger,7,2,9,345,354,2.54
January 31 2020,Sedgwick,KS,Passenger,1,1,2,95,97,2.06
January 31 2020,Snohomish,WA,Truck,0,0,0,123640,123640,0.00
January 31 2020,Spokane,WA,Truck,1,0,1,96905,96906,0.00
January 31 2020,Thurston,WA,Passenger,1093,718,1811,199314,201125,0.90
March 31 2020,Tulsa,OK,Passenger,1,1,2,44,46,4.35
March 31 2020,Valencia,NM,Passenger,1,0,1,5,6,16.67
March 31 2020,Ventura,CA,Passenger,0,3,3,299,302,0.99
March 31 2020,Wahkiakum,WA,Passenger,6,5,11,3006,3017,0.36
April 30 2020,Adams,WA,Passenger,7,7,14,12756,12770,0.11
April 30 2020,Arapahoe,CO,Passenger,1,0,1,137,138,0.72
April 30 2020,Asotin,WA,Truck,0,0,0,6615,6615,0.00
April 30 2020,Bartow,GA,Passenger,0,1,1,3,4,25.00
March 31 2020,Oklahoma,OK,Passenger,0,1,1,129,130,0.77
March 31 2020,Pacific,WA,Passenger,29,34,63,16028,16091,0.39
March 31 2020,Pinellas,FL,Passenger,1,1,2,110,112,1.79
March 31 2020,Randolph,NC,Passenger,1,0,1,7,8,12.50
March 31 2020,Richland,SC,Passenger,0,1,1,161,162,0.62
March 31 2020,San Joaquin,CA,Passenger,1,0,1,132,133,0.75
March 31 2020,San Juan,WA,Passenger,291,86,377,14281,14658,2.57
March 31 2020,Sedgwick,KS,Passenger,1,1,2,93,95,2.11
March 31 2020,Solano,CA,Passenger,1,0,1,216,217,0.46
March 31 2020,Spokane,WA,Truck,1,0,1,97464,97465,0.00
March 31 2020,Stevens,WA,Truck,0,0,0,18700,18700,0.00
April 30 2020,Pierce,WA,Truck,0,0,0,141137,141137,0.00
April 30 2020,Pinellas,FL,Passenger,1,1,2,110,112,1.79
April 30 2020,Polk,FL,Passenger,1,0,1,65,66,1.52
April 30 2020,Powhatan,VA,Passenger,1,0,1,0,1,100.00
April 30 2020,Richmond,GA,Passenger,0,1,1,90,91,1.10
April 30 2020,San Joaquin,CA,Passenger,1,0,1,130,131,0.76
April 30 2020,San Mateo,CA,Passenger,0,1,1,117,118,0.85
April 30 2020,Shasta,CA,Passenger,1,0,1,37,38,2.63
April 30 2020,Skagit,WA,Truck,1,0,1,32390,32391,0.00
April 30 2020,Spokane,WA,Truck,1,0,1,97404,97405,0.00
April 30 2020,Stevens,WA,Passenger,33,33,66,30970,31036,0.21
April 30 2020,Stevens,WA,Truck,0,0,0,18611,18611,0.00
April 30 2020,Suffolk,MA,Passenger,0,2,2,36,38,5.26
April 30 2020,Tarrant,TX,Passenger,1,0,1,178,179,0.56
January 31 2020,Tuolumne,CA,Passenger,0,1,1,11,12,8.33
January 31 2020,Washtenaw,MI,Passenger,1,0,1,41,42,2.38
January 31 2020,Wayne,MI,Passenger,0,1,1,60,61,1.64
February 29 2020,Asotin,WA,Truck,0,0,0,6693,6693,0.00
April 30 2020,Shelby,TN,Passenger,0,1,1,89,90,1.11
April 30 2020,Ulster,NY,Passenger,1,0,1,8,9,11.11
April 30 2020,Virginia Beach,VA,Passenger,1,0,1,682,683,0.15
April 30 2020,Walla Walla,WA,Truck,0,0,0,13622,13622,0.00
April 30 2020,Whitman,WA,Truck,0,0,0,8532,8532,0.00
April 30 2020,Williamson,TX,Passenger,0,2,2,137,139,1.44
April 30 2020,Chesapeake,VA,Passenger,0,2,2,427,429,0.47
April 30 2020,Clackamas,OR,Passenger,2,0,2,206,208,0.96
April 30 2020,DeKalb,GA,Passenger,1,0,1,80,81,1.23
March 31 2020,Rockingham,NH,Passenger,1,0,1,28,29,3.45
March 31 2020,Rogers,OK,Passenger,1,0,1,6,7,14.29
March 31 2020,St. Mary's,MD,Passenger,1,0,1,218,219,0.46
March 31 2020,Thurston,WA,Passenger,1131,727,1858,198629,200487,0.93
April 30 2020,Alexandria,VA,Passenger,1,0,1,141,142,0.70
April 30 2020,Fairfax,VA,Passenger,4,3,7,745,752,0.93
April 30 2020,Grant,WA,Truck,0,0,0,26999,26999,0.00
April 30 2020,Jefferson,WA,Passenger,234,142,376,24909,25285,1.49
February 29 2020,Chesapeake,VA,Passenger,0,2,2,437,439,0.46
February 29 2020,Collin,TX,Passenger,1,1,2,131,133,1.50
February 29 2020,Columbia,WA,Truck,0,0,0,1535,1535,0.00
February 29 2020,DeKalb,GA,Passenger,1,0,1,83,84,1.19
April 30 2020,Whatcom,WA,Truck,3,0,3,42832,42835,0.01
May 31 2020,Ada,ID,Passenger,0,1,1,273,274,0.36
May 31 2020,Alexandria,VA,Passenger,1,0,1,141,142,0.70
May 31 2020,Bartow,GA,Passenger,0,1,1,3,4,25.00
May 31 2020,Calvert,MD,Passenger,0,2,2,88,90,2.22
March 31 2020,Grays Harbor,WA,Passenger,107,109,216,48319,48535,0.45
March 31 2020,Greene,MO,Passenger,0,1,1,31,32,3.12
March 31 2020,Guadalupe,TX,Passenger,1,0,1,65,66,1.52
March 31 2020,Harris,TX,Passenger,1,0,1,234,235,0.43
March 31 2020,Hennepin,MN,Passenger,3,1,4,93,97,4.12
March 31 2020,Kittitas,WA,Passenger,98,49,147,30000,30147,0.49
March 31 2020,Lewis,WA,Truck,0,0,0,26030,26030,0.00
March 31 2020,Lincoln,WA,Passenger,2,12,14,7751,7765,0.18
March 31 2020,Los Angeles,CA,Passenger,7,11,18,1026,1044,1.72
March 31 2020,Maricopa,AZ,Passenger,7,7,14,1452,1466,0.95
March 31 2020,Washington,OR,Passenger,1,0,1,452,453,0.22
March 31 2020,Williams,ND,Passenger,0,1,1,13,14,7.14
April 30 2020,Allegheny,PA,Passenger,1,0,1,72,73,1.37
April 30 2020,Benton,WA,Truck,0,0,0,42484,42484,0.00
April 30 2020,Carroll,NH,Passenger,0,1,1,4,5,20.00
April 30 2020,Carson City,NV,Passenger,1,0,1,11,12,8.33
April 30 2020,King,WA,Truck,5,1,6,181524,181530,0.00
April 30 2020,Lee,FL,Passenger,1,0,1,51,52,1.92
April 30 2020,Clallam,WA,Truck,1,0,1,21693,21694,0.00
April 30 2020,Contra Costa,CA,Passenger,3,2,5,328,333,1.50
April 30 2020,Dallas,TX,Passenger,1,0,1,205,206,0.49
May 31 2020,Allegheny,PA,Passenger,1,0,1,70,71,1.41
May 31 2020,Arlington,VA,Passenger,0,2,2,149,151,1.32
May 31 2020,Carson City,NV,Passenger,1,0,1,10,11,9.09
May 31 2020,Charleston,SC,Passenger,1,0,1,107,108,0.93
May 31 2020,Chelan,WA,Passenger,228,78,306,54112,54418,0.56
May 31 2020,Clallam,WA,Passenger,222,165,387,50115,50502,0.77
May 31 2020,Clallam,WA,Truck,1,0,1,21668,21669,0.00
May 31 2020,Contra Costa,CA,Passenger,3,2,5,324,329,1.52
May 31 2020,Dallas,TX,Passenger,1,0,1,200,201,0.50
May 31 2020,Ferry,WA,Passenger,5,3,8,4331,4339,0.18
May 31 2020,Fort Bend,TX,Passenger,1,0,1,47,48,2.08
April 30 2020,Oldham,KY,Passenger,0,1,1,4,5,20.00
April 30 2020,Pinal,AZ,Passenger,1,0,1,188,189,0.53
April 30 2020,Prince William,VA,Passenger,2,3,5,223,228,2.19
April 30 2020,RÃ­o Grande,PR,Passenger,1,0,1,1,2,50.00
April 30 2020,Shelby,OH,Passenger,0,1,1,1,2,50.00
April 30 2020,Skamania,WA,Passenger,29,16,45,8617,8662,0.52
March 31 2020,Montgomery,PA,Passenger,1,0,1,35,36,2.78
March 31 2020,Multnomah,OR,Passenger,4,7,11,734,745,1.48
March 31 2020,Nassau,NY,Passenger,4,0,4,35,39,10.26
March 31 2020,Okanogan,WA,Passenger,34,31,65,26069,26134,0.25
March 31 2020,Osceola,FL,Passenger,1,0,1,41,42,2.38
March 31 2020,Pend Oreille,WA,Passenger,8,7,15,9369,9384,0.16
March 31 2020,Penobscot,ME,Passenger,0,1,1,15,16,6.25
March 31 2020,Queens,NY,Passenger,1,0,1,53,54,1.85
February 29 2020,Franklin,WA,Truck,0,0,0,19897,19897,0.00
February 29 2020,Grays Harbor,WA,Truck,0,0,0,20807,20807,0.00
February 29 2020,Jones,GA,Passenger,1,0,1,1,2,50.00
February 29 2020,Kern,CA,Passenger,0,1,1,225,226,0.44
February 29 2020,Kitsap,WA,Passenger,1275,661,1936,182311,184247,1.05
February 29 2020,Kittitas,WA,Truck,0,0,0,14646,14646,0.00
February 29 2020,Klickitat,WA,Truck,0,0,0,8302,8302,0.00
April 30 2020,Douglas,WA,Passenger,69,40,109,28019,28128,0.39
April 30 2020,Fort Bend,TX,Passenger,1,0,1,47,48,2.08
April 30 2020,Frederick,MD,Passenger,1,1,2,76,78,2.56
April 30 2020,Grant,WA,Passenger,59,71,130,65269,65399,0.20
April 30 2020,Hamilton,IN,Passenger,1,0,1,41,42,2.38
April 30 2020,Harris,TX,Passenger,1,0,1,231,232,0.43
April 30 2020,Ferry,WA,Passenger,5,3,8,4331,4339,0.18
April 30 2020,Franklin,WA,Passenger,58,76,134,60735,60869,0.22
April 30 2020,Franklin,WA,Truck,0,0,0,19844,19844,0.00
April 30 2020,Hennepin,MN,Passenger,3,1,4,90,94,4.26
April 30 2020,Howard,MD,Passenger,0,1,1,73,74,1.35
April 30 2020,Kern,CA,Passenger,0,1,1,227,228,0.44
April 30 2020,Kitsap,WA,Passenger,1314,676,1990,180567,182557,1.09
April 30 2020,Kittitas,WA,Passenger,101,49,150,29859,30009,0.50
April 30 2020,Kittitas,WA,Truck,0,0,0,14590,14590,0.00
May 31 2020,Grant,WA,Truck,0,0,0,26987,26987,0.00
May 31 2020,Hennepin,MN,Passenger,3,0,3,88,91,3.30
May 31 2020,Juneau,AK,Passenger,0,2,2,29,31,6.45
May 31 2020,Kittitas,WA,Passenger,102,48,150,29779,29929,0.50
May 31 2020,Larimer,CO,Passenger,1,0,1,52,53,1.89
April 30 2020,Clark,WA,Passenger,1992,1056,3048,318759,321807,0.95
April 30 2020,Clark,WA,Truck,0,0,0,81838,81838,0.00
April 30 2020,Cochise,AZ,Passenger,0,1,1,101,102,0.98
April 30 2020,Cumberland,NC,Passenger,0,2,2,477,479,0.42
April 30 2020,District of Columbia,DC,Passenger,1,1,2,199,201,1.00
April 30 2020,Douglas,NE,Passenger,0,1,1,55,56,1.79
April 30 2020,Fresno,CA,Passenger,1,0,1,184,185,0.54
April 30 2020,Fulton,GA,Passenger,1,2,3,104,107,2.80
April 30 2020,Goochland,VA,Passenger,2,1,3,253,256,1.17
April 30 2020,Grays Harbor,WA,Passenger,106,110,216,48069,48285,0.45
April 30 2020,Klamath,OR,Passenger,1,0,1,31,32,3.12
April 30 2020,Larimer,CO,Passenger,1,0,1,53,54,1.85
April 30 2020,Lincoln,WA,Passenger,4,12,16,7677,7693,0.21
April 30 2020,Loudoun,VA,Passenger,1,0,1,90,91,1.10
April 30 2020,Montgomery,PA,Passenger,1,0,1,31,32,3.12
April 30 2020,New London,CT,Passenger,1,2,3,248,251,1.20
May 31 2020,Clark,WA,Passenger,2003,1055,3058,317506,320564,0.95
May 31 2020,Columbia,WA,Passenger,4,3,7,2405,2412,0.29
May 31 2020,Cumberland,NC,Passenger,0,3,3,472,475,0.63
May 31 2020,District of Columbia,DC,Passenger,2,1,3,198,201,1.49
May 31 2020,Fairbanks North Star,AK,Passenger,0,1,1,102,103,0.97
May 31 2020,Fairfax,VA,Passenger,4,3,7,742,749,0.93
May 31 2020,Fresno,CA,Passenger,1,0,1,184,185,0.54
May 31 2020,Grays Harbor,WA,Passenger,106,111,217,48012,48229,0.45
May 31 2020,Harrison,MS,Passenger,1,0,1,58,59,1.69
April 30 2020,Tulsa,OK,Passenger,1,1,2,42,44,4.55
April 30 2020,Wahkiakum,WA,Passenger,6,5,11,2973,2984,0.37
April 30 2020,Walla Walla,WA,Passenger,69,63,132,36001,36133,0.37
April 30 2020,Williams,ND,Passenger,0,1,1,13,14,7.14
May 31 2020,Adams,WA,Truck,0,0,0,5217,5217,0.00
May 31 2020,Anne Arundel,MD,Passenger,0,1,1,411,412,0.24
May 31 2020,Asotin,WA,Passenger,16,12,28,12339,12367,0.23
March 31 2020,San Francisco,CA,Passenger,2,1,3,98,101,2.97
March 31 2020,Santa Clara,CA,Passenger,7,2,9,326,335,2.69
March 31 2020,Skamania,WA,Truck,0,0,0,4083,4083,0.00
March 31 2020,Snohomish,WA,Truck,0,0,0,123724,123724,0.00
March 31 2020,Tuolumne,CA,Passenger,0,1,1,10,11,9.09
March 31 2020,Twin Falls,ID,Passenger,0,1,1,28,29,3.45
March 31 2020,Vigo,IN,Passenger,1,0,1,5,6,16.67
March 31 2020,Wahkiakum,WA,Truck,0,0,0,1760,1760,0.00
March 31 2020,Walla Walla,WA,Truck,0,0,0,13647,13647,0.00
March 31 2020,Washoe,NV,Passenger,1,0,1,109,110,0.91
March 31 2020,Whatcom,WA,Passenger,1057,491,1548,151231,152779,1.01
February 29 2020,Middlesex,MA,Passenger,1,1,2,106,108,1.85
February 29 2020,Monroe,IL,Passenger,1,0,1,4,5,20.00
February 29 2020,Montgomery,TX,Passenger,1,0,1,53,54,1.85
February 29 2020,Moore,NC,Passenger,0,1,1,166,167,0.60
February 29 2020,New London,CT,Passenger,0,2,2,255,257,0.78
February 29 2020,Orange,CA,Passenger,7,2,9,511,520,1.73
February 29 2020,Pacific,WA,Truck,0,0,0,7746,7746,0.00
February 29 2020,Pend Oreille,WA,Truck,0,0,0,5764,5764,0.00
February 29 2020,Pima,AZ,Passenger,3,1,4,368,372,1.08
February 29 2020,Placer,CA,Passenger,2,0,2,94,96,2.08
April 30 2020,Jones,GA,Passenger,1,0,1,1,2,50.00
April 30 2020,Lake,IL,Passenger,1,0,1,162,163,0.61
April 30 2020,Manassas,VA,Passenger,0,1,1,4,5,20.00
April 30 2020,Maricopa,AZ,Passenger,7,7,14,1442,1456,0.96
April 30 2020,Mason,WA,Passenger,155,136,291,47218,47509,0.61
April 30 2020,Maui,HI,Passenger,1,0,1,34,35,2.86
April 30 2020,Montgomery,TX,Passenger,1,0,1,53,54,1.85
April 30 2020,Multnomah,OR,Passenger,4,7,11,724,735,1.50
May 31 2020,Maui,HI,Passenger,1,0,1,32,33,3.03
May 31 2020,Multnomah,OR,Passenger,4,7,11,720,731,1.50
May 31 2020,Nassau,NY,Passenger,4,0,4,33,37,10.81
May 31 2020,New Haven,CT,Passenger,0,2,2,39,41,4.88
May 31 2020,Okanogan,WA,Passenger,34,33,67,25880,25947,0.26
May 31 2020,Oldham,KY,Passenger,0,1,1,4,5,20.00
April 30 2020,Grays Harbor,WA,Truck,0,0,0,20727,20727,0.00
April 30 2020,Greene,MO,Passenger,0,1,1,31,32,3.12
April 30 2020,Jefferson,NY,Passenger,0,1,1,214,215,0.47
April 30 2020,Lewis,WA,Truck,0,0,0,25977,25977,0.00
April 30 2020,Los Angeles,CA,Passenger,7,11,18,1001,1019,1.77
March 31 2020,Whitman,WA,Truck,0,0,0,8549,8549,0.00
March 31 2020,Williamson,TX,Passenger,0,2,2,140,142,1.41
March 31 2020,Wilson,TX,Passenger,0,1,1,7,8,12.50
April 30 2020,,,Passenger,5,1,6,402,408,1.47
April 30 2020,Collin,TX,Passenger,1,1,2,126,128,1.56
February 29 2020,Riverside,CA,Passenger,3,1,4,643,647,0.62
February 29 2020,Saginaw,MI,Passenger,1,0,1,11,12,8.33
February 29 2020,San Juan,WA,Truck,0,0,0,5926,5926,0.00
February 29 2020,Stafford,VA,Passenger,1,1,2,90,92,2.17
February 29 2020,Suffolk,VA,Passenger,1,0,1,123,124,0.81
May 31 2020,Clark,WA,Truck,0,0,0,81893,81893,0.00
May 31 2020,Denver,CO,Passenger,1,0,1,120,121,0.83
May 31 2020,Douglas,WA,Truck,0,0,0,12276,12276,0.00
May 31 2020,DuPage,IL,Passenger,3,0,3,58,61,4.92
May 31 2020,El Paso,CO,Passenger,2,0,2,734,736,0.27
May 31 2020,El Paso,TX,Passenger,3,0,3,433,436,0.69
May 31 2020,Erie,NY,Passenger,1,0,1,45,46,2.17
May 31 2020,Klickitat,WA,Passenger,53,40,93,15273,15366,0.61
May 31 2020,Lake,IL,Passenger,1,0,1,162,163,0.61
May 31 2020,Lewis,WA,Truck,0,0,0,26000,26000,0.00
May 31 2020,Los Angeles,CA,Passenger,7,11,18,991,1009,1.78
May 31 2020,Maricopa,AZ,Passenger,5,7,12,1413,1425,0.84
April 30 2020,Orange,CA,Passenger,7,2,9,502,511,1.76
April 30 2020,Riverside,CA,Passenger,3,1,4,630,634,0.63
April 30 2020,Sacramento,CA,Passenger,1,0,1,271,272,0.37
April 30 2020,San Juan,WA,Passenger,295,88,383,14157,14540,2.63
April 30 2020,Santa Clara,CA,Passenger,7,2,9,320,329,2.74
April 30 2020,Solano,CA,Passenger,1,0,1,215,216,0.46
April 30 2020,Stafford,VA,Passenger,1,1,2,89,91,2.20
April 30 2020,Suffolk,VA,Passenger,1,0,1,125,126,0.79
April 30 2020,Sumter,FL,Passenger,0,1,1,9,10,10.00
April 30 2020,Thurston,WA,Truck,0,0,0,55502,55502,0.00
April 30 2020,Newport,RI,Passenger,1,0,1,84,85,1.18
April 30 2020,Pend Oreille,WA,Truck,0,0,0,5740,5740,0.00
April 30 2020,Placer,CA,Passenger,2,0,2,90,92,2.17
April 30 2020,Ramsey,MN,Passenger,1,0,1,39,40,2.50
April 30 2020,Saginaw,MI,Passenger,1,0,1,10,11,9.09
April 30 2020,San Diego,CA,Passenger,13,6,19,2782,2801,0.68
April 30 2020,San Francisco,CA,Passenger,2,1,3,97,100,3.00
April 30 2020,San Juan,WA,Truck,0,0,0,5899,5899,0.00
April 30 2020,Skamania,WA,Truck,0,0,0,4054,4054,0.00
May 31 2020,Sacramento,CA,Passenger,1,0,1,270,271,0.37
May 31 2020,San Francisco,CA,Passenger,1,1,2,95,97,2.06
May 31 2020,Santa Clara,CA,Passenger,7,2,9,306,315,2.86
May 31 2020,Shelby,TN,Passenger,0,1,1,86,87,1.15
May 31 2020,Skamania,WA,Truck,0,0,0,4029,4029,0.00
May 31 2020,St. Clair,IL,Passenger,1,0,1,139,140,0.71
May 31 2020,Travis,TX,Passenger,2,1,3,181,184,1.63
May 31 2020,Walla Walla,WA,Passenger,70,62,132,35820,35952,0.37
May 31 2020,Walla Walla,WA,Truck,0,0,0,13669,13669,0.00
May 31 2020,Garfield,WA,Truck,0,0,0,967,967,0.00
May 31 2020,Greene,MO,Passenger,0,1,1,30,31,3.23
May 31 2020,Guadalupe,TX,Passenger,1,0,1,65,66,1.52
May 31 2020,Gwinnett,GA,Passenger,1,0,1,73,74,1.35
May 31 2020,Jefferson,CO,Passenger,0,1,1,60,61,1.64
May 31 2020,Kitsap,WA,Truck,0,0,0,53871,53871,0.00
May 31 2020,Lake,FL,Passenger,1,0,1,21,22,4.55
May 31 2020,Montgomery,OH,Passenger,0,1,1,47,48,2.08
May 31 2020,Polk,FL,Passenger,1,0,1,65,66,1.52
May 31 2020,Prince George's,MD,Passenger,1,1,2,159,161,1.24
May 31 2020,Randolph,NC,Passenger,1,0,1,7,8,12.50
May 31 2020,San Joaquin,CA,Passenger,1,0,1,127,128,0.78
May 31 2020,San Mateo,CA,Passenger,0,1,1,114,115,0.87
April 30 2020,Cowlitz,WA,Passenger,136,115,251,72723,72974,0.34
April 30 2020,Deschutes,OR,Passenger,3,0,3,138,141,2.13
April 30 2020,Ferry,WA,Truck,0,0,0,3541,3541,0.00
April 30 2020,Flathead,MT,Passenger,1,0,1,64,65,1.54
April 30 2020,Harrison,MS,Passenger,1,0,1,60,61,1.64
April 30 2020,Hawaii,HI,Passenger,1,0,1,57,58,1.72
April 30 2023,St. Mary's,MD,Passenger,1,0,1,164,165,0.61
January 31 2023,Snohomish,WA,Passenger,10592,2794,13386,529852,543238,2.46
January 31 2023,Spokane,WA,Passenger,1996,953,2949,324229,327178,0.90
January 31 2023,St. Louis,MO,Passenger,1,0,1,51,52,1.92
January 31 2023,St. Tammany,LA,Passenger,1,0,1,29,30,3.33
January 31 2023,Ulster,NY,Passenger,1,0,1,4,5,20.00
February 28 2023,Alexandria,VA,Passenger,3,2,5,92,97,5.15
February 28 2023,Calvert,MD,Passenger,0,2,2,75,77,2.60
March 31 2023,Cowlitz,WA,Truck,7,0,7,28113,28120,0.02
March 31 2023,Douglas,CO,Passenger,0,1,1,55,56,1.79
March 31 2023,Essex,NJ,Passenger,2,0,2,4,6,33.33
March 31 2023,Garfield,WA,Passenger,1,3,4,1321,1325,0.30
March 31 2023,Geary,KS,Passenger,1,0,1,70,71,1.41
March 31 2023,Howard,MD,Passenger,0,1,1,43,44,2.27
March 31 2023,Island,WA,Truck,24,0,24,21009,21033,0.11
March 31 2023,Kitsap,WA,Passenger,2946,1198,4144,175991,180135,2.30
March 31 2023,Klickitat,WA,Truck,6,0,6,8247,8253,0.07
March 31 2023,Lincoln,OR,Passenger,0,1,1,13,14,7.14
March 31 2023,Lincoln,WA,Truck,0,0,0,4838,4838,0.00
January 31 2023,Pierce,WA,Passenger,6394,2546,8940,537138,546078,1.64
January 31 2023,Portsmouth,VA,Passenger,0,1,1,64,65,1.54
January 31 2023,Salt Lake,UT,Passenger,0,2,2,98,100,2.00
January 31 2023,San Juan,WA,Truck,9,0,9,5889,5898,0.15
January 31 2023,Santa Barbara,CA,Passenger,1,0,1,66,67,1.49
January 31 2023,Sarpy,NE,Passenger,1,0,1,46,47,2.13
January 31 2023,Skagit,WA,Passenger,957,363,1320,89253,90573,1.46
January 31 2023,Ventura,CA,Passenger,2,1,3,208,211,1.42
January 31 2023,Vernon,LA,Passenger,1,0,1,71,72,1.39
January 31 2023,Wahkiakum,WA,Passenger,25,15,40,3051,3091,1.29
February 28 2023,Garfield,WA,Truck,0,0,0,981,981,0.00
February 28 2023,Gwinnett,GA,Passenger,1,0,1,42,43,2.33
February 28 2023,Kitsap,WA,Truck,49,0,49,52721,52770,0.09
February 28 2023,Lake,FL,Passenger,1,0,1,15,16,6.25
November 30 2022,Kittitas,WA,Passenger,297,93,390,29553,29943,1.30
November 30 2022,Kittitas,WA,Truck,5,0,5,14568,14573,0.03
November 30 2022,Larimer,CO,Passenger,1,0,1,41,42,2.38
November 30 2022,Lincoln,WA,Passenger,12,19,31,7770,7801,0.40
November 30 2022,Montgomery,PA,Passenger,1,0,1,18,19,5.26
November 30 2022,Multnomah,OR,Passenger,0,2,2,451,453,0.44
November 30 2022,Nassau,NY,Passenger,1,0,1,21,22,4.55
November 30 2022,Newport News,VA,Passenger,1,0,1,98,99,1.01
November 30 2022,Okanogan,WA,Passenger,99,51,150,26249,26399,0.57
November 30 2022,Okanogan,WA,Truck,2,0,2,16463,16465,0.01
November 30 2022,Penobscot,ME,Passenger,0,1,1,8,9,11.11
February 28 2023,Camden,NJ,Passenger,0,1,1,11,12,8.33
February 28 2023,Champaign,IL,Passenger,1,0,1,9,10,10.00
February 28 2023,Dorchester,SC,Passenger,1,0,1,40,41,2.44
February 28 2023,Douglas,CO,Passenger,0,1,1,56,57,1.75
February 28 2023,Essex,NJ,Passenger,2,0,2,5,7,28.57
February 28 2023,Galveston,TX,Passenger,0,1,1,17,18,5.56
April 30 2023,Richmond,NY,Passenger,1,0,1,6,7,14.29
April 30 2023,Rock Island,IL,Passenger,0,1,1,14,15,6.67
April 30 2023,Rockingham,NH,Passenger,1,0,1,13,14,7.14
April 30 2023,Spokane,WA,Passenger,2155,1030,3185,320113,323298,0.99
April 30 2023,St. Louis,MO,Passenger,1,0,1,50,51,1.96
April 30 2023,Stevens,WA,Passenger,108,62,170,29570,29740,0.57
February 28 2023,Polk,OR,Passenger,0,1,1,15,16,6.25
February 28 2023,Rockingham,NH,Passenger,1,0,1,13,14,7.14
February 28 2023,Snohomish,WA,Passenger,10925,2841,13766,528708,542474,2.54
March 31 2023,Madison,IL,Passenger,1,0,1,16,17,5.88
March 31 2023,Napa,CA,Passenger,0,1,1,10,11,9.09
March 31 2023,New London,CT,Passenger,1,4,5,175,180,2.78
March 31 2023,Orange,CA,Passenger,7,2,9,281,290,3.10
March 31 2023,Pierce,WA,Truck,126,0,126,137420,137546,0.09
March 31 2023,Richmond,GA,Passenger,0,1,1,57,58,1.72
March 31 2023,Riverside,CA,Passenger,6,0,6,369,375,1.60
March 31 2023,San Mateo,CA,Passenger,1,0,1,58,59,1.69
February 28 2023,Harnett,NC,Passenger,2,0,2,129,131,1.53
February 28 2023,Hidalgo,TX,Passenger,0,1,1,46,47,2.13
February 28 2023,Honolulu,HI,Passenger,2,3,5,269,274,1.82
February 28 2023,Jefferson,WA,Truck,9,0,9,9324,9333,0.10
February 28 2023,Lane,OR,Passenger,0,1,1,69,70,1.43
February 28 2023,Las Animas,CO,Passenger,1,0,1,0,1,100.00
February 28 2023,Lee,AL,Passenger,1,0,1,11,12,8.33
February 28 2023,Lincoln,OR,Passenger,0,1,1,13,14,7.14
February 28 2023,Lincoln,WA,Truck,0,0,0,4841,4841,0.00
February 28 2023,Montgomery,AL,Passenger,0,1,1,32,33,3.03
February 28 2023,Adams,WA,Passenger,21,11,32,12988,13020,0.25
February 28 2023,Arapahoe,CO,Passenger,1,1,2,65,67,2.99
February 28 2023,Bartow,GA,Passenger,0,1,1,3,4,25.00
February 28 2023,Bell,TX,Passenger,1,0,1,260,261,0.38
February 28 2023,Boulder,CO,Passenger,1,0,1,26,27,3.70
February 28 2023,Burlington,NJ,Passenger,0,2,2,90,92,2.17
February 28 2023,Cape May,NJ,Passenger,0,1,1,7,8,12.50
February 28 2023,Clark,NV,Passenger,4,3,7,399,406,1.72
February 28 2023,Contra Costa,CA,Passenger,0,3,3,204,207,1.45
February 28 2023,Cook,IL,Passenger,2,0,2,151,153,1.31
November 30 2022,Queens,NY,Passenger,1,0,1,32,33,3.03
November 30 2022,Sacramento,CA,Passenger,3,0,3,174,177,1.69
November 30 2022,Santa Clara,CA,Passenger,9,2,11,174,185,5.95
November 30 2022,Sonoma,CA,Passenger,1,1,2,64,66,3.03
November 30 2022,Suffolk,VA,Passenger,1,0,1,112,113,0.88
November 30 2022,Travis,TX,Passenger,1,0,1,84,85,1.18
November 30 2022,Ventura,CA,Passenger,2,1,3,219,222,1.35
November 30 2022,Virginia Beach,VA,Passenger,2,0,2,469,471,0.42
November 30 2022,Walla Walla,WA,Truck,3,0,3,13906,13909,0.02
November 30 2022,Washington,MD,Passenger,2,0,2,14,16,12.50
April 30 2023,Yakima,WA,Passenger,463,242,705,164480,165185,0.43
May 31 2023,,,Passenger,3,0,3,301,304,0.99
May 31 2023,Anne Arundel,MD,Truck,1,0,1,36,37,2.70
May 31 2023,Benton,OR,Passenger,1,0,1,31,32,3.12
May 31 2023,Benton,WA,Passenger,1117,554,1671,133518,135189,1.24
May 31 2023,Bexar,TX,Passenger,3,3,6,331,337,1.78
May 31 2023,Carroll,MD,Passenger,0,1,1,16,17,5.88
May 31 2023,Clallam,WA,Truck,20,0,20,21429,21449,0.09
May 31 2023,Allen,IN,Passenger,1,0,1,8,9,11.11
May 31 2023,Asotin,WA,Passenger,34,20,54,12284,12338,0.44
May 31 2023,Clark,WA,Truck,91,0,91,80145,80236,0.11
February 28 2023,Kent,DE,Passenger,1,0,1,48,49,2.04
February 28 2023,Lake,IL,Passenger,1,0,1,115,116,0.86
February 28 2023,Leavenworth,KS,Passenger,1,1,2,95,97,2.06
February 28 2023,Lewis,WA,Passenger,292,185,477,59556,60033,0.79
February 28 2023,Lewis,WA,Truck,4,0,4,26146,26150,0.02
February 28 2023,Los Angeles,CA,Passenger,4,5,9,621,630,1.43
February 28 2023,Maricopa,AZ,Passenger,6,3,9,631,640,1.41
February 28 2023,Mason,WA,Passenger,394,199,593,46572,47165,1.26
February 28 2023,Mason,WA,Truck,9,0,9,20809,20818,0.04
February 28 2023,Newport,RI,Passenger,1,0,1,59,60,1.67
February 28 2023,Norfolk,VA,Passenger,3,3,6,265,271,2.21
February 28 2023,Nueces,TX,Passenger,0,1,1,50,51,1.96
February 28 2023,St. Louis,MO,Passenger,1,0,1,50,51,1.96
February 28 2023,Stevens,WA,Truck,2,0,2,18753,18755,0.01
February 28 2023,Whitman,WA,Truck,4,0,4,8655,8659,0.05
February 28 2023,Williamson,TX,Passenger,0,2,2,55,57,3.51
February 28 2023,Yellowstone,MT,Passenger,0,1,1,14,15,6.67
March 31 2023,Berkeley,SC,Passenger,0,1,1,97,98,1.02
February 28 2023,Plaquemines,LA,Passenger,1,1,2,16,18,11.11
February 28 2023,Ray,MO,Passenger,0,1,1,0,1,100.00
February 28 2023,San Bernardino,CA,Passenger,2,1,3,273,276,1.09
February 28 2023,Santa Cruz,CA,Passenger,1,0,1,12,13,7.69
February 28 2023,Sarasota,FL,Passenger,1,0,1,16,17,5.88
February 28 2023,Saratoga,NY,Passenger,1,1,2,32,34,5.88
February 28 2023,Snohomish,WA,Truck,122,0,122,121839,121961,0.10
February 28 2023,St. Tammany,LA,Passenger,1,0,1,30,31,3.23
February 28 2023,Wahkiakum,WA,Truck,1,0,1,1789,1790,0.06
February 28 2023,Multnomah,OR,Passenger,0,2,2,419,421,0.48
February 28 2023,Napa,CA,Passenger,0,1,1,9,10,10.00
February 28 2023,Nassau,NY,Passenger,1,0,1,21,22,4.55
February 28 2023,New Haven,CT,Passenger,0,2,2,22,24,8.33
February 28 2023,Okanogan,WA,Passenger,108,56,164,26060,26224,0.63
February 28 2023,Rockdale,GA,Passenger,1,0,1,5,6,16.67
February 28 2023,Skamania,WA,Truck,1,0,1,3854,3855,0.03
February 28 2023,St. Clair,IL,Passenger,2,0,2,108,110,1.82
February 28 2023,St. Mary's,MD,Passenger,1,0,1,169,170,0.59
May 31 2023,Denton,TX,Passenger,1,0,1,45,46,2.17
May 31 2023,El Paso,CO,Passenger,3,1,4,480,484,0.83
May 31 2023,Emmet,MI,Passenger,0,1,1,0,1,100.00
May 31 2023,Garfield,WA,Truck,0,0,0,961,961,0.00
May 31 2023,King,WA,Truck,683,2,685,173338,174023,0.39
May 31 2023,Lincoln,WA,Passenger,16,17,33,7590,7623,0.43
March 31 2023,Skagit,WA,Truck,17,0,17,31864,31881,0.05
March 31 2023,Stafford,VA,Passenger,3,1,4,72,76,5.26
March 31 2023,Stevens,WA,Passenger,103,60,163,29740,29903,0.55
March 31 2023,Thurston,WA,Truck,52,0,52,54079,54131,0.10
March 31 2023,Ulster,NY,Passenger,1,0,1,4,5,20.00
March 31 2023,Wayne,NC,Passenger,1,0,1,22,23,4.35
March 31 2023,Whatcom,WA,Truck,48,0,48,42675,42723,0.11
April 30 2023,Adams,CO,Passenger,1,0,1,25,26,3.85
April 30 2023,Alameda,CA,Passenger,3,0,3,148,151,1.99
April 30 2023,Arlington,VA,Passenger,1,0,1,99,100,1.00
May 31 2023,Douglas,WA,Passenger,194,61,255,28395,28650,0.89
May 31 2023,Elmore,ID,Passenger,1,0,1,10,11,9.09
May 31 2023,Frederick,MD,Passenger,1,1,2,45,47,4.26
May 31 2023,Garfield,WA,Passenger,1,3,4,1296,1300,0.31
May 31 2023,Grant,WA,Passenger,277,122,399,65981,66380,0.60
May 31 2023,Houston,GA,Passenger,1,0,1,26,27,3.70
February 28 2023,Doña Ana,NM,Passenger,1,0,1,9,10,10.00
February 28 2023,Duval,FL,Passenger,1,0,1,234,235,0.43
February 28 2023,Ferry,WA,Passenger,22,4,26,4327,4353,0.60
February 28 2023,Ferry,WA,Truck,0,0,0,3555,3555,0.00
February 28 2023,Franklin,WA,Passenger,274,129,403,61745,62148,0.65
February 28 2023,Grant,WA,Truck,7,0,7,28012,28019,0.02
February 28 2023,Hennepin,MN,Passenger,1,0,1,31,32,3.12
February 28 2023,Hillsborough,FL,Passenger,0,1,1,103,104,0.96
March 31 2023,Columbia,WA,Passenger,8,1,9,2407,2416,0.37
March 31 2023,Cumberland,NC,Passenger,1,2,3,308,311,0.96
March 31 2023,Douglas,NE,Passenger,2,1,3,26,29,10.34
March 31 2023,Fairbanks North Star,AK,Passenger,0,1,1,57,58,1.72
March 31 2023,Franklin,WA,Passenger,282,129,411,61611,62022,0.66
March 31 2023,Grays Harbor,WA,Passenger,279,180,459,48275,48734,0.94
March 31 2023,,,Passenger,2,0,2,311,313,0.64
March 31 2023,Bell,TX,Passenger,1,0,1,249,250,0.40
March 31 2023,Boulder,CO,Passenger,1,0,1,25,26,3.85
March 31 2023,Camden,NJ,Passenger,0,1,1,11,12,8.33
March 31 2023,Clark,NV,Passenger,3,3,6,390,396,1.52
March 31 2023,Collin,TX,Passenger,2,0,2,42,44,4.55
March 31 2023,Douglas,WA,Truck,6,0,6,12839,12845,0.05
March 31 2023,Duval,FL,Passenger,1,0,1,231,232,0.43
November 30 2022,Whitman,WA,Passenger,109,65,174,21995,22169,0.78
November 30 2022,Whitman,WA,Truck,3,0,3,8630,8633,0.03
November 30 2022,Williamson,TX,Passenger,0,2,2,62,64,3.12
November 30 2022,Wilson,TX,Passenger,0,1,1,2,3,33.33
November 30 2022,Yakima,WA,Truck,6,0,6,61269,61275,0.01
December 31 2022,Adams,CO,Passenger,1,0,1,32,33,3.03
December 31 2022,Allegheny,PA,Passenger,1,0,1,46,47,2.13
December 31 2022,Arlington,VA,Passenger,1,0,1,105,106,0.94
December 31 2022,Benton,WA,Truck,10,0,10,43342,43352,0.02
December 31 2022,Charleston,SC,Passenger,2,2,4,56,60,6.67
December 31 2022,Clallam,WA,Truck,8,0,8,21858,21866,0.04
December 31 2022,Clark,WA,Passenger,4920,2031,6951,314739,321690,2.16
December 31 2022,Columbia,GA,Passenger,0,1,1,82,83,1.20
February 28 2023,Howard,MD,Passenger,0,1,1,45,46,2.17
February 28 2023,Kittitas,WA,Passenger,322,91,413,29436,29849,1.38
February 28 2023,Larimer,CO,Passenger,1,0,1,37,38,2.63
February 28 2023,Montgomery,MD,Passenger,3,3,6,178,184,3.26
February 28 2023,Walla Walla,WA,Truck,3,0,3,13786,13789,0.02
February 28 2023,Wayne,NC,Passenger,1,0,1,22,23,4.35
February 28 2023,Yakima,WA,Truck,9,0,9,61035,61044,0.01
March 31 2023,Alameda,CA,Passenger,3,0,3,151,154,1.95
March 31 2023,Anne Arundel,MD,Truck,1,0,1,36,37,2.70
March 31 2023,Arlington,VA,Passenger,1,0,1,103,104,0.96
March 31 2023,Benton,OR,Passenger,1,0,1,35,36,2.78
March 31 2023,Bexar,TX,Passenger,3,3,6,354,360,1.67
May 31 2023,King,WA,Passenger,55271,14072,69343,1308581,1377924,5.03
May 31 2023,Madison,IL,Passenger,1,0,1,14,15,6.67
May 31 2023,Marin,CA,Passenger,0,1,1,29,30,3.33
May 31 2023,Monterey,CA,Passenger,1,0,1,102,103,0.97
May 31 2023,Okanogan,WA,Truck,7,0,7,16216,16223,0.04
May 31 2023,Platte,MO,Passenger,1,0,1,15,16,6.25
May 31 2023,Pulaski,AR,Passenger,3,0,3,22,25,12.00
April 30 2023,Burlington,NJ,Passenger,0,2,2,87,89,2.25
April 30 2023,Calvert,MD,Passenger,1,1,2,72,74,2.70
April 30 2023,Charles,MD,Passenger,1,1,2,50,52,3.85
April 30 2023,Charleston,SC,Passenger,2,2,4,54,58,6.90
April 30 2023,Clark,WA,Passenger,5450,2209,7659,311026,318685,2.40
April 30 2023,Denton,TX,Passenger,1,0,1,45,46,2.17
April 30 2023,Grant,WA,Truck,10,0,10,27718,27728,0.04
May 31 2023,Pend Oreille,WA,Passenger,30,11,41,8779,8820,0.46
May 31 2023,Skamania,WA,Passenger,101,57,158,7911,8069,1.96
May 31 2023,Sonoma,CA,Passenger,1,1,2,50,52,3.85
May 31 2023,Spokane,WA,Passenger,2214,1058,3272,318650,321922,1.02
May 31 2023,St. Louis,MO,Passenger,1,0,1,47,48,2.08
March 31 2023,Elmore,ID,Passenger,1,0,1,10,11,9.09
March 31 2023,Ferry,WA,Truck,0,0,0,3549,3549,0.00
March 31 2023,Jefferson,WA,Passenger,521,247,768,24186,24954,3.08
March 31 2023,Jefferson,WA,Truck,9,0,9,9300,9309,0.10
March 31 2023,Kootenai,ID,Truck,1,0,1,26,27,3.70
April 30 2023,Kent,DE,Passenger,1,0,1,44,45,2.22
April 30 2023,Kitsap,WA,Truck,64,0,64,52144,52208,0.12
April 30 2023,Lewis,WA,Passenger,301,194,495,58294,58789,0.84
December 31 2022,Cumberland,NC,Passenger,1,2,3,327,330,0.91
December 31 2022,Cumberland,PA,Passenger,1,0,1,31,32,3.12
December 31 2022,District of Columbia,DC,Passenger,4,0,4,150,154,2.60
December 31 2022,Goochland,VA,Passenger,0,1,1,59,60,1.67
December 31 2022,Grays Harbor,WA,Passenger,246,160,406,48648,49054,0.83
December 31 2022,Hamilton,OH,Passenger,1,0,1,26,27,3.70
December 31 2022,Harris,TX,Passenger,1,0,1,119,120,0.83
December 31 2022,Jackson,OK,Passenger,0,1,1,31,32,3.12
December 31 2022,Kent,DE,Passenger,1,0,1,49,50,2.00
May 31 2023,Richmond,GA,Passenger,0,1,1,57,58,1.72
May 31 2023,San Diego,CA,Passenger,16,9,25,1803,1828,1.37
May 31 2023,Sheridan,WY,Passenger,1,0,1,5,6,16.67
May 31 2023,Sumter,SC,Passenger,1,0,1,29,30,3.33
May 31 2023,Ulster,NY,Passenger,1,0,1,4,5,20.00
May 31 2023,Virginia Beach,VA,Passenger,2,0,2,416,418,0.48
June 30 2023,Adams,CO,Passenger,1,0,1,21,22,4.55
June 30 2023,Benton,WA,Passenger,1118,558,1676,131268,132944,1.26
June 30 2023,Broward,FL,Passenger,1,0,1,51,52,1.92
June 30 2023,Calvert,MD,Passenger,1,1,2,66,68,2.94
March 31 2023,Hennepin,MN,Passenger,1,0,1,30,31,3.23
March 31 2023,Kings,CA,Passenger,2,1,3,267,270,1.11
March 31 2023,Kittitas,WA,Passenger,325,93,418,29300,29718,1.41
March 31 2023,Lewis,WA,Truck,5,0,5,25973,25978,0.02
March 31 2023,Lincoln,WA,Passenger,18,16,34,7675,7709,0.44
March 31 2023,Los Angeles,CA,Passenger,4,5,9,605,614,1.47
March 31 2023,Maricopa,AZ,Passenger,6,3,9,597,606,1.49
March 31 2023,Montgomery,PA,Passenger,1,0,1,15,16,6.25
March 31 2023,Newport News,VA,Passenger,1,0,1,95,96,1.04
February 28 2023,Newport News,VA,Passenger,1,0,1,96,97,1.03
February 28 2023,Oldham,KY,Passenger,0,1,1,4,5,20.00
February 28 2023,Riverside,CA,Passenger,7,0,7,374,381,1.84
February 28 2023,Sacramento,CA,Passenger,4,0,4,155,159,2.52
February 28 2023,San Juan,WA,Passenger,579,172,751,13849,14600,5.14
February 28 2023,Santa Clara,CA,Passenger,8,2,10,159,169,5.92
February 28 2023,Sedgwick,KS,Passenger,1,1,2,60,62,3.23
February 28 2023,Thurston,WA,Passenger,2777,1154,3931,191216,195147,2.01
March 31 2023,Carroll,MD,Passenger,0,1,1,17,18,5.56
March 31 2023,Charles,MD,Passenger,1,1,2,50,52,3.85
March 31 2023,Charleston,SC,Passenger,2,2,4,54,58,6.90
March 31 2023,Chelan,WA,Passenger,582,150,732,54010,54742,1.34
March 31 2023,Clallam,WA,Passenger,506,274,780,49030,49810,1.57
March 31 2023,Clallam,WA,Truck,17,0,17,21644,21661,0.08
March 31 2023,Cumberland,PA,Passenger,1,0,1,32,33,3.03
March 31 2023,Fairfax,VA,Passenger,5,3,8,536,544,1.47
March 31 2023,Harrison,MS,Passenger,1,0,1,34,35,2.86
March 31 2023,Lane,OR,Passenger,0,1,1,63,64,1.56
March 31 2023,Las Animas,CO,Passenger,1,0,1,0,1,100.00
March 31 2023,Okaloosa,FL,Passenger,0,1,1,92,93,1.08
March 31 2023,Pacific,WA,Truck,3,0,3,7779,7782,0.04
March 31 2023,Pulaski,AR,Passenger,3,0,3,22,25,12.00
June 30 2023,Champaign,IL,Passenger,1,0,1,8,9,11.11
June 30 2023,Columbia,GA,Passenger,0,1,1,66,67,1.49
June 30 2023,Coryell,TX,Passenger,1,0,1,64,65,1.54
June 30 2023,Cowlitz,WA,Truck,9,0,9,27258,27267,0.03
June 30 2023,Douglas,CO,Passenger,0,1,1,46,47,2.13
June 30 2023,Essex,NJ,Passenger,2,0,2,3,5,40.00
June 30 2023,Hamilton,OH,Truck,1,0,1,2,3,33.33
June 30 2023,Houston,GA,Passenger,1,0,1,26,27,3.70
June 30 2023,Island,WA,Truck,32,0,32,20563,20595,0.16
March 31 2023,Rockdale,GA,Passenger,1,0,1,3,4,25.00
March 31 2023,Rockingham,NH,Passenger,1,0,1,13,14,7.14
March 31 2023,St. Mary's,MD,Passenger,1,0,1,168,169,0.59
March 31 2023,Sumter,SC,Passenger,1,1,2,31,33,6.06
March 31 2023,Thurston,WA,Passenger,2835,1177,4012,190247,194259,2.07
May 31 2023,Washington,MD,Passenger,2,0,2,12,14,14.29
May 31 2023,Whatcom,WA,Passenger,2371,865,3236,145716,148952,2.17
May 31 2023,Whitman,WA,Truck,4,0,4,8495,8499,0.05
May 31 2023,Williamson,TX,Passenger,0,1,1,44,45,2.22
May 31 2023,Yavapai,AZ,Passenger,1,0,1,19,20,5.00
May 31 2023,Yellowstone,MT,Passenger,0,1,1,15,16,6.25
June 30 2023,Anne Arundel,MD,Passenger,6,4,10,264,274,3.65
June 30 2023,Bell,TX,Passenger,1,0,1,221,222,0.45
June 30 2023,Chelan,WA,Truck,31,0,31,22420,22451,0.14
June 30 2023,Columbia,WA,Passenger,11,1,12,2358,2370,0.51
June 30 2023,Cowlitz,WA,Passenger,465,210,675,67684,68359,0.99
March 31 2023,Kauai,HI,Passenger,1,1,2,13,15,13.33
March 31 2023,King,WA,Truck,566,2,568,175852,176420,0.32
March 31 2023,Klickitat,WA,Passenger,133,59,192,15107,15299,1.25
March 31 2023,Lake,IL,Passenger,1,0,1,114,115,0.87
March 31 2023,Loudoun,VA,Passenger,3,0,3,56,59,5.08
March 31 2023,Marin,CA,Passenger,0,1,1,29,30,3.33
April 30 2023,New Haven,CT,Passenger,0,2,2,21,23,8.70
April 30 2023,Norfolk,VA,Passenger,3,2,5,254,259,1.93
April 30 2023,Nueces,TX,Passenger,0,1,1,49,50,2.00
April 30 2023,Oldham,KY,Passenger,0,1,1,4,5,20.00
April 30 2023,San Bernardino,CA,Passenger,2,1,3,254,257,1.17
April 30 2023,Santa Cruz,CA,Passenger,1,0,1,13,14,7.14
April 30 2023,Skamania,WA,Passenger,99,52,151,7984,8135,1.86
April 30 2023,Snohomish,WA,Passenger,11656,2924,14580,524703,539283,2.70
April 30 2023,St. Clair,IL,Passenger,2,0,2,102,104,1.92
December 31 2022,Lake,IL,Passenger,1,0,1,120,121,0.83
December 31 2022,Leavenworth,KS,Passenger,1,1,2,98,100,2.00
December 31 2022,Lewis,WA,Passenger,268,182,450,59876,60326,0.75
December 31 2022,Lewis,WA,Truck,1,0,1,26292,26293,0.00
December 31 2022,Los Angeles,CA,Passenger,5,6,11,659,670,1.64
December 31 2022,Maricopa,AZ,Passenger,5,3,8,677,685,1.17
December 31 2022,Mason,WA,Passenger,370,191,561,46876,47437,1.18
December 31 2022,Newport,RI,Passenger,1,0,1,61,62,1.61
December 31 2022,Norfolk,VA,Passenger,3,3,6,273,279,2.15
December 31 2022,Nueces,TX,Passenger,0,1,1,49,50,2.00
December 31 2022,Plaquemines,LA,Passenger,1,1,2,16,18,11.11
February 28 2023,Thurston,WA,Truck,49,0,49,54401,54450,0.09
February 28 2023,Travis,TX,Passenger,1,0,1,78,79,1.27
February 28 2023,Walla Walla,WA,Passenger,207,108,315,35584,35899,0.88
February 28 2023,Whitman,WA,Passenger,124,71,195,21999,22194,0.88
March 31 2023,Adams,WA,Truck,2,0,2,5310,5312,0.04
March 31 2023,Allen,IN,Passenger,1,0,1,10,11,9.09
March 31 2023,Asotin,WA,Passenger,31,21,52,12393,12445,0.42
March 31 2023,Asotin,WA,Truck,0,0,0,6632,6632,0.00
March 31 2023,Beaufort,SC,Passenger,1,0,1,18,19,5.26
March 31 2023,Broward,FL,Passenger,1,0,1,56,57,1.75
April 30 2023,Benton,WA,Truck,19,0,19,42916,42935,0.04
April 30 2023,Berkeley,SC,Passenger,0,1,1,95,96,1.04
April 30 2023,Clark,WA,Truck,83,0,83,80623,80706,0.10
April 30 2023,Columbia,GA,Passenger,0,1,1,73,74,1.35
April 30 2023,Coryell,TX,Passenger,1,0,1,70,71,1.41
April 30 2023,Cumberland,NC,Passenger,1,2,3,300,303,0.99
April 30 2023,District of Columbia,DC,Passenger,4,0,4,145,149,2.68
April 30 2023,Douglas,NE,Passenger,1,1,2,25,27,7.41
March 31 2023,Pacific,WA,Passenger,74,83,157,15590,15747,1.00
March 31 2023,Pend Oreille,WA,Passenger,28,13,41,8898,8939,0.46
March 31 2023,Plaquemines,LA,Passenger,1,1,2,14,16,12.50
March 31 2023,Salt Lake,UT,Passenger,0,2,2,89,91,2.20
March 31 2023,San Juan,WA,Passenger,594,172,766,13802,14568,5.26
March 31 2023,Santa Clara,CA,Passenger,8,2,10,147,157,6.37
March 31 2023,Sedgwick,KS,Passenger,1,1,2,55,57,3.51
March 31 2023,Snohomish,WA,Truck,134,0,134,121374,121508,0.11
March 31 2023,Solano,CA,Passenger,4,0,4,136,140,2.86
March 31 2023,Sonoma,CA,Passenger,1,1,2,53,55,3.64
March 31 2023,Spokane,WA,Truck,30,0,30,101496,101526,0.03
March 31 2023,Vernon,LA,Passenger,1,0,1,68,69,1.45
March 31 2023,Okanogan,WA,Truck,3,0,3,16409,16412,0.02
March 31 2023,Platte,MO,Passenger,1,0,1,15,16,6.25
March 31 2023,Prince George's,MD,Passenger,2,1,3,106,109,2.75
March 31 2023,Randolph,NC,Passenger,1,0,1,3,4,25.00
March 31 2023,Sheridan,WY,Passenger,1,0,1,5,6,16.67
March 31 2023,St. Tammany,LA,Passenger,1,0,1,30,31,3.23
March 31 2023,Wahkiakum,WA,Passenger,25,16,41,3053,3094,1.33
June 30 2023,Jefferson,NY,Passenger,1,1,2,164,166,1.20
June 30 2023,King,WA,Passenger,56566,14410,70976,1295385,1366361,5.19
June 30 2023,Lincoln,OR,Passenger,0,1,1,12,13,7.69
June 30 2023,Lincoln,WA,Truck,0,0,0,4750,4750,0.00
June 30 2023,Mason,WA,Truck,10,0,10,19953,19963,0.05
June 30 2023,Monterey,CA,Passenger,1,0,1,94,95,1.05
June 30 2023,Napa,CA,Passenger,0,1,1,8,9,11.11
June 30 2023,Norfolk,VA,Passenger,2,1,3,240,243,1.23
June 30 2023,Pierce,WA,Truck,162,0,162,132694,132856,0.12
April 30 2023,Benton,OR,Passenger,1,0,1,34,35,2.86
April 30 2023,Bexar,TX,Passenger,3,3,6,343,349,1.72
April 30 2023,Carroll,MD,Passenger,0,1,1,17,18,5.56
June 30 2023,Dorchester,SC,Passenger,1,0,1,33,34,2.94
June 30 2023,El Paso,TX,Passenger,2,0,2,244,246,0.81
June 30 2023,Fairbanks North Star,AK,Passenger,0,1,1,47,48,2.08
June 30 2023,Ferry,WA,Truck,0,0,0,3460,3460,0.00
June 30 2023,Franklin,WA,Passenger,296,135,431,59824,60255,0.72
June 30 2023,Harnett,NC,Passenger,3,0,3,116,119,2.52
June 30 2023,Harrison,MS,Passenger,1,0,1,30,31,3.23
June 30 2023,Hawaii,HI,Passenger,1,0,1,22,23,4.35
June 30 2023,Honolulu,HI,Passenger,2,3,5,229,234,2.14
June 30 2023,Island,WA,Passenger,1062,437,1499,59801,61300,2.45
June 30 2023,Jefferson,WA,Truck,12,0,12,9112,9124,0.13
June 30 2023,Klickitat,WA,Passenger,147,62,209,14720,14929,1.40
April 30 2023,Wahkiakum,WA,Passenger,26,16,42,3033,3075,1.37
April 30 2023,Walla Walla,WA,Passenger,214,114,328,35157,35485,0.92
April 30 2023,Whitman,WA,Passenger,138,73,211,21861,22072,0.96
April 30 2023,Yakima,WA,Truck,11,0,11,60524,60535,0.02
April 30 2023,Yavapai,AZ,Passenger,1,0,1,20,21,4.76
April 30 2023,Yellowstone,MT,Passenger,0,1,1,15,16,6.25
May 31 2023,Adams,WA,Truck,2,0,2,5209,5211,0.04
May 31 2023,Alameda,CA,Passenger,3,0,3,146,149,2.01
May 31 2023,Anne Arundel,MD,Passenger,6,4,10,276,286,3.50
May 31 2023,Charles,MD,Passenger,1,1,2,46,48,4.17
March 31 2023,Washington,MD,Passenger,2,0,2,13,15,13.33
March 31 2023,Whatcom,WA,Passenger,2265,837,3102,146959,150061,2.07
March 31 2023,Wichita,TX,Passenger,2,0,2,31,33,6.06
March 31 2023,Wilson,TX,Passenger,0,1,1,2,3,33.33
April 30 2023,,,Passenger,3,0,3,306,309,0.97
April 30 2023,Anne Arundel,MD,Truck,1,0,1,36,37,2.70
April 30 2023,Bell,TX,Passenger,1,0,1,242,243,0.41
April 30 2023,Clallam,WA,Truck,18,0,18,21555,21573,0.08
March 31 2023,Cowlitz,WA,Passenger,435,193,628,69786,70414,0.89
March 31 2023,El Paso,CO,Passenger,3,1,4,500,504,0.79
March 31 2023,Franklin,WA,Truck,5,0,5,20776,20781,0.02
March 31 2023,Hamilton,OH,Passenger,1,0,1,25,26,3.85
March 31 2023,Harris,TX,Passenger,1,0,1,109,110,0.91
March 31 2023,Hawaii,HI,Passenger,1,0,1,21,22,4.55
March 31 2023,Hoke,NC,Passenger,1,0,1,58,59,1.69
December 31 2022,Ray,MO,Passenger,0,1,1,1,2,50.00
December 31 2022,San Bernardino,CA,Passenger,1,1,2,283,285,0.70
December 31 2022,Santa Cruz,CA,Passenger,1,0,1,15,16,6.25
December 31 2022,Sarasota,FL,Passenger,1,0,1,17,18,5.56
December 31 2022,Saratoga,NY,Passenger,1,0,1,36,37,2.70
December 31 2022,Snohomish,WA,Passenger,10181,2764,12945,530098,543043,2.38
December 31 2022,Snohomish,WA,Truck,92,0,92,122452,122544,0.08
December 31 2022,St. Tammany,LA,Passenger,1,0,1,31,32,3.12
December 31 2022,Wahkiakum,WA,Passenger,26,13,39,3037,3076,1.27
December 31 2022,Wahkiakum,WA,Truck,1,0,1,1789,1790,0.06
April 30 2023,Goochland,VA,Passenger,0,1,1,33,34,2.94
April 30 2023,Grant,WA,Passenger,266,114,380,66320,66700,0.57
April 30 2023,Grays Harbor,WA,Passenger,286,183,469,48035,48504,0.97
April 30 2023,Grays Harbor,WA,Truck,4,0,4,20819,20823,0.02
April 30 2023,Hamilton,OH,Truck,1,0,1,3,4,25.00
April 30 2023,Jefferson,NY,Passenger,1,1,2,168,170,1.18
April 30 2023,Leavenworth,KS,Passenger,1,1,2,94,96,2.08
April 30 2023,Lewis,WA,Truck,6,0,6,25854,25860,0.02
April 30 2023,Los Angeles,CA,Passenger,4,5,9,587,596,1.51
April 30 2023,Essex,NJ,Passenger,2,0,2,3,5,40.00
April 30 2023,Franklin,WA,Passenger,296,132,428,61399,61827,0.69
April 30 2023,Garfield,WA,Passenger,1,3,4,1313,1317,0.30
April 30 2023,Houston,GA,Passenger,1,0,1,26,27,3.70
April 30 2023,Kauai,HI,Passenger,1,1,2,13,15,13.33
April 30 2023,King,WA,Passenger,53635,13691,67326,1313884,1381210,4.87
April 30 2023,Kittitas,WA,Passenger,329,93,422,29177,29599,1.43
May 31 2023,Clark,NV,Passenger,4,3,7,360,367,1.91
May 31 2023,Douglas,WA,Truck,7,0,7,12794,12801,0.05
May 31 2023,El Paso,TX,Passenger,2,0,2,256,258,0.78
May 31 2023,Gwinnett,GA,Passenger,1,0,1,38,39,2.56
May 31 2023,Jefferson,WA,Passenger,550,261,811,24011,24822,3.27
April 30 2023,Contra Costa,CA,Passenger,0,3,3,196,199,1.51
April 30 2023,Cook,IL,Passenger,2,0,2,144,146,1.37
April 30 2023,Cumberland,PA,Passenger,1,0,1,31,32,3.12
April 30 2023,Douglas,WA,Passenger,187,61,248,28466,28714,0.86
April 30 2023,Elmore,ID,Passenger,1,0,1,10,11,9.09
April 30 2023,Ferry,WA,Truck,0,0,0,3534,3534,0.00
April 30 2023,Frederick,MD,Passenger,1,0,1,49,50,2.00
April 30 2023,Harrison,MS,Passenger,1,0,1,33,34,2.94
April 30 2023,Hennepin,MN,Passenger,1,0,1,30,31,3.23
April 30 2023,Hillsborough,FL,Passenger,0,1,1,100,101,0.99
January 31 2023,,,Passenger,2,0,2,323,325,0.62
January 31 2023,Bell,TX,Passenger,1,0,1,264,265,0.38
January 31 2023,Boulder,CO,Passenger,1,0,1,27,28,3.57
January 31 2023,Camden,NJ,Passenger,0,1,1,11,12,8.33
January 31 2023,Clark,NV,Passenger,4,3,7,406,413,1.69
January 31 2023,Collin,TX,Passenger,2,0,2,47,49,4.08
January 31 2023,Columbia,WA,Truck,0,0,0,1582,1582,0.00
June 30 2023,Pacific,WA,Passenger,75,86,161,15218,15379,1.05
June 30 2023,Pierce,WA,Passenger,7474,2739,10213,515763,525976,1.94
June 30 2023,Randolph,NC,Passenger,1,0,1,3,4,25.00
June 30 2023,San Juan,WA,Passenger,607,172,779,13473,14252,5.47
June 30 2023,Ray,MO,Passenger,0,1,1,0,1,100.00
June 30 2023,Richmond,GA,Passenger,0,1,1,56,57,1.75
June 30 2023,Richmond,NY,Passenger,1,0,1,6,7,14.29
June 30 2023,Santa Cruz,CA,Passenger,1,0,1,12,13,7.69
June 30 2023,Skagit,WA,Truck,21,0,21,30812,30833,0.07
June 30 2023,Virginia Beach,VA,Passenger,2,0,2,404,406,0.49
June 30 2023,Wayne,NC,Passenger,1,0,1,20,21,4.76
June 30 2023,Whatcom,WA,Truck,57,0,57,41325,41382,0.14
June 30 2023,Yakima,WA,Truck,13,0,13,58758,58771,0.02
March 31 2023,Island,WA,Passenger,984,422,1406,61240,62646,2.24
March 31 2023,Jackson,OK,Passenger,0,1,1,29,30,3.33
March 31 2023,Kent,DE,Passenger,1,0,1,45,46,2.17
March 31 2023,Kern,CA,Passenger,1,1,2,178,180,1.11
March 31 2023,Kitsap,WA,Truck,58,0,58,52457,52515,0.11
March 31 2023,Lewis,WA,Passenger,294,190,484,58364,58848,0.82
March 31 2023,Mason,WA,Passenger,403,200,603,46243,46846,1.29
March 31 2023,Newport,RI,Passenger,1,0,1,56,57,1.75
March 31 2023,Norfolk,VA,Passenger,3,2,5,258,263,1.90
March 31 2023,Nueces,TX,Passenger,0,1,1,49,50,2.00
April 30 2023,Mason,WA,Truck,9,0,9,20572,20581,0.04
April 30 2023,Middlesex,MA,Passenger,2,1,3,62,65,4.62
April 30 2023,Monterey,CA,Passenger,1,1,2,106,108,1.85
April 30 2023,Moore,NC,Passenger,0,1,1,101,102,0.98
April 30 2023,Onslow,NC,Passenger,0,1,1,137,138,0.72
April 30 2023,Pend Oreille,WA,Passenger,31,13,44,8846,8890,0.49
April 30 2023,Ray,MO,Passenger,0,1,1,0,1,100.00
April 30 2023,Sarasota,FL,Passenger,1,0,1,14,15,6.67
April 30 2023,Saratoga,NY,Passenger,1,1,2,30,32,6.25
April 30 2023,Klickitat,WA,Passenger,139,59,198,15038,15236,1.30
April 30 2023,Lake,IL,Passenger,2,0,2,111,113,1.77
April 30 2023,Maricopa,AZ,Passenger,6,3,9,561,570,1.58
April 30 2023,Marin,CA,Passenger,0,1,1,28,29,3.45
April 30 2023,Montgomery,MD,Passenger,3,3,6,173,179,3.35
April 30 2023,Newport News,VA,Passenger,1,0,1,94,95,1.05
April 30 2023,Lincoln,OR,Passenger,0,1,1,12,13,7.69
April 30 2023,Lincoln,WA,Passenger,18,16,34,7607,7641,0.44
April 30 2023,Lincoln,WA,Truck,0,0,0,4829,4829,0.00
April 30 2023,Loudoun,VA,Passenger,3,0,3,56,59,5.08
April 30 2023,Madison,IL,Passenger,1,0,1,16,17,5.88
April 30 2023,Montgomery,PA,Passenger,1,0,1,14,15,6.67
April 30 2023,Napa,CA,Passenger,0,1,1,10,11,9.09
April 30 2023,Okanogan,WA,Truck,3,0,3,16318,16321,0.02
April 30 2023,Platte,MO,Passenger,1,0,1,15,16,6.25
May 31 2023,Kauai,HI,Passenger,1,1,2,13,15,13.33
May 31 2023,Kent,DE,Passenger,1,0,1,43,44,2.27
May 31 2023,Kings,CA,Passenger,2,1,3,251,254,1.18
May 31 2023,Kitsap,WA,Truck,70,0,70,51734,51804,0.14
May 31 2023,Kootenai,ID,Truck,1,0,1,24,25,4.00
May 31 2023,Loudoun,VA,Passenger,2,0,2,55,57,3.51
May 31 2023,Pacific,WA,Passenger,75,89,164,15433,15597,1.05
May 31 2023,Polk,OR,Passenger,0,1,1,13,14,7.14
January 31 2023,Douglas,OR,Passenger,1,0,1,22,23,4.35
January 31 2023,Douglas,WA,Truck,5,0,5,12860,12865,0.04
January 31 2023,Duval,FL,Passenger,1,0,1,238,239,0.42
January 31 2023,Elmore,ID,Passenger,1,0,1,12,13,7.69
January 31 2023,Gwinnett,GA,Passenger,1,0,1,43,44,2.27
January 31 2023,Jefferson,WA,Passenger,495,236,731,24269,25000,2.92
January 31 2023,Kings,CA,Passenger,2,1,3,274,277,1.08
January 31 2023,Kootenai,ID,Truck,1,0,1,27,28,3.57
January 31 2023,Lake,FL,Passenger,1,0,1,16,17,5.88
January 31 2023,Lane,OR,Passenger,0,1,1,73,74,1.35
January 31 2023,Las Animas,CO,Passenger,1,0,1,0,1,100.00
January 31 2023,Okaloosa,FL,Passenger,0,1,1,93,94,1.06
January 31 2023,Pacific,WA,Truck,2,0,2,7823,7825,0.03
January 31 2023,Pulaski,AR,Passenger,3,0,3,24,27,11.11
April 30 2023,Plaquemines,LA,Passenger,1,1,2,14,16,12.50
April 30 2023,Prince George's,MD,Passenger,2,1,3,102,105,2.86
April 30 2023,Pulaski,AR,Passenger,3,0,3,22,25,12.00
April 30 2023,Randolph,NC,Passenger,1,0,1,3,4,25.00
April 30 2023,San Diego,CA,Passenger,16,9,25,1864,1889,1.32
April 30 2023,Sedgwick,KS,Passenger,1,0,1,51,52,1.92
April 30 2023,Sheridan,WY,Passenger,1,0,1,5,6,16.67
April 30 2023,St. Tammany,LA,Passenger,1,0,1,30,31,3.23
April 30 2023,Sumter,SC,Passenger,1,0,1,30,31,3.23
April 30 2023,Thurston,WA,Passenger,2920,1187,4107,189370,193477,2.12
April 30 2023,Salt Lake,UT,Passenger,0,2,2,85,87,2.30
April 30 2023,San Juan,WA,Passenger,602,173,775,13730,14505,5.34
April 30 2023,Santa Clara,CA,Passenger,8,2,10,142,152,6.58
April 30 2023,Solano,CA,Passenger,5,0,5,136,141,3.55
April 30 2023,Sonoma,CA,Passenger,1,1,2,51,53,3.77
April 30 2023,Ulster,NY,Passenger,1,0,1,4,5,20.00
April 30 2023,Vernon,LA,Passenger,1,0,1,68,69,1.45
April 30 2023,Virginia Beach,VA,Passenger,2,0,2,428,430,0.47
April 30 2023,Washington,MD,Passenger,2,0,2,13,15,13.33
April 30 2023,Wayne,NC,Passenger,1,0,1,22,23,4.35
April 30 2023,Wilson,TX,Passenger,0,1,1,2,3,33.33
May 31 2023,Arlington,VA,Passenger,1,0,1,97,98,1.02
May 31 2023,Rockingham,NH,Passenger,1,0,1,14,15,6.67
May 31 2023,Salt Lake,UT,Passenger,0,2,2,83,85,2.35
May 31 2023,Snohomish,WA,Passenger,12106,2965,15071,521081,536152,2.81
May 31 2023,Solano,CA,Passenger,5,0,5,132,137,3.65
May 31 2023,Stevens,WA,Truck,1,0,1,18483,18484,0.01
May 31 2023,Vernon,LA,Passenger,1,0,1,68,69,1.45
May 31 2023,Wahkiakum,WA,Passenger,25,17,42,2995,3037,1.38
May 31 2023,Wichita,TX,Passenger,2,0,2,27,29,6.90
April 30 2023,Snohomish,WA,Truck,145,0,145,120584,120729,0.12
April 30 2023,Wahkiakum,WA,Truck,2,0,2,1772,1774,0.11
April 30 2023,Whatcom,WA,Passenger,2321,856,3177,146523,149700,2.12
May 31 2023,Adams,WA,Passenger,25,12,37,12829,12866,0.29
May 31 2023,Arapahoe,CO,Passenger,1,1,2,64,66,3.03
May 31 2023,Bell,TX,Passenger,1,0,1,233,234,0.43
May 31 2023,Boulder,CO,Passenger,1,0,1,23,24,4.17
May 31 2023,Camden,NJ,Passenger,0,1,1,11,12,8.33
May 31 2023,Cape May,NJ,Passenger,0,1,1,7,8,12.50
January 31 2023,Rockdale,GA,Passenger,1,0,1,6,7,14.29
January 31 2023,Rockingham,NH,Passenger,1,0,1,13,14,7.14
January 31 2023,Sumter,SC,Passenger,1,1,2,29,31,6.45
January 31 2023,Thurston,WA,Passenger,2706,1145,3851,191840,195691,1.97
June 30 2023,Sedgwick,KS,Passenger,1,0,1,49,50,2.00
June 30 2023,Skagit,WA,Passenger,1093,408,1501,86180,87681,1.71
June 30 2023,Solano,CA,Passenger,5,0,5,129,134,3.73
June 30 2023,Spokane,WA,Truck,40,0,40,99087,99127,0.04
June 30 2023,St. Mary's,MD,Passenger,1,0,1,158,159,0.63
June 30 2023,Wichita,TX,Passenger,2,0,2,28,30,6.67
May 31 2023,Asotin,WA,Truck,0,0,0,6559,6559,0.00
May 31 2023,Beaufort,SC,Passenger,1,0,1,19,20,5.00
May 31 2023,Chesapeake,VA,Passenger,2,3,5,265,270,1.85
May 31 2023,Collin,TX,Passenger,1,0,1,37,38,2.63
May 31 2023,Columbia,WA,Truck,0,0,0,1540,1540,0.00
May 31 2023,Dallas,TX,Passenger,1,0,1,71,72,1.39
June 30 2023,Benton,WA,Truck,24,0,24,41773,41797,0.06
June 30 2023,Berkeley,SC,Passenger,0,1,1,85,86,1.16
June 30 2023,Contra Costa,CA,Passenger,0,3,3,180,183,1.64
March 31 2023,Pierce,WA,Passenger,6823,2618,9441,531767,541208,1.74
March 31 2023,Portsmouth,VA,Passenger,0,1,1,63,64,1.56
March 31 2023,Richmond,NY,Passenger,1,0,1,6,7,14.29
March 31 2023,Rock Island,IL,Passenger,0,1,1,14,15,6.67
March 31 2023,San Bernardino,CA,Passenger,2,1,3,261,264,1.14
March 31 2023,San Juan,WA,Truck,10,0,10,5857,5867,0.17
March 31 2023,Santa Barbara,CA,Passenger,1,0,1,63,64,1.56
March 31 2023,Santa Cruz,CA,Passenger,1,0,1,13,14,7.14
March 31 2023,Sarpy,NE,Passenger,1,0,1,46,47,2.13
March 31 2023,Skagit,WA,Passenger,1024,380,1404,88670,90074,1.56
March 31 2023,Snohomish,WA,Passenger,11285,2889,14174,527009,541183,2.62
March 31 2023,Spokane,WA,Passenger,2097,1004,3101,321303,324404,0.96
March 31 2023,St. Louis,MO,Passenger,1,0,1,50,51,1.96
May 31 2023,Champaign,IL,Passenger,1,0,1,8,9,11.11
May 31 2023,Dorchester,SC,Passenger,1,0,1,34,35,2.86
May 31 2023,Douglas,CO,Passenger,0,1,1,50,51,1.96
May 31 2023,Essex,NJ,Passenger,2,0,2,3,5,40.00
May 31 2023,Ferry,WA,Truck,0,0,0,3505,3505,0.00
May 31 2023,Franklin,WA,Passenger,297,136,433,61013,61446,0.70
May 31 2023,Harnett,NC,Passenger,3,0,3,122,125,2.40
June 30 2023,Cook,IL,Passenger,2,0,2,127,129,1.55
June 30 2023,Cumberland,NC,Passenger,1,2,3,288,291,1.03
June 30 2023,Cumberland,PA,Passenger,1,0,1,26,27,3.70
June 30 2023,Douglas,NE,Passenger,1,1,2,22,24,8.33
June 30 2023,Emmet,MI,Passenger,0,1,1,0,1,100.00
June 30 2023,Garfield,WA,Truck,0,0,0,948,948,0.00
June 30 2023,Goochland,VA,Passenger,0,1,1,23,24,4.17
June 30 2023,Grays Harbor,WA,Passenger,295,186,481,47011,47492,1.01
June 30 2023,Hamilton,OH,Passenger,1,0,1,25,26,3.85
June 30 2023,Hennepin,MN,Passenger,1,0,1,27,28,3.57
June 30 2023,Hillsborough,FL,Passenger,0,1,1,92,93,1.08
May 31 2023,Franklin,WA,Truck,4,0,4,20480,20484,0.02
May 31 2023,Grays Harbor,WA,Truck,6,0,6,20646,20652,0.03
May 31 2023,Hoke,NC,Passenger,1,0,1,54,55,1.82
May 31 2023,Kern,CA,Passenger,1,1,2,165,167,1.20
May 31 2023,Kitsap,WA,Passenger,3108,1243,4351,174041,178392,2.44
May 31 2023,Kittitas,WA,Truck,8,0,8,14314,14322,0.06
May 31 2023,Klickitat,WA,Truck,11,0,11,8130,8141,0.14
May 31 2023,Hidalgo,TX,Passenger,0,1,1,43,44,2.27
May 31 2023,Honolulu,HI,Passenger,2,3,5,237,242,2.07
May 31 2023,Howard,MD,Passenger,0,1,1,42,43,2.33
May 31 2023,Jefferson,WA,Truck,12,0,12,9211,9223,0.13
May 31 2023,Lane,OR,Passenger,0,1,1,58,59,1.69
May 31 2023,Las Animas,CO,Passenger,1,0,1,0,1,100.00
May 31 2023,Lincoln,OR,Passenger,0,1,1,12,13,7.69
May 31 2023,Lincoln,WA,Truck,0,0,0,4814,4814,0.00
April 30 2023,Adams,WA,Passenger,24,12,36,12908,12944,0.28
April 30 2023,Adams,WA,Truck,2,0,2,5258,5260,0.04
April 30 2023,Anne Arundel,MD,Passenger,5,4,9,282,291,3.09
April 30 2023,Arapahoe,CO,Passenger,1,1,2,67,69,2.90
April 30 2023,Asotin,WA,Truck,0,0,0,6588,6588,0.00
April 30 2023,Chesapeake,VA,Passenger,2,3,5,275,280,1.79
May 31 2023,Benton,WA,Truck,22,0,22,42470,42492,0.05
May 31 2023,Charleston,SC,Passenger,1,2,3,51,54,5.56
May 31 2023,Chelan,WA,Passenger,616,157,773,53535,54308,1.42
May 31 2023,Chelan,WA,Truck,29,0,29,22773,22802,0.13
May 31 2023,Clallam,WA,Passenger,532,278,810,48338,49148,1.65
May 31 2023,Clark,WA,Passenger,5615,2271,7886,309224,317110,2.49
May 31 2023,Cowlitz,WA,Passenger,453,202,655,68924,69579,0.94
May 31 2023,District of Columbia,DC,Passenger,5,0,5,142,147,3.40
May 31 2023,Fairfax,VA,Passenger,4,3,7,521,528,1.33
May 31 2023,Geary,KS,Passenger,1,0,1,65,66,1.52
May 31 2023,Goochland,VA,Passenger,0,1,1,30,31,3.23
February 28 2023,Broward,FL,Passenger,1,0,1,58,59,1.69
February 28 2023,Chelan,WA,Passenger,566,151,717,54218,54935,1.31
February 28 2023,Chelan,WA,Truck,19,0,19,23071,23090,0.08
February 28 2023,Clallam,WA,Passenger,503,271,774,49224,49998,1.55
February 28 2023,Columbia,WA,Passenger,8,1,9,2422,2431,0.37
February 28 2023,Cowlitz,WA,Passenger,426,191,617,70101,70718,0.87
February 28 2023,Fairbanks North Star,AK,Passenger,0,1,1,59,60,1.67
February 28 2023,Fairfax,VA,Passenger,5,3,8,550,558,1.43
May 31 2023,Middlesex,MA,Passenger,2,1,3,62,65,4.62
May 31 2023,Moore,NC,Passenger,0,1,1,98,99,1.01
May 31 2023,New London,CT,Passenger,1,4,5,167,172,2.91
May 31 2023,Onslow,NC,Passenger,0,1,1,133,134,0.75
May 31 2023,Orange,CA,Passenger,6,2,8,265,273,2.93
May 31 2023,Pacific,WA,Truck,3,0,3,7736,7739,0.04
May 31 2023,Pend Oreille,WA,Truck,0,0,0,5537,5537,0.00
May 31 2023,Placer,CA,Passenger,1,0,1,51,52,1.92
May 31 2023,San Juan,WA,Truck,12,0,12,5815,5827,0.21
May 31 2023,Santa Barbara,CA,Passenger,1,0,1,61,62,1.61
May 31 2023,Sarpy,NE,Passenger,1,0,1,45,46,2.17
May 31 2023,Stafford,VA,Passenger,3,1,4,68,72,5.56
May 31 2023,Hamilton,OH,Passenger,1,0,1,25,26,3.85
May 31 2023,Hawaii,HI,Passenger,1,0,1,21,22,4.55
May 31 2023,Island,WA,Passenger,1038,430,1468,60646,62114,2.36
May 31 2023,Jackson,OK,Passenger,0,1,1,30,31,3.23
May 31 2023,Leavenworth,KS,Passenger,1,1,2,94,96,2.08
May 31 2023,Mason,WA,Passenger,429,204,633,45615,46248,1.37
May 31 2023,Napa,CA,Passenger,0,1,1,10,11,9.09
May 31 2023,Riverside,CA,Passenger,6,1,7,339,346,2.02
May 31 2023,Rockdale,GA,Passenger,1,0,1,3,4,25.00
May 31 2023,San Juan,WA,Passenger,607,173,780,13633,14413,5.41
May 31 2023,Sedgwick,KS,Passenger,1,0,1,51,52,1.92
May 31 2023,St. Mary's,MD,Passenger,1,0,1,162,163,0.61
May 31 2023,Thurston,WA,Passenger,3027,1200,4227,187949,192176,2.20
May 31 2023,Thurston,WA,Truck,57,0,57,53226,53283,0.11
June 30 2023,Kittitas,WA,Passenger,346,101,447,28331,28778,1.55
June 30 2023,Lee,AL,Passenger,1,0,1,11,12,8.33
June 30 2023,Lewis,WA,Truck,7,0,7,25124,25131,0.03
June 30 2023,Los Angeles,CA,Passenger,4,4,8,532,540,1.48
June 30 2023,Maricopa,AZ,Passenger,5,3,8,509,517,1.55
June 30 2023,Mason,WA,Passenger,440,202,642,44910,45552,1.41
June 30 2023,Multnomah,OR,Passenger,0,2,2,371,373,0.54
June 30 2023,Newport,RI,Passenger,1,0,1,54,55,1.82
June 30 2023,Newport News,VA,Passenger,1,0,1,90,91,1.10
June 30 2023,Okanogan,WA,Passenger,123,62,185,25321,25506,0.73
February 28 2023,Geary,KS,Passenger,1,0,1,71,72,1.39
February 28 2023,Harrison,MS,Passenger,1,0,1,35,36,2.78
February 28 2023,Hawaii,HI,Passenger,1,0,1,23,24,4.17
February 28 2023,Island,WA,Passenger,975,412,1387,61402,62789,2.21
February 28 2023,Island,WA,Truck,20,0,20,21073,21093,0.09
February 28 2023,Klickitat,WA,Passenger,127,57,184,15114,15298,1.20
April 30 2023,DeKalb,GA,Passenger,1,0,1,37,38,2.63
April 30 2023,Doña Ana,NM,Passenger,1,0,1,8,9,11.11
April 30 2023,Emmet,MI,Passenger,0,1,1,0,1,100.00
April 30 2023,Ferry,WA,Passenger,20,4,24,4309,4333,0.55
April 30 2023,Franklin,WA,Truck,4,0,4,20682,20686,0.02
April 30 2023,Garfield,WA,Truck,0,0,0,975,975,0.00
April 30 2023,Harnett,NC,Passenger,3,0,3,125,128,2.34
April 30 2023,Hidalgo,TX,Passenger,0,1,1,46,47,2.13
April 30 2023,Hoke,NC,Passenger,1,0,1,56,57,1.75
April 30 2023,Honolulu,HI,Passenger,2,3,5,243,248,2.02
April 30 2023,Howard,MD,Passenger,0,1,1,44,45,2.22
April 30 2023,Kern,CA,Passenger,1,1,2,172,174,1.15
April 30 2023,Kitsap,WA,Passenger,3039,1227,4266,175153,179419,2.38
April 30 2023,Kittitas,WA,Truck,8,0,8,14380,14388,0.06
May 31 2023,Wayne,NC,Passenger,1,0,1,20,21,4.76
June 30 2023,Alexandria,VA,Passenger,2,2,4,84,88,4.55
June 30 2023,Clark,WA,Truck,97,0,97,78851,78948,0.12
May 31 2023,Suffolk,VA,Passenger,1,0,1,100,101,0.99
May 31 2023,Ventura,CA,Passenger,2,1,3,195,198,1.52
May 31 2023,Yakima,WA,Passenger,476,249,725,163304,164029,0.44
June 30 2023,Adams,WA,Passenger,24,12,36,12600,12636,0.28
June 30 2023,Arapahoe,CO,Passenger,1,1,2,60,62,3.23
June 30 2023,Burlington,NJ,Passenger,0,2,2,82,84,2.38
April 30 2023,Larimer,CO,Passenger,1,0,1,36,37,2.70
April 30 2023,Lee,AL,Passenger,1,0,1,11,12,8.33
April 30 2023,Nassau,NY,Passenger,1,0,1,21,22,4.55
April 30 2023,New London,CT,Passenger,1,4,5,173,178,2.81
April 30 2023,Okanogan,WA,Passenger,120,58,178,25839,26017,0.68
April 30 2023,Orange,CA,Passenger,7,2,9,274,283,3.18
April 30 2023,Polk,OR,Passenger,0,1,1,13,14,7.14
May 31 2023,Newport,RI,Passenger,1,0,1,55,56,1.79
May 31 2023,Pierce,WA,Passenger,7375,2694,10069,524126,534195,1.88
May 31 2023,Portsmouth,VA,Passenger,0,1,1,58,59,1.69
May 31 2023,San Mateo,CA,Passenger,1,0,1,51,52,1.92
May 31 2023,Sarasota,FL,Passenger,1,0,1,14,15,6.67
May 31 2023,Saratoga,NY,Passenger,1,1,2,27,29,6.90
May 31 2023,Skagit,WA,Passenger,1075,400,1475,87632,89107,1.66
May 31 2023,Stevens,WA,Passenger,110,64,174,29354,29528,0.59
May 31 2023,Wahkiakum,WA,Truck,2,0,2,1740,1742,0.11
June 30 2023,Plaquemines,LA,Passenger,1,1,2,12,14,14.29
June 30 2023,Santa Clara,CA,Passenger,8,1,9,132,141,6.38
June 30 2023,Saratoga,NY,Passenger,1,1,2,27,29,6.90
June 30 2023,Skamania,WA,Truck,1,0,1,3704,3705,0.03
June 30 2023,Snohomish,WA,Truck,173,0,173,117382,117555,0.15
June 30 2023,Wahkiakum,WA,Truck,2,0,2,1718,1720,0.12
June 30 2023,Walla Walla,WA,Truck,5,0,5,13276,13281,0.04
June 30 2023,Washington,MD,Passenger,1,0,1,12,13,7.69
June 30 2023,Whatcom,WA,Passenger,2441,863,3304,143757,147061,2.25
June 30 2023,Dallas,TX,Passenger,1,0,1,64,65,1.54
June 30 2023,Douglas,WA,Passenger,202,63,265,28046,28311,0.94
June 30 2023,Frederick,MD,Passenger,1,1,2,43,45,4.44
June 30 2023,Galveston,TX,Passenger,0,1,1,13,14,7.14
June 30 2023,Grant,WA,Passenger,275,124,399,64961,65360,0.61
June 30 2023,Grant,WA,Truck,11,0,11,27121,27132,0.04
June 30 2023,Grays Harbor,WA,Truck,7,0,7,20314,20321,0.03
June 30 2023,Alameda,CA,Passenger,3,0,3,139,142,2.11
June 30 2023,Arlington,VA,Passenger,1,0,1,96,97,1.03
June 30 2023,Asotin,WA,Truck,0,0,0,6495,6495,0.00
June 30 2023,Beaufort,SC,Passenger,1,0,1,19,20,5.00
June 30 2023,Charles,MD,Passenger,1,1,2,47,49,4.08
June 30 2023,Chelan,WA,Passenger,628,160,788,52810,53598,1.47
June 30 2023,Chesapeake,VA,Passenger,2,3,5,258,263,1.90
June 30 2023,Cape May,NJ,Passenger,0,1,1,7,8,12.50
June 30 2023,Charleston,SC,Passenger,1,2,3,47,50,6.00
June 30 2023,Clallam,WA,Passenger,539,281,820,47818,48638,1.69
June 30 2023,Clark,WA,Passenger,5768,2298,8066,304990,313056,2.58
June 30 2023,DeKalb,GA,Passenger,1,0,1,34,35,2.86
June 30 2023,District of Columbia,DC,Passenger,5,0,5,135,140,3.57
June 30 2023,Doña Ana,NM,Passenger,1,0,1,8,9,11.11
June 30 2023,Fairfax,VA,Passenger,4,3,7,508,515,1.36
June 30 2023,Ferry,WA,Passenger,22,4,26,4193,4219,0.62
June 30 2023,Geary,KS,Passenger,1,0,1,63,64,1.56
February 28 2023,Pierce,WA,Passenger,6590,2577,9167,534863,544030,1.69
February 28 2023,Pierce,WA,Truck,111,0,111,138294,138405,0.08
February 28 2023,Portsmouth,VA,Passenger,0,1,1,63,64,1.56
February 28 2023,Prince George's,MD,Passenger,3,1,4,111,115,3.48
February 28 2023,Randolph,NC,Passenger,1,0,1,4,5,20.00
February 28 2023,Richmond,NY,Passenger,1,0,1,6,7,14.29
February 28 2023,Rock Island,IL,Passenger,0,1,1,14,15,6.67
February 28 2023,San Joaquin,CA,Passenger,1,0,1,72,73,1.37
February 28 2023,San Mateo,CA,Passenger,1,0,1,60,61,1.64
February 28 2023,Skagit,WA,Passenger,985,376,1361,89035,90396,1.51
February 28 2023,Skagit,WA,Truck,13,0,13,31953,31966,0.04
February 28 2023,Spokane,WA,Passenger,2040,981,3021,323480,326501,0.93
February 28 2023,Spokane,WA,Truck,26,0,26,101711,101737,0.03
April 30 2023,Riverside,CA,Passenger,6,1,7,350,357,1.96
April 30 2023,Sacramento,CA,Passenger,4,0,4,136,140,2.86
April 30 2023,San Juan,WA,Truck,12,0,12,5861,5873,0.20
April 30 2023,Stafford,VA,Passenger,3,1,4,71,75,5.33
April 30 2023,Suffolk,VA,Passenger,1,0,1,100,101,0.99
April 30 2023,Thurston,WA,Truck,55,0,55,53665,53720,0.10
April 30 2023,Travis,TX,Passenger,1,0,1,77,78,1.28
April 30 2023,Ventura,CA,Passenger,2,1,3,200,203,1.48
April 30 2023,Walla Walla,WA,Truck,5,0,5,13609,13614,0.04
April 30 2023,Whitman,WA,Truck,4,0,4,8542,8546,0.05
April 30 2023,Williamson,TX,Passenger,0,1,1,49,50,2.00
June 30 2023,Wilson,TX,Passenger,0,1,1,2,3,33.33
June 30 2023,Middlesex,MA,Passenger,2,1,3,62,65,4.62
June 30 2023,Montgomery,MD,Passenger,2,2,4,162,166,2.41
June 30 2023,New Haven,CT,Passenger,0,2,2,20,22,9.09
June 30 2023,Onslow,NC,Passenger,0,1,1,131,132,0.76
June 30 2023,Pend Oreille,WA,Passenger,30,13,43,8652,8695,0.49
June 30 2023,Pend Oreille,WA,Truck,0,0,0,5449,5449,0.00
February 28 2023,Stevens,WA,Passenger,99,58,157,29930,30087,0.52
February 28 2023,Whatcom,WA,Truck,44,0,44,42792,42836,0.10
March 31 2023,Alexandria,VA,Passenger,3,2,5,90,95,5.26
June 30 2023,Howard,MD,Passenger,0,1,1,42,43,2.33
June 30 2023,Kitsap,WA,Passenger,3162,1275,4437,171699,176136,2.52
June 30 2023,Klickitat,WA,Truck,12,0,12,7986,7998,0.15
June 30 2023,Larimer,CO,Passenger,1,0,1,31,32,3.12
June 30 2023,Leavenworth,KS,Passenger,1,1,2,92,94,2.13
June 30 2023,Moore,NC,Passenger,0,1,1,93,94,1.06
June 30 2023,Franklin,WA,Truck,5,0,5,20126,20131,0.02
June 30 2023,Hoke,NC,Passenger,1,0,1,51,52,1.92
June 30 2023,Jackson,OK,Passenger,0,1,1,29,30,3.33
June 30 2023,Kauai,HI,Passenger,1,1,2,14,16,12.50
June 30 2023,Kern,CA,Passenger,1,1,2,159,161,1.24
June 30 2023,King,WA,Truck,722,2,724,170409,171133,0.42
June 30 2023,Kittitas,WA,Truck,8,0,8,14081,14089,0.06
June 30 2023,Lincoln,WA,Passenger,16,18,34,7464,7498,0.45
June 30 2023,Loudoun,VA,Passenger,2,0,2,54,56,3.57
May 31 2023,Adams,CO,Passenger,1,0,1,23,24,4.17
May 31 2023,Berkeley,SC,Passenger,0,1,1,89,90,1.11
May 31 2023,Broward,FL,Passenger,1,0,1,53,54,1.85
May 31 2023,Columbia,GA,Passenger,0,1,1,68,69,1.45
May 31 2023,Columbia,WA,Passenger,9,1,10,2388,2398,0.42
May 31 2023,Coryell,TX,Passenger,1,0,1,67,68,1.47
May 31 2023,Cowlitz,WA,Truck,8,0,8,27745,27753,0.03
May 31 2023,Cumberland,NC,Passenger,1,2,3,293,296,1.01
May 31 2023,Cumberland,PA,Passenger,1,0,1,30,31,3.23
June 30 2023,New London,CT,Passenger,1,4,5,165,170,2.94
June 30 2023,Portsmouth,VA,Passenger,0,1,1,57,58,1.72
June 30 2023,Salt Lake,UT,Passenger,0,2,2,77,79,2.53
June 30 2023,San Juan,WA,Truck,11,0,11,5739,5750,0.19
June 30 2023,Santa Barbara,CA,Passenger,1,0,1,59,60,1.67
June 30 2023,Sarpy,NE,Passenger,1,0,1,42,43,2.33
June 30 2023,Sonoma,CA,Passenger,1,1,2,44,46,4.35
June 30 2023,Oldham,KY,Passenger,0,1,1,3,4,25.00
June 30 2023,Orange,CA,Passenger,6,2,8,253,261,3.07
June 30 2023,Riverside,CA,Passenger,6,0,6,326,332,1.81
June 30 2023,Sacramento,CA,Passenger,5,0,5,127,132,3.79
June 30 2023,San Mateo,CA,Passenger,1,0,1,49,50,2.00
June 30 2023,Sarasota,FL,Passenger,1,0,1,14,15,6.67
June 30 2023,Stafford,VA,Passenger,3,1,4,65,69,5.80
June 30 2023,Stevens,WA,Passenger,112,67,179,28839,29018,0.62
June 30 2023,Suffolk,VA,Passenger,1,0,1,93,94,1.06
June 30 2023,Thurston,WA,Truck,60,0,60,52374,52434,0.11
June 30 2023,Travis,TX,Passenger,1,0,1,74,75,1.33
March 31 2023,Contra Costa,CA,Passenger,0,3,3,200,203,1.48
March 31 2023,Cook,IL,Passenger,2,0,2,148,150,1.33
March 31 2023,Dallas,TX,Passenger,1,0,1,75,76,1.32
March 31 2023,Denton,TX,Passenger,1,0,1,44,45,2.22
March 31 2023,Douglas,WA,Passenger,179,59,238,28569,28807,0.83
March 31 2023,Frederick,MD,Passenger,1,0,1,50,51,1.96
March 31 2023,Galveston,TX,Passenger,0,1,1,16,17,5.88
March 31 2023,Grant,WA,Passenger,254,113,367,66626,66993,0.55
March 31 2023,Grant,WA,Truck,8,0,8,27931,27939,0.03
March 31 2023,Hillsborough,FL,Passenger,0,1,1,102,103,0.97
March 31 2023,Louisa,VA,Passenger,0,1,1,1,2,50.00
March 31 2023,Montgomery,MD,Passenger,3,3,6,176,182,3.30
May 31 2023,Douglas,NE,Passenger,1,1,2,25,27,7.41
May 31 2023,Fairbanks North Star,AK,Passenger,0,1,1,48,49,2.04
May 31 2023,Grays Harbor,WA,Passenger,290,182,472,47667,48139,0.98
May 31 2023,Hamilton,OH,Truck,1,0,1,3,4,25.00
May 31 2023,Harrison,MS,Passenger,1,0,1,32,33,3.03
May 31 2023,Island,WA,Truck,29,0,29,20797,20826,0.14
May 31 2023,Jefferson,NY,Passenger,1,1,2,169,171,1.17
May 31 2023,Klickitat,WA,Passenger,144,63,207,14962,15169,1.36
May 31 2023,Lake,IL,Passenger,2,0,2,105,107,1.87
May 31 2023,Lewis,WA,Passenger,307,202,509,58023,58532,0.87
May 31 2023,Lewis,WA,Truck,7,0,7,25620,25627,0.03
June 30 2023,Placer,CA,Passenger,1,0,1,51,52,1.92
June 30 2023,San Diego,CA,Passenger,16,9,25,1742,1767,1.41
June 30 2023,Skamania,WA,Passenger,103,57,160,7766,7926,2.02
June 30 2023,St. Clair,IL,Passenger,1,0,1,91,92,1.09
June 30 2023,Walla Walla,WA,Passenger,220,109,329,34417,34746,0.95
June 30 2023,Yakima,WA,Passenger,488,253,741,160616,161357,0.46
June 30 2023,Yavapai,AZ,Passenger,1,0,1,18,19,5.26
June 30 2023,Yellowstone,MT,Passenger,0,1,1,12,13,7.69
March 31 2023,New Haven,CT,Passenger,0,2,2,22,24,8.33
March 31 2023,Pend Oreille,WA,Truck,0,0,0,5562,5562,0.00
March 31 2023,Placer,CA,Passenger,1,0,1,53,54,1.85
March 31 2023,San Diego,CA,Passenger,17,9,26,1917,1943,1.34
March 31 2023,Skamania,WA,Passenger,95,53,148,8056,8204,1.80
March 31 2023,St. Clair,IL,Passenger,2,0,2,104,106,1.89
June 30 2023,Ventura,CA,Passenger,1,1,2,189,191,1.05
June 30 2023,Vernon,LA,Passenger,1,0,1,64,65,1.54
June 30 2023,Wahkiakum,WA,Passenger,25,17,42,2973,3015,1.39
June 30 2023,Whitman,WA,Passenger,150,79,229,21512,21741,1.05
May 31 2023,Los Angeles,CA,Passenger,4,4,8,563,571,1.40
May 31 2023,Maricopa,AZ,Passenger,6,3,9,534,543,1.66
May 31 2023,Mason,WA,Truck,9,0,9,20321,20330,0.04
May 31 2023,Norfolk,VA,Passenger,3,1,4,246,250,1.60
May 31 2023,Nueces,TX,Passenger,0,1,1,49,50,2.00
May 31 2023,Pierce,WA,Truck,151,0,151,135103,135254,0.11
May 31 2023,Plaquemines,LA,Passenger,1,1,2,12,14,14.29
May 31 2023,Prince George's,MD,Passenger,2,1,3,99,102,2.94
May 31 2023,Randolph,NC,Passenger,1,0,1,3,4,25.00
May 31 2023,Ray,MO,Passenger,0,1,1,0,1,100.00
May 31 2023,Richmond,NY,Passenger,1,0,1,6,7,14.29
May 31 2023,Rock Island,IL,Passenger,0,1,1,13,14,7.14
March 31 2023,Walla Walla,WA,Passenger,210,111,321,35343,35664,0.90
March 31 2023,Yakima,WA,Passenger,454,238,692,165226,165918,0.42
March 31 2023,Yavapai,AZ,Passenger,1,0,1,22,23,4.35
March 31 2023,Yellowstone,MT,Passenger,0,1,1,14,15,6.67
April 30 2023,Benton,WA,Passenger,1089,546,1635,134517,136152,1.20
April 30 2023,Chelan,WA,Truck,26,0,26,22936,22962,0.11
April 30 2023,Columbia,WA,Passenger,8,1,9,2394,2403,0.37
April 30 2023,Columbia,WA,Truck,0,0,0,1551,1551,0.00
April 30 2023,Cowlitz,WA,Truck,8,0,8,27946,27954,0.03
May 31 2023,San Bernardino,CA,Passenger,2,1,3,246,249,1.20
May 31 2023,Santa Cruz,CA,Passenger,1,0,1,12,13,7.69
May 31 2023,Skagit,WA,Truck,19,0,19,31398,31417,0.06
May 31 2023,Snohomish,WA,Truck,162,0,162,119591,119753,0.14
May 31 2023,Spokane,WA,Truck,39,0,39,100486,100525,0.04
May 31 2023,St. Tammany,LA,Passenger,1,0,1,28,29,3.45
May 31 2023,Whatcom,WA,Truck,57,0,57,42015,42072,0.14
June 30 2023,Adams,WA,Truck,3,0,3,5116,5119,0.06
June 30 2023,Allen,IN,Passenger,1,0,1,7,8,12.50
June 30 2023,Anne Arundel,MD,Truck,1,0,1,36,37,2.70
June 30 2023,Asotin,WA,Passenger,34,21,55,12149,12204,0.45
April 30 2023,Douglas,OR,Passenger,1,0,1,22,23,4.35
April 30 2023,Douglas,WA,Truck,7,0,7,12833,12840,0.05
April 30 2023,El Paso,TX,Passenger,2,0,2,266,268,0.75
April 30 2023,Fairbanks North Star,AK,Passenger,0,1,1,51,52,1.92
April 30 2023,Geary,KS,Passenger,1,0,1,69,70,1.43
April 30 2023,Gwinnett,GA,Passenger,1,0,1,41,42,2.38
April 30 2023,Island,WA,Truck,28,0,28,20940,20968,0.13
April 30 2023,Kings,CA,Passenger,2,1,3,262,265,1.13
April 30 2023,Klickitat,WA,Truck,8,0,8,8188,8196,0.10
April 30 2023,Kootenai,ID,Truck,1,0,1,26,27,3.70
June 30 2023,Benton,OR,Passenger,1,0,1,30,31,3.23
June 30 2023,Bexar,TX,Passenger,2,1,3,320,323,0.93
June 30 2023,Carroll,MD,Passenger,0,1,1,16,17,5.88
June 30 2023,Clallam,WA,Truck,20,0,20,21144,21164,0.09
June 30 2023,El Paso,CO,Passenger,3,1,4,448,452,0.88
June 30 2023,Garfield,WA,Passenger,1,3,4,1277,1281,0.31
April 30 2023,Okaloosa,FL,Passenger,0,1,1,89,90,1.11
April 30 2023,Pacific,WA,Passenger,75,88,163,15516,15679,1.04
April 30 2023,Pierce,WA,Truck,139,0,139,136492,136631,0.10
April 30 2023,Richmond,GA,Passenger,0,1,1,56,57,1.75
April 30 2023,San Mateo,CA,Passenger,1,0,1,56,57,1.75
June 30 2023,Kent,DE,Passenger,1,0,1,41,42,2.38
June 30 2023,Kitsap,WA,Truck,76,0,76,50920,50996,0.15
June 30 2023,Lake,IL,Passenger,3,0,3,102,105,2.86
June 30 2023,Lewis,WA,Passenger,322,202,524,57365,57889,0.91
June 30 2023,Madison,IL,Passenger,1,0,1,14,15,6.67
June 30 2023,Marin,CA,Passenger,0,1,1,28,29,3.45
April 30 2023,Skagit,WA,Truck,18,0,18,31681,31699,0.06
April 30 2023,Spokane,WA,Truck,34,0,34,100984,101018,0.03
April 30 2023,Stevens,WA,Truck,1,0,1,18623,18624,0.01
April 30 2023,Whatcom,WA,Truck,52,0,52,42408,42460,0.12
April 30 2023,Wichita,TX,Passenger,2,0,2,28,30,6.67
May 31 2023,Alexandria,VA,Passenger,3,2,5,87,92,5.43
May 31 2023,Burlington,NJ,Passenger,0,2,2,85,87,2.30
May 31 2023,Calvert,MD,Passenger,1,1,2,69,71,2.82
May 31 2023,Contra Costa,CA,Passenger,0,3,3,183,186,1.61
May 31 2023,Cook,IL,Passenger,2,0,2,131,133,1.50
May 31 2023,DeKalb,GA,Passenger,1,0,1,36,37,2.70
May 31 2023,Doña Ana,NM,Passenger,1,0,1,8,9,11.11
June 30 2023,Nueces,TX,Passenger,1,1,2,47,49,4.08
June 30 2023,Okanogan,WA,Truck,7,0,7,15897,15904,0.04
June 30 2023,Platte,MO,Passenger,1,0,1,16,17,5.88
June 30 2023,Polk,OR,Passenger,0,1,1,13,14,7.14
June 30 2023,Prince George's,MD,Passenger,3,1,4,96,100,4.00
June 30 2023,Rock Island,IL,Passenger,0,1,1,13,14,7.14
June 30 2023,San Bernardino,CA,Passenger,2,1,3,241,244,1.23
June 30 2023,Sheridan,WY,Passenger,1,0,1,4,5,20.00
June 30 2023,Snohomish,WA,Passenger,12401,3009,15410,513621,529031,2.91
June 30 2023,Spokane,WA,Passenger,2261,1085,3346,314720,318066,1.05
June 30 2023,St. Louis,MO,Passenger,1,0,1,44,45,2.22
June 30 2023,St. Tammany,LA,Passenger,1,0,1,28,29,3.45
June 30 2023,Ulster,NY,Passenger,1,0,1,4,5,20.00
May 31 2023,Ferry,WA,Passenger,21,4,25,4265,4290,0.58
May 31 2023,Galveston,TX,Passenger,0,1,1,15,16,6.25
May 31 2023,Grant,WA,Truck,10,0,10,27528,27538,0.04
May 31 2023,Hennepin,MN,Passenger,1,0,1,27,28,3.57
May 31 2023,Hillsborough,FL,Passenger,0,1,1,94,95,1.05
May 31 2023,Kittitas,WA,Passenger,340,100,440,28904,29344,1.50
May 31 2023,Larimer,CO,Passenger,1,0,1,33,34,2.94
May 31 2023,Lee,AL,Passenger,1,0,1,11,12,8.33
May 31 2023,Montgomery,MD,Passenger,3,2,5,171,176,2.84
May 31 2023,Multnomah,OR,Passenger,0,2,2,390,392,0.51
May 31 2023,Nassau,NY,Passenger,1,0,1,21,22,4.55
May 31 2023,New Haven,CT,Passenger,0,2,2,21,23,8.70
May 31 2023,Newport News,VA,Passenger,1,0,1,92,93,1.08
May 31 2023,Okanogan,WA,Passenger,124,62,186,25732,25918,0.72
May 31 2023,Oldham,KY,Passenger,0,1,1,3,4,25.00
June 30 2023,Whitman,WA,Truck,4,0,4,8400,8404,0.05
June 30 2023,Williamson,TX,Passenger,0,1,1,40,41,2.44
May 31 2023,Sacramento,CA,Passenger,4,0,4,131,135,2.96
May 31 2023,Santa Clara,CA,Passenger,8,1,9,138,147,6.12
May 31 2023,Skamania,WA,Truck,1,0,1,3770,3771,0.03
May 31 2023,St. Clair,IL,Passenger,1,0,1,95,96,1.04
May 31 2023,Travis,TX,Passenger,1,0,1,76,77,1.30
May 31 2023,Walla Walla,WA,Passenger,216,114,330,34937,35267,0.94
May 31 2023,Walla Walla,WA,Truck,5,0,5,13537,13542,0.04
May 31 2023,Whitman,WA,Passenger,144,76,220,21738,21958,1.00
May 31 2023,Yakima,WA,Truck,12,0,12,59981,59993,0.02
June 30 2023,,,Passenger,3,0,3,287,290,1.03
June 30 2023,Boulder,CO,Passenger,1,0,1,22,23,4.35
June 30 2023,Camden,NJ,Passenger,0,1,1,11,12,8.33
June 30 2023,Clark,NV,Passenger,3,3,6,340,346,1.73
June 30 2023,Collin,TX,Passenger,1,0,1,34,35,2.86
June 30 2023,Columbia,WA,Truck,0,0,0,1517,1517,0.00
June 30 2023,Douglas,WA,Truck,5,0,5,12617,12622,0.04
June 30 2023,Elmore,ID,Passenger,1,0,1,9,10,10.00
June 30 2023,Gwinnett,GA,Passenger,1,0,1,36,37,2.70
June 30 2023,Jefferson,WA,Passenger,558,258,816,23774,24590,3.32
June 30 2023,Kings,CA,Passenger,2,1,3,240,243,1.23
June 30 2023,Kootenai,ID,Truck,1,0,1,22,23,4.35
June 30 2023,Lane,OR,Passenger,0,1,1,53,54,1.85
June 30 2023,Las Animas,CO,Passenger,1,0,1,0,1,100.00
June 30 2023,Pacific,WA,Truck,4,0,4,7614,7618,0.05
June 30 2023,Pulaski,AR,Passenger,3,0,3,18,21,14.29
June 30 2023,Rockdale,GA,Passenger,1,0,1,3,4,25.00
June 30 2023,Rockingham,NH,Passenger,1,0,1,12,13,7.69
June 30 2023,Stevens,WA,Truck,1,0,1,18164,18165,0.01
June 30 2023,Sumter,SC,Passenger,1,0,1,29,30,3.33
June 30 2023,Thurston,WA,Passenger,3062,1210,4272,185209,189481,2.25
